!  Star 30.11540.16                        RA  05 51 22.483   DEC  -69 53 51.86
#  346 observations from the production databases
#  Field inception date: 50235.0833
#  Pixel coordinate system: none
#
#  Template         magnitude        chip coordinates        west-chunk
#     Red:            -9.256         1083.98,  220.69             17
#    Blue:            -8.975         1069.96,  202.37             91
#
!         Date    Obsid    Pier    Exposure     Checklist      Airmass             rMag   rErr  rDS rTF rCP rX2 rMP rCR  rA  rXpix  rYpix  rSky  rFWHM  rTobs r    bMag   bErr  bDS bTF bCP bX2 bMP bCR  bA  bXpix  bYpix  bSky  bFWHM  bTobs b  
    48917.7148     1495    West         300       0x101bf       1.2213           -9.526  0.001    0   1   0 232 130   0   3    -99    -99  3947  3.334  13492 1  -9.308  0.002    0   1   0 233 142   0  12    -99    -99  3816  3.543  13492 1  
    48919.7177     1563    West         300       0x101bf       1.2179           -9.475  0.003    0   1   0 154   0   0   3    -99    -99  7274  3.155  13492 1  -9.247  0.003    0   1   0 152   0   0  12    -99    -99  7230  3.301  13492 1  
    48927.6596     1641    West         300       0x101bf       1.2406           -9.253  9.999    0   7   0 149   0   0   3    -99    -99  4295  4.415  13492 1  -9.122  0.002    0   3   0 132 229   0  12    -99    -99  3972  4.318  13492 1  
    48928.7485     1711    West         300       0x101bf       1.2253           -9.283  9.999    0   7   0 146   0   0   3    -99    -99  5460  4.580  13492 1  -8.972  9.999    0   5 255 163   0   0  12    -99    -99  6596  4.879  13492 1  
    48929.6400     1758    West         300       0x101bf       1.2556           -9.331  0.002    0   3   0 204 170   0   3    -99    -99  4177  3.260  13492 1  -9.195  0.002    0   1   0 253   0   0  12    -99    -99  4317  3.300  13492 1  
    48931.6939     1852    West         300       0x101bf       1.2157           -9.394  0.002    0   3   0 161 217   0   3    -99    -99  3597  3.436  13492 1  -9.289  0.001    0   3   0 178 161   0  12    -99    -99  3457  3.498  13492 1  
    48938.7024     1998    West         300       0x101bf       1.2172           -9.283  9.999    0   7   0 145   0   0   3    -99    -99 14595  4.508  13492 1  -8.976  9.999    0   5 255  96   0   0  12    -99    -99 14167  4.746  13492 1  
    48966.6847     2290    West         300       0x101bf       1.2612           -9.263  9.999    0   7   0 108   0   0   3    -99    -99 12232  4.045  13492 1  -8.762  0.005    0   3   0 109 199   0  12    -99    -99 12682  4.203  13492 1  
    48996.6391     2594    West         300       0x101bf       1.3193           -9.268  9.999    0   5 255 116   0   0   3    -99    -99 10047  3.602  13492 1  -9.177  0.003    0  41   0 140 103   0  12    -99    -99 12533  3.562  13492 1  
    49016.7157     3132    East         300       0x101bf       1.7901           -9.243  9.999    0   7   0 135   0   0   7    -99    -99  1918  4.971  13492 1  -8.951  9.999    0  45 255 173   0   0   8    -99    -99  1460  5.333  13492 1  
    49033.7547     3485    East         300       0x101bf       2.4123           -9.281  9.999    0   5 255 119   0   0   7    -99    -99  3421  4.063  13492 1     -99    -99  999 999 999 999 999 999  -1    -99    -99   -99    -99      0 0  
    49037.5745     3554    East         300       0x101bf       1.4345           -9.157  0.004    0   3 255 124 247   0   7    -99    -99  2312  3.183  13492 1  -8.929  0.002    0   1   0 169   0   0   8    -99    -99  1676  3.286  13492 1  
    49042.4685     3625    East         300       0x101bf       1.2488           -9.613  0.001    0   1   0 233  83   0   7    -99    -99  2548  2.884  13492 1  -9.604  0.001    0   1   0 253   0   0   8    -99    -99  1769  3.039  13492 1  
    49043.7277     3737    East         300       0x101bf       2.4211           -9.272  9.999    0   7   0 172   0   0   7    -99    -99  3067  3.916  13492 1  -9.589  0.002    0   1   0 232 140   0   8    -99    -99  2023  4.246  13492 1  
    49068.6533     4510    East         300       0x101bf       2.3610           -9.269  9.999    0   7   0 110   0   0   7    -99    -99  2895  3.581  13492 1  -8.872  0.003    0   1   0 221   0   0   8    -99    -99  2076  3.911  13492 1  
    49095.5767     5425    East         300       0x101bf       2.3344           -9.380  0.002    0   1   0 214   0   0   7    -99    -99  2899  2.722  13492 1  -9.096  0.002    0   1   0 196   0   0   8    -99    -99  2455  2.946  13492 1  
    49097.6280     5618    East         300       0x101bf       2.8759           -9.304  0.002    0   1   0 151 131   0   7    -99    -99  3408  2.988  13492 1  -8.995  0.003    0   1   0 217   0   0   8    -99    -99  2502  3.282  13492 1  
    49111.5868     6323    East         300       0x101bf       2.8414           -9.274  9.999    0   7   0  97   0   0   7    -99    -99 16348  5.288  13492 1  -8.949  9.999    0   5 255 100   0   0   8    -99    -99 24954  5.681  13492 1  
    49120.5328     6739    East         300       0x101bf       2.5503           -9.306  9.999    0   7   0  97   0   0   7    -99    -99  3606  9.273  13492 1  -8.933  9.999    0   7   0  97   0   0   8    -99    -99  2589  9.360  13492 1  
    49124.5497     7067    East         300       0x101bf       2.8225           -9.282  9.999    0   7   0 100   0   0   7    -99    -99  4060  5.800  13492 1  -8.961  9.999    0   7   0 102   0   0   8    -99    -99  2783  6.182  13492 1  
    49125.5222     7166    East         300       0x101bf       2.5850           -9.264  9.999    0   5 255 169   0   0   7    -99    -99  3379  3.218  13492 1  -9.325  0.002    0   1   0 205  82   0   8    -99    -99  2327  3.499  13492 1  
    49134.5264     7691    East         300       0x101bf       2.8663           -9.272  9.999    0   7   0 143   0   0   7    -99    -99  4800  3.564  13492 1  -9.055  0.003    0   1   0 137 170   0   8    -99    -99  2695  3.914  13492 1  
    49143.5010     8063    East         300       0x101bf       2.8591           -9.268  9.999    0   7   0  94   0   0   7    -99    -99 22361  4.821  13492 1  -8.933  9.999    0   7   0 112   0   0   8    -99    -99 20504  5.282  13492 1  
    49164.8310     9121    West         300       0x101bf       1.7629           -9.279  9.999    0   7   0  97   0   0   3    -99    -99  3193  5.265  13492 1  -8.968  9.999    0   7   0 102   0   0  12    -99    -99  2493  5.562  13492 1  
    49184.7861     9918    West         300       0x101bf       1.7109           -9.259  9.999    0   7   0 218   0   0   3    -99    -99  3043  3.595  13492 1  -9.651  0.002    0   1   0 224  97   0  12    -99    -99  2445  3.557  13492 1  
    49189.8031    10267    West         300       0x101bf       1.5694           -9.260  9.999    0   5 255 192   0   0   3    -99    -99  2518  3.700  13492 1  -9.437  0.002    0   1   0 193 129   0  12    -99    -99  2058  3.643  13492 1  
    49208.7233    10958    West         300       0x101bf       1.6990           -9.258  9.999    0   7   0  95   0   0   3    -99    -99  7334  5.303  13492 1  -8.961  9.999    0   7   0  73   0   0  12    -99    -99  7054  5.485  13492 1  
    49211.7985    11213    West         300       0x101bf       1.3877           -9.256  9.999    0   7   0 135   0   0   3    -99    -99  2349  5.129  13492 1  -8.964  9.999    0   7   0 101   0   0  12    -99    -99  1840  5.292  13492 1  
    49255.6617    12266    West         300       0x101bf       1.4361           -9.638  0.002    0   1   0 214 121   0   3    -99    -99  5030  3.142  13492 1  -9.572  0.002    0   1   0 222   0   0  12    -99    -99  5337  3.225  13492 1  
    49257.7411    12431    West         300       0x101bf       1.2593           -9.622  0.001    0   1   0 222   0   0   3    -99    -99  3442  2.558  13492 1  -9.486  0.002    0   1   0 248   0   0  12    -99    -99  3979  2.521  13492 1  
    49268.6503    12715    West         300       0x101bf       1.3695           -9.255  9.999    0   7   0 138   0   0   3    -99    -99  2756  4.065  13492 1  -9.162  0.002    0   1   0 164 150   0  12    -99    -99  2895  3.753  13492 1  
    49273.6475    12890    West         300       0x101bf       1.3442           -9.237  0.002    0   1   0 213  85   0   3    -99    -99  2309  2.972  13492 1  -8.950  0.002    0   1   0 204   0   0  12    -99    -99  2433  2.881  13492 1  
    49283.6548    13106    West         300       0x101bf       1.2797           -9.491  0.001    0   1   0 237  64   0   3    -99    -99  1945  2.874  13492 1  -9.459  0.001    0   1   0 192   0   0  12    -99    -99  2123  2.644  13492 1  
    49291.6025    13356    West         300       0x101bf       1.3346           -9.256  9.999    0   7   0 103   0   0   3    -99    -99 10136  4.418  13492 1  -9.512  0.003    0   3 255 166 231   0  12    -99    -99 12911  3.968  13492 1  
    49307.7138    13492    West         300       0x101bf       1.2262           -9.254  0.002    0   1   0 227   0   0   3    -99    -99  1967  2.801  13492 1  -8.975  0.002    0   1   0 189   0   0  12    -99    -99  1841  2.684  13492 1  
    49312.6857    13660    West         300       0x101bf       1.2193           -9.249  9.999    0   7   0 129   0   0   3    -99    -99  2265  3.648  13492 1  -8.898  0.002    0   3   0 132 201   0  12    -99    -99  1714  3.957  13492 1  
    49317.6764    13847    West         300       0x101bf       1.2210           -9.351  0.002    0   3   0 163 155   0   3    -99    -99  4293  3.291  13492 1  -9.297  0.002    0   1   0 147   0   0  12    -99    -99  5502  3.521  13492 1  
    49376.5762    14054    West         300       0x101bf       1.2789           -9.247  0.002    0   1   0 186   0   0   3    -99    -99  5946  2.494  13492 1  -8.986  0.002    0   1   0 153   0   0  12    -99    -99  5750  2.573  13492 1  
    49380.7434    14245    East         300       0x101bf       1.9386           -9.249  9.999    0   7   0 118   0   0   7    -99    -99 17987  4.029  13492 1  -8.802  0.007    0   1   0 109   0   0   8    -99    -99 23565  4.234  13492 1  
    49398.7125    14560    East         300       0x0013f       2.0629              -99    -99  999 999 999 999 999 999   7    -99    -99  3375  3.071  13492 0  -9.498  0.002    0   1   0 166   0   0   8    -99    -99  2452  3.241  13492 1  
    49405.7521    14718    East         300       0x100bf       2.5599              -99    -99  999 999 999 999 999 999  -1    -99    -99   -99    -99      0 0  -9.266  0.003    0   3   0 131 190   0   8    -99    -99  2887  4.586  13492 1  
    49406.7727    14763    East         300       0x101bf       2.7898              -99    -99  999 999 999 999 999 999   7    -99    -99  4855  3.655  13492 0  -9.181  0.003    0   1   0 153  86   0   8    -99    -99  3236  3.972  13492 1  
    49409.7395    14849    East         300       0x100bf       2.5434              -99    -99  999 999 999 999 999 999  -1    -99    -99   -99    -99      0 0  -9.014  0.007    1   1   0 135 103   0   8    -99    -99 36100  4.248  13492 1  
    49412.4123    14908    East         300       0x101bf       2.0141              -99    -99  999 999 999 999 999 999   7    -99    -99  8080  3.745  13492 0  -8.921  0.004    0   3   0 139 162   0   8    -99    -99 10746  3.920  13492 1  
    49413.7736    14965    East         300       0x101bf       2.9942              -99    -99  999 999 999 999 999 999   7    -99    -99  9451  5.438  13492 0  -8.959  9.999    0   5 255 181   0   0   8    -99    -99  9631  5.876  13492 1  
    49424.6141    15194    East         300       0x101bf       1.8827              -99    -99  999 999 999 999 999 999   7    -99    -99  3800  4.165  13492 0  -9.627  0.002    0   1   0 176 148   0   8    -99    -99  2724  4.344  13492 1  
    49428.7128    15419    East         300       0x101bf       2.7999              -99    -99  999 999 999 999 999 999   7    -99    -99  2918  4.756  13492 0  -9.469  0.004    0   3   1 141 223   0   8    -99    -99  2878  5.246  13492 1  
    49436.6674    15666    East         300       0x101bf       2.5653              -99    -99  999 999 999 999 999 999   7    -99    -99 13503  3.195  13492 0  -9.370  0.003    0   1   0 157   0   0   8    -99    -99 20780  3.551  13492 1  
    49446.6492    15933    East         300       0x001bf       2.6541           -9.260  9.999    0   7   0 118   0   0   7    -99    -99  4190  4.230  13492 1  -8.948  0.004    0   3   0 133 190   0   8    -99    -99  3836  4.579  13492 1  
    49450.6673    16222    East         300       0x101bf       2.9462           -9.268  9.999    0   5 255 108   0   0   7    -99    -99  4267  3.682  13492 1  -8.867  0.004    0   1   0 133 114   0   8    -99    -99  3750  4.157  13492 1  
    49456.6577    16423    East         300       0x101bf       3.0142           -9.264  9.999    0   5 255 151   0   0   7    -99    -99  4133  3.448  13492 1  -9.431  0.002    0   1   0 173 154   0   8    -99    -99  2899  3.878  13492 1  
    49466.5994    16938    East         300       0x101bf       2.6969           -9.264  9.999    0   5 255 113   0   0   7    -99    -99 14607  3.464  13492 1  -9.446  0.003    0   1   0 154 123   0   8    -99    -99 25826  3.844  13492 1  
    49483.5551    17658    East         300       0x101bf       2.7232           -9.262  9.999    0   7   0 141   0   0   7    -99    -99  3665  3.791  13492 1  -8.904  0.003    0   3   0 142 172   0   8    -99    -99  2556  4.190  13492 1  
    49489.5487    18162    East         300       0x101bf       2.8235           -9.263  9.999    0   7   0  86   0   0   7    -99    -99  3896  8.028  13492 1     -99    -99  999 999 999 999 999 999  -1    -99    -99   -99    -99      0 0  
    49512.4988    18950    East         300       0x101bf       2.9557           -9.249  9.999    0   7   0 108   0   0   7    -99    -99  2590  5.622  13492 1  -8.953  9.999    0   7   0 112   0   0   8    -99    -99  2288  6.017  13492 1  
    49539.8112    20326    West         300       0x001bf       1.7256           -9.266  9.999    0   7   0 133   0   0   3    -99    -99  3003  6.294  13492 1  -8.969  9.999    0   7   0  62   0   0  12    -99    -99  1702  5.874  13492 1  
    49549.7512    20935    West         300       0x101bf       1.9149           -9.272  9.999    0   7   0  91   0   0   3    -99    -99  3002  6.138  13492 1  -8.965  9.999    0   5 255 166   0   0  12    -99    -99  2247  6.059  13492 1  
    49554.7462    21236    West         300       0x101bf       1.8602           -9.270  9.999    0   7   0  90   0   0   3    -99    -99 15022  4.171  13492 1  -8.791  0.006    0   1   0  93 158   0  12    -99    -99 14366  4.113  13492 1  
    49567.8017    22023    West         300       0x101bf       1.4506           -9.657  0.002    0   3   0 174 161   0   3    -99    -99  2525  3.231  13492 1  -9.542  0.002    0   1   0 134   0   0  12    -99    -99  2119  3.202  13492 1  
    49577.7007    22626    West         300       0x101bf       1.7614           -9.258  9.999    0   7   0 104   0   0   3    -99    -99  2608  6.559  13492 1  -8.967  9.999    0   7   0  52   0   0  12    -99    -99  2296  6.606  13492 1  
    49580.7325    22884    West         300       0x101bf       1.5721           -9.495  0.002    0   1   0 158   0   0   3    -99    -99  2902  2.635  13492 1  -9.278  0.002    0   1   0 142   0   0  12    -99    -99  3030  2.693  13492 1  
    49592.7734    23545    West         300       0x101bf       1.3443           -9.262  9.999    0   5 255  83   0   0   3    -99    -99  6108  3.980  13492 1  -9.112  0.004    0   1   0 122  91   0  12    -99    -99  5422  4.059  13492 1  
    49610.7010    24434    West         300       0x101bf       1.4017           -9.268  9.999    0   5 255 145   0   0   3    -99    -99  3873  3.880  13492 1  -9.339  0.002    0   1   0 131   0   0  12    -99    -99  3968  3.793  13492 1  
    49618.7074    24872    West         300       0x101bf       1.3334           -9.264  9.999    0   7   0 112   0   0   3    -99    -99  5145  4.260  13492 1  -8.959  0.004    0   1   0 110 148   0  12    -99    -99  6210  4.220  13492 1  
    49634.6765    25508    West         300       0x101bf       1.3083           -9.774  0.002    0   1 255 184 211   0  -1    -99    -99   -99    -99      0 1     -99    -99  999 999 999 999 999 999  -1    -99    -99   -99    -99      0 0  
    49648.6465    26031    West         300       0x101bf       1.2938           -9.508  0.002    0   1 255 167 217   0   3    -99    -99  4838  2.094  13492 1     -99    -99  999 999 999 999 999 999  -1    -99    -99   -99    -99      0 0  
    49666.6582    26361    West         300       0x101bf       1.2254           -9.659  0.001    0   1   0 184   0   0   3    -99    -99  1677  2.355  13492 1  -9.698  0.002    0   1 255 197 213   0  12    -99    -99  1724  2.295  13492 1  
    49690.7194    26830    West         300       0x101bf       1.2841           -9.133  0.002    0   1   0 243   0   0   3    -99    -99  2506  2.244  13492 1  -8.846  0.002    0   1   0 207   0   0  12    -99    -99  1913  2.155  13492 1  
    49692.5298    26904    West         300       0x101bf       1.2882           -9.034  0.002    0   3   0 165 163   0   3    -99    -99  2071  3.042  13492 1  -8.770  0.002    0   1   0 109   0   0  12    -99    -99  2245  2.855  13492 1  
    49695.7170    27010    West         300       0x101bf       1.3030           -9.262  9.999    0   7   0 138   0   0   3    -99    -99  2267  4.465  13492 1  -8.799  0.004    0   3   0 127 228   0  12    -99    -99  1755  4.603  13492 1  
    49696.7297    27068    West         300       0x101bf       1.3328           -9.055  0.002    0   1   0 171 126   0   3    -99    -99  5911  3.099  13492 1  -8.905  0.002    0   1   0 180   0   0  12    -99    -99  3813  3.255  13492 1  
    49697.5263    27083    West         300       0x101bf       1.2728           -9.146  0.002    0   1   0 147   0   0   3    -99    -99  4444  2.524  13492 1  -9.031  0.002    0   1   0 131   0   0  12    -99    -99  5530  2.393  13492 1  
    49697.7286    27127    West         300       0x101bf       1.3362           -9.166  0.002    0   1   0 205   0   0   3    -99    -99  4737  2.330  13492 1  -9.071  0.002    0   1   0 207   0   0  12    -99    -99  3204  2.350  13492 1  
    49700.7315    27240    West         300       0x101bf       1.3613           -9.267  9.999    0   7   0 114   0   0   3    -99    -99 11310  4.685  13492 1  -9.626  0.003    0   3   0 146 212   0  12    -99    -99  4869  4.764  13492 1  
    49705.4977    27391    West         300       0x101bf       1.2829           -9.669  0.002    0   1   0 137  63   0   3    -99    -99 10075  2.989  13492 1  -9.575  0.002    0   1   0 138   0   0  12    -99    -99 10105  3.024  13492 1  
    49716.6639    27475    West         300       0x101bf       1.3106           -9.278  9.999    0   7   0 132   0   0   3    -99    -99  2000  4.591  13492 1  -9.327  0.002    0   3   0 151 204   0  12    -99    -99  1565  4.586  13492 1  
    49728.6667    27627    East         300       0x101bf       1.3902           -9.289  0.001    0   1   0 234   0   0   7    -99    -99  2176  2.204  13492 1  -9.165  0.002    0   1   0 194   0   0   8    -99    -99  1515  2.220  13492 1  
    49730.7445    27740    East         300       0x101bf       1.7046           -9.285  9.999    0   7   0 120   0   0   7    -99    -99 10932  3.487  13492 1  -9.238  0.002    0   1   0 154   0   0   8    -99    -99  4280  3.707  13492 1  
    49740.5170    27823    West         300       0x101bf       1.2202           -9.284  9.999    0   5 255 110   0   0   3    -99    -99  2487  3.677  13492 1  -9.461  0.002    0   3   0 139 165   0  12    -99    -99  1702  3.811  13492 1  
    49742.5773    27917    East         300       0x101bf       1.2829           -9.546  0.002    0   3   0 184 183   0   7    -99    -99  2875  3.160  13492 1  -9.383  0.002    0   1   0 161   0   0   8    -99    -99  1716  3.240  13492 1  
    49748.4954    28102    East         300       0x101bf       1.2187           -9.271  9.999    0   7   0 106   0   0   7    -99    -99  2421  4.393  13492 1  -9.355  0.003    0   3   0 105 229   0   8    -99    -99  1875  4.541  13492 1  
    49749.6717    28163    East         300       0x101bf       1.6057           -9.545  0.002    0   3   0 180 214   0   7    -99    -99  2032  3.302  13492 1  -9.318  0.002    0   1   0 179   0   0   8    -99    -99  1569  3.478  13492 1  
    49751.7357    28240    East         300       0x101bf       1.9931           -9.267  9.999    0   7   0 110   0   0   7    -99    -99  2471  4.694  13492 1  -9.248  0.003    0   3   0 201 224   0   8    -99    -99  1854  4.979  13492 1  
    49755.5870    28356    East         300       0x101bf       1.3748           -9.342  0.001    0   1   0 199   0   0   7    -99    -99  1702  2.686  13492 1  -9.062  0.002    0   1   0 159   0   0   8    -99    -99  1379  2.706  13492 1  
    49760.6553    28461    East         300       0x101bf       1.6689           -9.140  0.002    0   1   0 142   0   0   7    -99    -99  6691  2.606  13492 1  -8.850  0.002    0   1   0 157   0   0   8    -99    -99  6237  2.718  13492 1  
    49765.7556    28601    East         300       0x101bf       2.4632           -9.268  9.999    0   7   0 123   0   0   7    -99    -99 10026  4.177  13492 1  -8.845  0.006    0   3   0 100 206   0   8    -99    -99 18587  4.537  13492 1  
    49768.7512    28662    East         300       0x101bf       2.4977           -9.270  9.999    0   7   0 106   0   0   7    -99    -99  5916  4.645  13492 1  -8.954  9.999    0   7   0 120   0   0   8    -99    -99  7257  5.017  13492 1  
    49787.6459    28793    East         300       0x101bf       2.0532           -9.265  9.999    0   5 255 160   0   0   7    -99    -99  2244  3.854  13492 1  -9.281  0.002    0   1   0 157  96   0   8    -99    -99  1795  4.045  13492 1  
    49789.6528    28918    East         300       0x101bf       2.1463           -9.281  9.999    0   7   0 111   0   0   7    -99    -99  6217  3.536  13492 1  -9.174  0.003    0   1   0 136   0   0   8    -99    -99  6630  3.790  13492 1  
    49791.6350    29010    East         300       0x101bf       2.0536           -9.273  9.999    0   5 255 137   0   0   7    -99    -99 10415  4.021  13492 1  -9.077  0.005    0   1   0 112 136   0   8    -99    -99 18148  4.337  13492 1  
    49795.6705    29143    East         300       0x101bf       2.4339           -9.147  0.002    0   3   0 147 169   0   7    -99    -99  9480  3.091  13492 1  -8.909  0.004    0   1   0 120   0   0   8    -99    -99 14112  3.351  13492 1  
    49799.6668    29304    East         300       0x101bf       2.5005           -9.270  9.999    0   7   0 106   0   0   7    -99    -99  3806  5.963  13492 1  -8.953  9.999    0   7   0 137   0   0   8    -99    -99  3459  6.201  13492 1  
    49802.6003    29479    East         300       0x101bf       2.0202           -9.362  0.002    0   1   0 187   0   0   7    -99    -99  2393  2.979  13492 1  -9.301  0.002    0   1   0 251   1   0   8    -99    -99  1936  3.171  13492 1  
    49805.6083    29583    East         300       0x101bf       2.1399           -9.277  9.999    0   7   0 172   0   0   7    -99    -99  2632  3.650  13492 1  -9.762  0.002    0   1   0 179  94   0   8    -99    -99  2000  3.899  13492 1  
    49807.6103    29692    East         300       0x101bf       2.1986           -9.268  9.999    0   7   0 183   0   0   7    -99    -99  2363  3.475  13492 1  -9.617  0.002    0   1   0 182   0   0   8    -99    -99  1882  3.681  13492 1  
    49808.6824    29782    East         300       0x101bf       2.8982           -9.269  9.999    0   7   0  99   0   0   7    -99    -99  2488  7.875  13492 1  -8.946  9.999    0   7   0  88   0   0   8    -99    -99  2106  8.303  13492 1  
    49810.6719    29913    East         300       0x101af       2.8468           -9.280  9.999    0   7   0 120   0   0   7    -99    -99  2570  4.044  13492 1  -9.525  0.002    0   3   0 156 178   0   8    -99    -99  2254  4.382  13492 1  
    49818.6104    30070    East         300       0x101bf       2.4593           -9.587  0.002    0   1   0 175  71   0   7    -99    -99  6728  2.910  13492 1  -9.388  0.002    0   1   0 151   0   0   8    -99    -99  9281  3.134  13492 1  
    49819.6353    30149    East         300       0x101bf       2.7254           -9.543  0.009    0   1   0 121   1   0   7    -99    -99 27349  3.443  13492 1  -9.341  0.013  -37   1   0  95   0   0   8    -99    -99 23627  3.756  13492 1  
    49825.6263    30276    East         300       0x101bf       2.7995           -9.259  9.999    0   7   0  97   0   0   7    -99    -99 14022  7.913  13492 1  -8.922  9.999    0   7   0 112   0   0   8    -99    -99 11774  8.175  13492 1  
    49832.5519    30585    East         300       0x101bf       2.2796           -8.917  0.002    0   1   0 162   0   0   7    -99    -99  2336  2.389  13492 1  -8.677  0.002    0   1   0 166   0   0   8    -99    -99  2017  2.579  13492 1  
    49843.5554    30850    East         300       0x101bf       2.5839           -9.270  9.999    0   7   0 115   0   0   7    -99    -99  4337  3.910  13492 1  -9.595  0.002    0   3   0 161 171   0   8    -99    -99  2533  4.249  13492 1  
    49873.4644    31562    East         300       0x101bf       2.4976           -9.258  9.999    0   7   0 184   0   0   7    -99    -99  4789  4.054  13492 1  -9.568  0.005    0   3 255 201 244   0   8    -99    -99  3569  4.322  13492 1  
    49888.4279    32025    East         300       0x101bf       2.5401           -9.267  9.999    0   7   0  98   0   0   7    -99    -99  3723  9.352  13492 1  -8.957  9.999    0   7   0  96   0   0   8    -99    -99  2351  9.988  13492 1  
    49927.7394    33624    West         300       0x001bf       1.7760           -9.388  0.002    0   3   0 132 164   0   3    -99    -99  3469  3.787  13492 1  -9.154  0.003    0   1   0 109   0   0  12    -99    -99  2133  3.919  13492 1  
    49933.7156    34021    West         300       0x101bf       1.8183           -9.220  0.002    0   1   0 156 133   0   3    -99    -99  2414  3.544  13492 1  -9.055  0.002    0   1   0 137   0   0  12    -99    -99  1651  3.588  13492 1  
    49936.6934    34173    West         300       0x101bf       1.9028           -9.266  9.999    0   7   0 102   0   0   3    -99    -99  6211  4.514  13492 1  -9.159  0.004    0   3   0 112 214   0  12    -99    -99  5627  4.641  13492 1  
    49938.8189    34415    West         300       0x101af       1.3601           -9.394  0.003    0   3   0 184 225   0   3    -99    -99  4736  3.742  13492 1  -9.392  0.002    0   1   0 173 131   0  12    -99    -99  4201  3.766  13492 1  
    49942.6503    34788    West         300       0x101bf       2.0857           -9.633  0.002    0   1   0 172   0   0   3    -99    -99  5909  2.946  13492 1  -9.602  0.002    0   1   0 152   0   0  12    -99    -99  9844  2.891  13492 1  
    49944.6736    35000    West         300       0x101bf       1.8904           -9.584  0.002    0   3   0 144 168   0   3    -99    -99  4028  3.891  13492 1  -9.495  0.002    0   1   0 127 103   0  12    -99    -99  5292  3.979  13492 1  
    49946.7003    35119    West         300       0x101bf       1.7091           -9.262  9.999    0   7   0 123   0   0   3    -99    -99  3022  5.711  13492 1  -8.963  9.999    0   7   0 119   0   0  12    -99    -99  2943  5.358  13492 1  
    49948.6941    35304    West         300       0x101bf       1.7134           -9.257  9.999    0   7   0 110   0   0   3    -99    -99  2804  6.310  13492 1  -8.961  9.999    0   7   0 132 214   0  12    -99    -99  2168  6.506  13492 1  
    49952.6518    35547    West         300       0x101bf       1.8906           -9.565  0.002    0   1   0 164   0   0   3    -99    -99  2710  2.756  13492 1  -9.343  0.002    0   1   0 152   0   0  12    -99    -99  2333  2.702  13492 1  
    49955.7390    35771    West         300       0x101bf       1.4524           -9.263  9.999    0   5 255 115   0   0   3    -99    -99  2493  5.261  13492 1  -8.972  9.999    0   5 255 100   0   0  12    -99    -99  1986  5.497  13492 1  
    49957.7688    35906    West         300       0x101bf       1.3559           -9.469  0.002    0   1   0 253   0   0   3    -99    -99  2029  2.396  13492 1  -9.201  0.002    0   1   0 236   0   0  12    -99    -99  1890  2.251  13492 1  
    49961.7681    36060    West         300       0x101bf       1.3335           -9.254  9.999    0   7   0 102   0   0   3    -99    -99  2192  3.974  13492 1  -9.044  0.003    0   1   0 175 146   0  12    -99    -99  1874  3.888  13492 1  
    49966.6329    36206    West         300       0x101bf       1.7768           -9.125  0.002    0   1   0 162   0   0   3    -99    -99  6731  2.828  13492 1  -8.825  0.003    0   1   0 129   0   0  12    -99    -99  8559  2.739  13492 1  
    49970.7215    36408    West         300       0x101bf       1.3850           -9.074  0.002    0   1   0 153   0   0   3    -99    -99  6297  2.762  13492 1  -8.831  0.003    0   1   0 121   0   0  12    -99    -99 10850  2.832  13492 1  
    49982.5610    36796    West         300       0x101bf       1.9476           -9.263  9.999    0   7   0 145   0   0   3    -99    -99  3075  4.104  13492 1  -9.461  0.002    0   1   0 147 112   0  12    -99    -99  2301  3.924  13492 1  
    49987.6056    36948    West         300       0x101bf       1.6271           -9.653  0.001    0   1   0 179   0   0   3    -99    -99  2709  2.590  13492 1  -9.513  0.002    0   1   0 159   0   0  12    -99    -99  2301  2.584  13492 1  
    49996.7409    37207    West         300       0x101bf       1.2352           -9.435  0.002    0   1   0 153   0   0   3    -99    -99  4910  3.091  13492 1  -9.243  0.002    0   1   0 136   0   0  12    -99    -99  6249  3.112  13492 1  
    50007.7376    37624    West         300       0x101bf       1.2193           -9.268  9.999    0   7   0 111   0   0   3    -99    -99  3210  5.913  13492 1  -8.971  9.999    0   7   0  93   0   0  12    -99    -99  2827  6.079  13492 1  
    50007.7731    37632    West         300       0x001bf       1.2165           -9.270  9.999    0   7   0  98   0   0   3    -99    -99 25668  5.801  13492 1  -8.968  9.999    0   7   0  83   0   0  12    -99    -99 27454  5.909  13492 1  
    50022.6136    37858    West         300       0x101bf       1.3098           -9.277  9.999    0   7   0  96   0   0   3    -99    -99  6212  5.905  13492 1  -8.965  9.999    0   5 255  69   0   0  12    -99    -99  5894  5.958  13492 1  
    50038.6778    38092    West         300       0x101bf       1.2149           -9.052  0.002    0   1   0 174   0   0   3    -99    -99  2520  2.783  13492 1  -8.808  0.002    0   1   0 172   0   0  12    -99    -99  1927  2.739  13492 1  
    50046.6741    38225    West         300       0x101bf       1.2181              -99    -99  999 999 999 999 999 999  -1    -99    -99   -99    -99      0 0     -99    -99  999 999 999 999 999 999  -1    -99    -99   -99    -99      0 0  
    50061.6378    38471    West         300       0x101bf       1.2201           -9.267  9.999    0   5 255 114   0   0   3    -99    -99  5888  5.021  13492 1  -8.973  9.999    0   5 255  78   0   0  12    -99    -99  5462  5.027  13492 1  
    50102.6377    39112    East         300       0x100af       1.3771              -99    -99  999 999 999 999 999 999  -1    -99    -99   -99    -99      0 0     -99    -99  999 999 999 999 999 999  -1    -99    -99   -99    -99      0 0  
    50125.6996    39525    East         300       0x101bf       1.9123           -9.280  9.999    0   7   0 124   0   0   7    -99    -99  4781  4.631  13492 1  -9.381  0.003    0   3   0 124 183   0   8    -99    -99  3773  4.875  13492 1  
    50132.7725    39881    East         300       0x101bf       2.6710           -9.269  9.999    0   7   0  86   0   0   7    -99    -99  4600  4.395  13492 1  -9.108  0.004    0   3   0 116 223   0   8    -99    -99  3353  4.830  13492 1  
    50154.6152    40289    East         300       0x101bf       1.8796           -9.697  0.002    0   1 255 177 246   0   7    -99    -99  4270  1.935  13492 1  -9.561  0.002    0   1 255 230 217   0   8    -99    -99  2849  2.031  13492 1  
    50172.6294    40936    East         300       0x101bf       2.3545           -9.260  9.999    0   7   0  97   0   0   7    -99    -99  5965  5.029  13492 1  -8.948  9.999    0   7   0  92   0   0   8    -99    -99  6882  5.295  13492 1  
    50188.5406    41565    East         300       0x101bf       1.9993           -9.644  0.004    0   1   0 111   0   0   7    -99    -99  3952  3.871  13492 1  -9.477  0.005    0   1   0 117   0   0   8    -99    -99  2843  4.180  13492 1  
    50212.5431    42479    East         300       0x001bf       2.5655           -9.259  9.999    0   7   0  97   0   0   7    -99    -99  4293  4.888  13492 1  -8.953  9.999    0   7   0 122   0   0   8    -99    -99  2409  5.256  13492 1  
    50219.4928    42999    East         300       0x101bf       2.2829           -9.690  0.001    0   1   0 184   0   0   7    -99    -99  3106  2.718  13492 1  -9.611  0.001    0   1   0 216   0   0   8    -99    -99  1989  2.947  13492 1  
    50229.4747    43760    East         300       0x101bf       2.3619           -9.626  0.002    0   3   0 162 190   0   7    -99    -99  4546  3.311  13492 1  -9.416  0.002    0   1   0 165   0   0   8    -99    -99  4680  3.490  13492 1  
    50277.8295    46377    West         300       0x101bf       1.5496           -9.258  9.999    0   5 255 126   0   0   3    -99    -99  2615  4.657  13492 1  -8.695  0.004    0   3   0  88 231   0  12    -99    -99  1971  4.490  13492 1  
    50308.8261    47481    West         300       0x101bf       1.3165           -9.265  9.999    0   7   0 101   0   0   3    -99    -99  7506  5.915  13492 1  -8.972  9.999    0   7   0  40   0   0  12    -99    -99  5616  5.994  13492 1  
    50364.7079    49282    West         300       0x101bf       1.2614           -9.691  0.002    0   3   0 155 197   0   3    -99    -99  3082  3.989  13492 1  -9.501  0.002    0   1   0 135   0   0  12    -99    -99  2832  3.685  13492 1  
    50371.7191    49646    West         300       0x101bf       1.2310           -9.505  0.003    0   1   0 143   0   0   3    -99    -99  4115  3.352  13492 1  -9.290  0.004    0   1   0 126   0   0  12    -99    -99  3694  3.180  13492 1  
    50385.7405    50048    West         300       0x101bf       1.2166           -9.260  9.999    0   7   0 163   0   0   3    -99    -99  4599  4.706  13492 1  -9.438  0.003    0   3   0 141 230   0  12    -99    -99  4711  4.208  13492 1  
    50385.7450    50049    West         300       0x101bf       1.2178           -9.262  9.999    0   7   0 199   0   0   3    -99    -99  4955  4.502  13492 1  -9.462  0.002    0   3   0 172 201   0  12    -99    -99  5066  3.867  13492 1  
    50409.6037    50661    West         300       0x101ff       1.2408           -9.269  9.999    0   7   0 108   0   0   3    -99    -99  5775  3.771  13492 1  -8.862  0.003    0   1   0 100 144   0  12    -99    -99  8216  3.542  13492 1  
    50419.7122    51003    West         300       0x101ff       1.2676           -9.206  0.002    0   1   0 183   0   0   3    -99    -99  3386  2.949  13492 1  -9.074  0.002    0   1   0 159   0   0  12    -99    -99  2844  2.976  13492 1  
    50431.7199    51385    East         300       0x101ff       1.3375           -9.704  0.002    0   1 255 169 221   0   7    -99    -99  2719  2.052  13492 1  -9.531  0.002    0   1   0 208   0   0   8    -99    -99  2118  2.082  13492 1  
    50440.6358    51717    East         300       0x101ff       1.2441           -9.262  9.999    0   7   0 124   0   0   7    -99    -99 10787  4.597  13492 1  -8.953  9.999    0   7   0 116   0   0   8    -99    -99  9638  4.622  13492 1  
    50455.6075    52118    East         300       0x001bf       1.2584           -9.270  9.999    0   7   0 124   0   0   7    -99    -99  1668  3.339  13492 1  -9.485  0.002    0   1   0 139   0   0   8    -99    -99  1339  3.351  13492 1  
    50467.7092    52463    East         300       0x101ff       1.6214           -9.654  0.002    0   1 255 190 214   0   7    -99    -99  3175  2.436  13492 1  -9.432  0.002    0   1   0 211   0   0   8    -99    -99  1521  2.461  13492 1  
    50479.7561    52723    East         300       0x101ff       2.0905           -9.210  0.002    0   1   0 176   0   0   7    -99    -99  5899  2.631  13492 1  -8.930  0.002    0   1   0 147   0   0   8    -99    -99  4882  2.722  13492 1  
    50484.6177    52845    East         300       0x000fb       1.4502           -9.000  0.002    0   1   0 183   0   0   7    -99    -99  1850  2.446  13492 1  -8.723  0.002    0   1   0 159   0   0   8    -99    -99  1498  2.390  13492 1  
    50492.6102    52989    East         300       0x001bf       1.4987              -99    -99  999 999 999 999 999 999  -1    -99    -99   -99    -99      0 0  -9.660  0.001    0   1   0 189   0   0   8    -99    -99  1264  2.778  13492 1  
    50494.6208    53074    East         300       0x101ff       1.5596           -9.591  0.001    0   1   0 189  89   0   7    -99    -99  1787  3.034  13492 1  -9.532  0.002    0   1   0 209   0   0   8    -99    -99  1332  3.272  13492 1  
    50497.5043    53211    East         300       0x101ff       1.2742           -9.593  0.002    0   1 255 194 206   0   7    -99    -99  7514  2.603  13492 1  -9.482  0.002    0   1   0 172   0   0   8    -99    -99  6452  2.579  13492 1  
    50498.7652    53327    East         300       0x101ff       2.6178           -9.271  9.999    0   7   0 144   0   0   7    -99    -99  2500  3.521  13492 1  -9.478  0.002    0   1   0 166   0   0   8    -99    -99  2097  3.695  13492 1  
    50507.6665    53475    East         300       0x101ff       1.9961           -9.261  9.999    0   7   0 159   0   0   7    -99    -99  4614  4.369  13492 1  -9.310  0.003    0   1   0 155 157   0   8    -99    -99  4577  4.638  13492 1  
    50518.5524    53664    East         300       0x101ff       1.5479           -9.310  0.002    0   1   0 193   0   0   7    -99    -99  2090  2.669  13492 1  -9.189  0.002    0   1   0 181   0   0   8    -99    -99  1342  2.746  13492 1  
    50521.5344    53843    East         300       0x101ff       1.5105           -9.288  0.002    0   3   0 149 224   0   7    -99    -99  1922  3.322  13492 1  -9.208  0.002    0   1   0 166   0   0   8    -99    -99  1321  3.458  13492 1  
    50525.5640    54028    East         300       0x101ff       1.6828           -9.461  0.002    0   3   0 157 174   0   7    -99    -99  4461  3.233  13492 1  -9.427  0.002    0   1   0 170   0   0   8    -99    -99  3883  3.402  13492 1  
    50527.6864    54181    East         300       0x101ff       2.6214           -9.535  0.002    0   3   0 162 156   0   7    -99    -99  6610  3.153  13492 1  -9.483  0.002    0   1   0 174   0   0   8    -99    -99  7749  3.327  13492 1  
    50530.6089    54302    East         300       0x101ff       2.0328           -9.282  9.999    0   7   0  98   0   0   7    -99    -99  9698  5.108  13492 1  -8.965  9.999    0   7   0 120   0   0   8    -99    -99 20855  5.254  13492 1  
    50533.6521    54460    East         300       0x101ff       2.4530           -9.428  0.002    0   1 255 253 211   0   7    -99    -99 12026  2.327  13492 1  -9.345  0.002    0   1   0 156   0   0   8    -99    -99 15304  2.467  13492 1  
    50535.5813    54636    East         300       0x101ff       1.9370           -9.277  9.999    0   7   0  94   0   0   7    -99    -99 13122  4.462  13492 1  -9.354  0.006    0   1   0 111 112   0   8    -99    -99 10208  4.689  13492 1  
    50541.4956    54809    East         300       0x101ff       1.5720           -9.275  9.999    0   7   0 142   0   0   7    -99    -99  2846  3.593  13492 1  -9.285  0.002    0   1   0 161  83   0   8    -99    -99  1605  3.717  13492 1  
    50543.5783    54987    East         300       0x101ff       2.0678           -9.482  0.002    0   3   0 128 232   0   7    -99    -99  2066  3.541  13492 1  -9.214  0.002    0   1   0 156   0   0   8    -99    -99  1625  3.723  13492 1  
    50546.6196    55258    East         300       0x101ff       2.4803           -9.338  0.002    0   1   0 190   0   0   7    -99    -99  2750  2.793  13492 1  -9.021  0.002    0   1   0 160   0   0   8    -99    -99  1845  3.045  13492 1  
    50550.5732    55465    East         300       0x101ff       2.1755           -9.161  0.002    0   1   0 171   0   0   7    -99    -99  2402  2.969  13492 1  -8.843  0.003    0   1   0 152   0   0   8    -99    -99  1688  3.252  13492 1  
    50553.4574    55662    East         300       0x101ff       1.5503           -9.026  0.002    0   1   0 141   0   0   7    -99    -99  4932  2.800  13492 1  -8.715  0.003    0   1   0 125   0   0   8    -99    -99  3969  2.928  13492 1  
    50557.4898    55877    East         300       0x101bf       1.7510           -9.052  0.002    0   1   0 166   0   0   7    -99    -99  6690  2.828  13492 1  -8.832  0.003    0   1   0 131   0   0   8    -99    -99  9760  2.802  13492 1  
    50564.5748    56063    East         300       0x101ff       2.5205           -9.730  0.002    0   1 255 179 233   0   7    -99    -99  9803  2.347  13492 1  -9.663  0.002    0   1   0 199   0   0   8    -99    -99  8488  2.534  13492 1  
    50568.5019    56430    East         300       0x101ff       2.0104           -9.632  0.002    0   1   0 183 121   0   7    -99    -99  2758  3.090  13492 1  -9.486  0.002    0   1   0 182   0   0   8    -99    -99  1829  3.284  13492 1  
    50575.4965    56776    East         300       0x101ff       2.1099           -9.257  9.999    0   7   0 105   0   0   7    -99    -99  2028  8.317  13492 1  -8.958  9.999    0   7   0 135   0   0   8    -99    -99  1511  9.119  13492 1  
    50579.4361    57096    East         300       0x101ff       1.7855           -9.275  9.999    0   7   0 189   0   0   7    -99    -99  2460  3.669  13492 1  -9.134  0.002    0   1   0 132   0   0   8    -99    -99  1617  3.871  13492 1  
    50581.5121    57286    East         300       0x101ff       2.3722           -9.318  0.002    0   1   0 166 115   0   7    -99    -99  4392  3.313  13492 1  -9.039  0.003    0   1   0 154   0   0   8    -99    -99  3094  3.587  13492 1  
    50593.4150    57480    East         300       0x101ff       1.8874           -9.276  9.999    0   5 255 150   0   0   7    -99    -99  4074  3.858  13492 1  -9.371  0.002    0   1   0 177 105   0   8    -99    -99  2141  4.093  13492 1  
    50599.4375    57861    East         300       0x101ff       2.1600           -9.673  0.002    0   3   0 148 205   0   7    -99    -99  3408  3.231  13492 1  -9.613  0.002    0   1   0 194   0   0   8    -99    -99  1937  3.509  13492 1  
    50602.4470    58125    East         300       0x101ff       2.3054           -9.278  9.999    0   7   0 138   0   0   7    -99    -99  3855  3.648  13492 1  -9.490  0.002    0   1   0 169   0   0   8    -99    -99  2138  3.961  13492 1  
    50607.4428    58527    East         300       0x101ff       2.3872           -9.645  0.002    0   1 255 157 233   0   7    -99    -99  2610  2.347  13492 1  -9.448  0.002    0   1   0 221   0   0   8    -99    -99  1742  2.638  13492 1  
    50613.4396    58876    East         300       0x101ff       2.5082           -9.274  9.999    0   5 255 102   0   0   7    -99    -99  8989  4.413  13492 1  -9.162  0.008    0   1   0 105 106   0   8    -99    -99  7931  4.789  13492 1  
    50616.4303    59197    East         300       0x101ff       2.4971           -9.286  9.999    0   7   0  94   0   0   7    -99    -99  9144  5.177  13492 1  -8.954  9.999    0   7   0 106   0   0   8    -99    -99 10431  5.542  13492 1  
    50620.4040    59523    East         300       0x101ff       2.3566           -9.074  0.003    0   1   0 133 128   0   7    -99    -99 18522  3.187  13492 1  -8.777  0.005    0   1   0 117   1   1   8    -99    -99 16004  3.414  13492 1  
    50622.8286    59682    West         300       0x101ff       1.8209           -8.977  0.003    0   1   0  98   0   0   3    -99    -99  7735  3.280  13492 1  -8.683  0.004    0   1   0 106   0   0  12    -99    -99  8422  3.069  13492 1  
    50631.4074    59870    East         300       0x101ff       2.6715           -9.264  9.999    0   5 255 116   0   0   7    -99    -99  3703  3.602  13492 1  -9.573  0.002    0   1   0 174 110   0   8    -99    -99  2326  3.976  13492 1  
    50634.7820    60281    West         300       0x101ff       1.9044           -9.675  0.002    0   3   0 163 203   0   3    -99    -99  3722  3.808  13492 1  -9.594  0.002    0   1   0 153  94   0  12    -99    -99  2006  3.827  13492 1  
    50639.3822    60506    East         300       0x101ff       2.6386           -9.269  9.999    0   7   0  85   0   0   7    -99    -99  3232  4.220  13492 1  -9.533  0.003    0   3   0 148 201   0   8    -99    -99  3072  4.630  13492 1  
    50645.7289    60810    West         300       0x101ff       2.0612           -9.271  9.999    0   7   0 109   0   0   3    -99    -99  5236  4.581  13492 1  -8.970  9.999    0   7   0  94   1   1  12    -99    -99  3615  4.871  13492 1  
    50648.6674    61090    West         300       0x101ff       2.5037           -9.545  0.003    0   3   0 112 207   0   3    -99    -99 21952  4.032  13492 1  -9.332  0.005    0   3   0 119 170   0  12    -99    -99 20567  4.169  13492 1  
    50652.7151    61502    West         300       0x101ff       2.0228           -9.425  0.002    0   1   0 140   0   0   3    -99    -99  6807  2.343  13492 1  -9.247  0.002    0   1   0 163   0   0  12    -99    -99  9224  2.194  13492 1  
    50658.7241    61840    West         300       0x101ff       1.8572           -9.257  0.002    0   3   0 119 203   0   3    -99    -99  3660  3.852  13492 1  -9.131  0.002    0   1   0 134   0   0  12    -99    -99  2227  3.730  13492 1  
    50661.7178    62133    West         300       0x101ff       1.8460           -9.262  9.999    0   5 255  16   0   0   3    -99    -99  3965  5.271  13492 1  -8.965  9.999    0   5 255  54   0   0  12    -99    -99  2207  5.541  13492 1  
    50669.7814    62589    West         300       0x101ff       1.4607           -9.539  0.002    0   1   0 179   0   0   3    -99    -99  3064  2.728  13492 1  -9.409  0.002    0   1   0 179   0   0  12    -99    -99  2026  2.804  13492 1  
    50674.6734    62903    West         300       0x101ff       1.9007           -9.283  9.999    0   5 255 109   0   0   3    -99    -99  5915  4.731  13492 1  -9.340  0.004    0   3   0  95 228   0  12    -99    -99  4809  4.813  13492 1  
    50678.7082    63212    West         300       0x1017f       1.6514           -9.576  0.002    0   3   0 134 167   0   3    -99    -99 13039  3.636  13492 1  -9.350  0.004    0   1   0 123 101   0  12    -99    -99 20987  3.835  13492 1  
    50680.7429    63421    West         300       0x101ff       1.4889           -9.552  0.002    0   1 255 148 208   0   3    -99    -99  6228  2.421  13492 1  -9.315  0.002    0   1   0 167   0   0  12    -99    -99  9887  2.278  13492 1  
    50682.7001    63625    West         300       0x101ff       1.6379           -9.292  9.999    0   7   0  92   0   0   3    -99    -99  5270  5.772  13492 1  -8.977  9.999    0   5 255 115   0   0  12    -99    -99  6032  5.744  13492 1  
    50686.7768    63803    West         300       0x101ff       1.3466           -9.259  9.999    0   7   0 130   0   0   3    -99    -99  2588  5.385  13492 1  -8.960  9.999    0   5 255 162   0   0  12    -99    -99  1987  4.981  13492 1  
    50699.7303    64114    West         300       0x100ef       1.3727              -99    -99  999 999 999 999 999 999  -1    -99    -99   -99    -99      0 0     -99    -99  999 999 999 999 999 999  -1    -99    -99   -99    -99      0 0  
    50703.6180    64261    West         300       0x101ff       1.7614           -9.676  0.002    0   1   0 160   0   0   3    -99    -99  7677  2.535  13492 1     -99    -99  999 999 999 999 999 999  -1    -99    -99   -99    -99      0 0  
    50707.7717    64420    West         300       0x101ff       1.2574           -9.772  0.001    0   1   0 183   0   0   3    -99    -99  2012  2.911  13492 1  -9.666  0.002    0   1   0 131   0   0  12    -99    -99  1625  2.937  13492 1  
    50716.6132    64568    West         300       0x101ff       1.6114           -9.618  0.002    0   1 255 168 212   0   3    -99    -99  2359  2.287  13492 1     -99    -99  999 999 999 999 999 999  12    -99    -99  2002  2.157  13492 0  
    50718.6558    64685    West         300       0x101ff       1.4353           -9.560  0.002    0   1   0 156   0   0   3    -99    -99  2034  3.133  13492 1  -9.372  0.002    0   1   0 109   0   0  12    -99    -99  2028  3.065  13492 1  
    50719.7715    64776    West         300       0x101ff       1.2273           -9.515  0.002    0   1   0 189   0   0   3    -99    -99  2232  2.960  13492 1  -9.331  0.002    0   1   0 145   0   0  12    -99    -99  1791  2.800  13492 1  
    50721.6675    64919    West         300       0x101ff       1.3796           -9.454  0.001    0   1   0 172   0   0   3    -99    -99  2087  2.404  13492 1  -9.283  0.002    0   1   0 151   0   0  12    -99    -99  2123  2.118  13492 1  
    50724.6686    65083    West         300       0x101ff       1.3571           -9.270  9.999    0   7   0  83   0   0   3    -99    -99  1864  6.207  13492 1  -8.961  9.999    0   7   0  90   0   0  12    -99    -99  1840  6.251  13492 1  
    50726.6611    65233    West         300       0x101ff       1.3619           -9.279  0.003    0   1   0 128   0   0   3    -99    -99  3917  2.561  13492 1  -9.135  0.004    0   1   0 110   0   0  12    -99    -99  3515  2.382  13492 1  
    50731.5457    65332    West         300       0x101ff       1.7397           -9.430  0.003    0   3   0 161 206   0   3    -99    -99  5041  4.264  13492 1  -9.383  0.003    0   1   0 157 111   0  12    -99    -99  4474  4.377  13492 1  
    50732.7182    65442    West         300       0x101ff       1.2415           -9.267  9.999    0   5 255 109   0   0   3    -99    -99  2079  5.506  13492 1  -8.968  9.999    0   5 255 134   0   0  12    -99    -99  1757  5.850  13492 1  
    50734.5892    65555    West         300       0x101ff       1.5115           -9.529  0.002    0   1   0 135   0   0   3    -99    -99  6348  3.027  13492 1     -99    -99  999 999 999 999 999 999  -1    -99    -99   -99    -99      0 0  
    50735.7606    65655    West         300       0x101ff       1.2150           -9.271  9.999    0   7   0  76   0   0   3    -99    -99  5068  6.468  13492 1  -8.958  9.999    0   7   0  78   0   0  12    -99    -99  6040  6.931  13492 1  
    50737.5701    65765    West         300       0x101ff       1.5526           -9.269  9.999    0   7   0 103   0   0   3    -99    -99 13171  4.819  13492 1  -8.968  9.999    0   7   0  98   0   0  12    -99    -99 18667  5.133  13492 1  
    50744.5234    66107    West         300       0x101ff       1.6734           -9.564  0.002    0   1   0 156   0   0   3    -99    -99  2967  2.914  13492 1  -9.336  0.002    0   1   0 129   0   0  12    -99    -99  2420  2.838  13492 1  
    50745.7489    66221    West         300       0x101ff       1.2154           -9.553  0.002    0   1   0 211   0   0   3    -99    -99  2716  2.628  13492 1  -9.331  0.002    0   1   0 161   0   0  12    -99    -99  2521  2.458  13492 1  
    50747.7375    66326    West         300       0x101ff       1.2148           -9.265  9.999    0   7   0 148   0   0   3    -99    -99  1757  4.417  13492 1  -9.290  0.002    0   3   0 123 186   0  12    -99    -99  1721  4.273  13492 1  
    50767.4805    66456    West         300       0x101bb       1.5840           -9.511  0.002    0   1   0 201  91   0   3    -99    -99 12104  3.220  13492 1  -9.478  0.002    0   1   0 182   0   0  12    -99    -99 11622  3.034  13492 1  
    50769.6093    66574    West         300       0x101bf       1.2496           -9.688  0.002    0   1 255 139 198   0   3    -99    -99  8697  2.894  13492 1  -9.689  0.001    0   1   0 228   0   0  12    -99    -99  6940  2.759  13492 1  
    50771.6710    66675    West         300       0x101bf       1.2146           -9.694  0.001    0   3   0 205 192   0   3    -99    -99  3519  3.673  13492 1  -9.629  0.001    0   1   0 193   0   0  12    -99    -99  3441  3.412  13492 1  
    50784.5848    66967    West         300       0x101ff       1.2339           -9.272  9.999    0   7   0 174   0   0   3    -99    -99  2112  3.920  13492 1  -9.262  0.002    0   3   0 162 168   0  12    -99    -99  1822  3.858  13492 1  
    50793.6022    67087    West         300       0x101ff       1.2149           -9.195  0.002    0   1   0 160   0   0   3    -99    -99  7566  2.734  13492 1  -8.996  0.002    0   1   0 134   0   0  12    -99    -99  7985  2.791  13492 1  
    50796.7121    67176    West         300       0x101ff       1.3207           -9.271  9.999    0   7   0 153   0   0   3    -99    -99 11529  3.931  13492 1  -9.012  0.003    0   1   0 105 145   0  12    -99    -99 10177  4.014  13492 1  
    50803.5299    67334    West         300       0x101ff       1.2364           -9.263  9.999    0   7   0 159   0   0   3    -99    -99  5048  4.841  13492 1  -9.569  0.003    0   1   0 166 146   0  12    -99    -99  4031  4.445  13492 1  
    50805.5465    67444    West         300       0x101ff       1.2217           -9.635  0.002    0   1 255 172 229   0   3    -99    -99  2276  2.588  13492 1  -9.600  0.001    0   1   0 231   0   0  12    -99    -99  1795  2.577  13492 1  
    50811.6192    67572    West         300       0x101ff       1.2441           -9.652  0.001    0   1   0 214  97   0   3    -99    -99  2109  3.254  13492 1  -9.467  0.002    0   1   0 174   0   0  12    -99    -99  1700  3.305  13492 1  
    50813.7011    67677    East         300       0x101ff       1.4056           -9.632  0.003    0   3   0 120 210   0   7    -99    -99  3851  3.726  13492 1  -9.421  0.004    0   1   0 134   0   0   8    -99    -99  3077  3.918  13492 1  
    50825.6461    67800    East         300       0x101fb       1.3493           -9.177  0.003    0   1 255 177 212   0   7    -99    -99 16374  2.335  13492 1  -8.869  0.003    0   1   0 161   0   0   8    -99    -99 16700  2.404  13492 1  
    50832.5236    67897    East         300       0x101ff       1.2178           -9.073  0.002    0   1   0 223   0   0   7    -99    -99  1874  2.386  13492 1  -8.844  0.002    0   1   0 173   0   0   8    -99    -99  1543  2.208  13492 1  
    50839.7109    68121    East         300       0x101ff       1.7195           -9.694  0.001    0   3   0 188 195   0   7    -99    -99  1637  3.271  13492 1  -9.662  0.001    0   1   0 176   0   0   8    -99    -99  1353  3.452  13492 1  
    50842.5214    68244    East         300       0x101ff       1.2319           -9.654  0.002    0   1 255 194 241   0   7    -99    -99  2154  2.213  13492 1  -9.531  0.001    0   1   0 253   0   0   8    -99    -99  1669  2.229  13492 1  
    50845.5795    68358    East         300       0x001bf       1.3236           -9.654  0.002    0   1 255 173 218   0   7    -99    -99  2509  2.265  13492 1  -9.471  0.001    0   1   0 229   0   0   8    -99    -99  1656  2.166  13492 1  
    50850.7106    68476    East         300       0x101ff       1.8901           -9.551  0.001    0   1   0 175   0   0   7    -99    -99  2603  2.785  13492 1  -8.862  0.002    0  43   0 253  47   1   8    -99    -99  1797  2.943  13492 1  
    50859.5228    68575    East         300       0x101ff       1.2896           -9.277  9.999    0   7   0 130   0   0   7    -99    -99  4517  4.985  13492 1  -8.954  9.999    0   5 255 120   0   0   8    -99    -99  5423  5.231  13492 1  
    50861.6948    68687    East         300       0x101ff       1.9833           -9.314  0.002    0   3   0 209 165   0   7    -99    -99  4519  3.090  13492 1  -9.138  0.002    0   1   0 165   0   0   8    -99    -99  4768  3.362  13492 1  
    50863.6206    68809    East         300       0x1017f       1.6033           -9.271  9.999    0   7   0 115   0   0   7    -99    -99  3371  5.524  13492 1  -8.957  9.999    0   7   0 162   0   0   8    -99    -99  2433  5.879  13492 1  
    50865.6489    68931    East         300       0x101fb       1.7682           -9.282  9.999    0   5 255 116   0   0   7    -99    -99  2466  3.702  13492 1  -9.246  0.002    0   1   0 163  98   0   8    -99    -99  1721  3.923  13492 1  
    50867.6647    69042    East         300       0x101ff       1.8933           -9.422  0.002    0   3   0 180 192   0   7    -99    -99  3104  3.910  13492 1  -9.210  0.003    0  43   0 253 136   0   8    -99    -99  2244  4.050  13492 1  
    50869.6936    69176    East         300       0x101ff       2.1342           -9.546  0.002    0   1   0 187   0   0   7    -99    -99  2942  2.614  13492 1  -9.563  0.002    0  41   0 216   0   0   8    -99    -99  2075  2.883  13492 1  
    50875.4671    69366    East         300       0x1017f       1.2714           -9.272  9.999    0   7   0 132   0   0   7    -99    -99  2531  3.794  13492 1  -9.457  0.002    0   3   0 173 167   0   8    -99    -99  2065  3.874  13492 1  
    50875.7101    69414    East         300       0x1017f       2.4073           -9.564  0.002    0   1   0 186 128   0   7    -99    -99  2489  3.197  13492 1  -9.454  0.002    0   1   0 185   0   0   8    -99    -99  1966  3.501  13492 1  
    50880.5270    69523    East         300       0x101ff       1.4314           -9.538  0.002    0   3   0 192 190   0   7    -99    -99  5043  3.154  13492 1  -9.324  0.002    0   1   0 138   0   0   8    -99    -99  4808  3.256  13492 1  
    50881.6974    69633    East         300       0x101ff       2.4409           -9.273  9.999    0   5 255 155   0   0   7    -99    -99  5715  3.829  13492 1  -9.355  0.002    0   1   0 152 154   0   8    -99    -99  4195  4.082  13492 1  
    50882.6820    69713    East         300       0x101ff       2.3281           -9.566  0.002    0   1   0 187 113   0   7    -99    -99  9077  3.109  13492 1  -9.352  0.002    0   1   0 143   0   0   8    -99    -99 10927  3.466  13492 1  
    50888.5881    69968    East         300       0x101ff       1.7802           -9.264  9.999    0   7   0 137   0   0   7    -99    -99  6989  5.073  13492 1  -8.948  9.999    0   7   0 171   0   0   8    -99    -99  8558  5.260  13492 1  
    50908.6002    70114    East         300       0x001bb       2.2366           -9.701  0.002    0   3   0 151 169   0   7    -99    -99  4778  3.265  13492 1  -9.650  0.002    0   1   0 175   0   0   8    -99    -99  3687  3.395  13492 1  
    50910.5780    70309    East         300       0x101ff       2.1071           -9.259  9.999    0   7   0 138   0   0   7    -99    -99  7314  4.595  13492 1  -8.957  9.999    0   7   0 157   0   0   8    -99    -99  8896  4.895  13492 1  
    50917.5523    70548    East         300       0x000ff       2.0578           -9.688  0.002    0   3   0 217 177   0   7    -99    -99  9687  3.084  13492 1  -9.522  0.002    0   1   0 184   0   0   8    -99    -99  9821  3.196  13492 1  
    50931.4332    70877    East         300       0x101ff       1.5970           -9.371  0.002    0   1   0 195   0   0   7    -99    -99  3858  2.529  13492 1  -9.235  0.002    0   1   0 181   0   0   8    -99    -99  2104  2.621  13492 1  
    50941.4312    71129    East         300       0x101ff       1.7164           -9.275  9.999    0   7   0 137   0   0   7    -99    -99  7630  3.953  13492 1  -9.516  0.003    0   3   0 155 170   0   8    -99    -99 10086  4.135  13492 1  
    50951.4099    71434    East         300       0x101ff       1.7498              -99    -99  999 999 999 999 999 999   7    -99    -99  3664  3.567  13492 0  -9.323  0.002    0   1   0 177 106   0   8    -99    -99  1932  3.792  13492 1  
    50958.4006    71856    East         300       0x101ff       1.8021           -9.262  9.999    0   5 255 166   0   0   7    -99    -99  3599  3.747  13492 1  -9.180  0.002    0   1   0 141 137   0   8    -99    -99  2012  3.940  13492 1  
    50969.4174    72432    East         300       0x000ff       2.1119           -8.933  0.002    0   1   0 160   0   0   7    -99    -99  6220  2.833  13492 1  -8.666  0.003    0   1   0 131   0   0   8    -99    -99  7445  3.033  13492 1  
    50978.7314    72918    West         300       0x101ff       2.8102           -9.317  9.999    0   7   0  98   0   0   3    -99    -99  9047  8.311  13492 1  -8.964  9.999    0   7   0  97   0   0  12    -99    -99  9102  9.217  13492 1  
    50983.3579    73265    East         300       0x101ff       1.9605           -9.259  9.999    0   7   0 143   0   0   7    -99    -99  4404  3.518  13492 1  -9.572  0.002    0   1   0 167   0   0   8    -99    -99  2269  3.775  13492 1  
    50992.7838    73549    West         300       0x101ff       2.0181           -9.261  9.999    0   5 255  43   0   0   3    -99    -99  3692  5.107  13492 1  -8.958  9.999    0   7   0 102   0   0  12    -99    -99  2248  5.159  13492 1  
    50996.3555    73786    East         300       0x101ff       2.2054           -9.376  0.002    0   1   0 192   0   0   7    -99    -99  5117  2.495  13492 1  -9.155  0.002    0   1   0 174   0   0   8    -99    -99  4849  2.589  13492 1  
    51004.8059    74316    West         300       0x101ff       1.6921           -9.381  0.003    0   1  31 221 132   0   3    -99    -99 10075  3.598  13492 1  -9.341  0.003    0   1   0 127   0   0  12    -99    -99 11249  3.513  13492 1  
    51024.8331    74981    West         300       0x101ff       1.3880           -9.474  0.003    0   3   0 253 225   0   3    -99    -99  4917  4.145  13492 1  -9.259  0.003    0   1   0 155 157   0  12    -99    -99  4054  4.134  13492 1  
    51033.7016    75254    West         300       0x101ff       1.8268           -9.247  9.999    0   7   0 138   0   0   3    -99    -99 13744  4.318  13492 1  -8.740  0.006    0   3   0 104 177   0  12    -99    -99 17888  4.197  13492 1  
    51048.7920    75663    West         300       0x100ff       1.3307           -9.644  0.001    0   1   0 253   0   0   3    -99    -99  2364  2.663  13492 1  -9.629  0.001    0   1   0 176   0   0  12    -99    -99  1851  2.474  13492 1  
    51054.7141    76068    West         300       0x101ff       1.5168           -9.654  0.006   29   1   0 217   0   0   3    -99    -99  8492  2.431  13492 1     -99    -99  999 999 999 999 999 999  -1    -99    -99   -99    -99      0 0  
    51057.7069    76276    West         300       0x101ff       1.4985           -9.253  9.999    0   7   0 119   0   0   3    -99    -99  3384  5.772  13492 1  -8.973  9.999    0   5 255 110   0   0  12    -99    -99  2400  5.740  13492 1  
    51062.7827    76497    West         300       0x101ff       1.2788           -9.574  0.002    0   1   0 253   0   0   3    -99    -99  9490  2.274  13492 1  -9.362  0.002    9   1   0 253   0   0  12    -99    -99 15885  2.101  13492 1  
    51073.6485    76727    West         300       0x101ff       1.5534           -9.265  9.999    0   7   0  91   0   0   3    -99    -99  3148  7.792  13492 1  -8.938  9.999    0   7   0  96   0   0  12    -99    -99  2284  7.661  13492 1  
    51084.5986    76988    West         300       0x101ff       1.6377           -9.495  0.003    0   3   0 253 231   0   3    -99    -99  3019  4.540  13492 1  -9.373  0.003    0   3   0 116 190   0  12    -99    -99  2534  4.545  13492 1  
    51086.5371    77105    West         300       0x000bf       1.9482           -9.541  0.002    0   1   0 253   0   0   3    -99    -99  6183  3.201  13492 1  -9.350  0.002    0   1   0 149   0   0  12    -99    -99  5436  3.006  13492 1  
    51089.5660    77269    West         300       0x101ff       1.7300           -9.262  9.999    0   5 255 136   0   0   3    -99    -99  8581  4.906  13492 1  -9.348  0.005    0   3   0 103 221   0  12    -99    -99 11862  4.821  13492 1  
    51099.5102    77412    West         300       0x101ff       1.8928              -99    -99  999 999 999 999 999 999  -1    -99    -99   -99    -99      0 0     -99    -99  999 999 999 999 999 999  -1    -99    -99   -99    -99      0 0  
    51100.7327    77526    West         300       0x1017f       1.2239           -9.227  0.002    0   1   0 253  81   0   3    -99    -99  2501  3.112  13492 1  -8.947  0.002    0   1   0 105   0   0  12    -99    -99  1884  3.061  13492 1  
    51103.6013    77666    West         300       0x101ff       1.4326              -99    -99  999 999 999 999 999 999  -1    -99    -99   -99    -99      0 0  -9.026  9.999    0   7   0  89   0   0  12    -99    -99  2170 11.124  13492 1  
    51107.6564    77792    West         300       0x101ff       1.2839           -8.907  0.003    0   3   0 246 197   0   3    -99    -99  2945  4.019  13492 1  -8.678  0.004    0   1   0 105 130   0  12    -99    -99  2180  3.940  13492 1  
    51110.6904    77920    West         300       0x101ff       1.2341           -9.106  0.002    0   3   0 253 165   0   3    -99    -99  2065  3.467  13492 1  -8.996  0.002    0   1   0 146   0   0  12    -99    -99  1611  3.316  13492 1  
    51113.6588    78070    West         300       0x101ff       1.2577           -9.315  9.999    0   7   0 113   0   0   3    -99    -99  2436  5.642  13492 1  -8.973  9.999    0   5 255  95   0   0  12    -99    -99  1686  5.803  13492 1  
    51118.7117    78201    West         300       0x101ff       1.2149           -9.566  0.002    0   3   0 253 218   0   3    -99    -99  4135  3.840  13492 1  -9.615  0.002    0   1   0 132  96   0  12    -99    -99  4764  3.758  13492 1  
    51121.5603    78331    West         300       0x101ff       1.4089           -9.647  0.002    0   3   0 214 194   0   3    -99    -99 13256  4.100  13492 1  -9.548  0.003    0   1   0 132 137   0  12    -99    -99 14419  4.128  13492 1  
    51132.6565    78457    West         300       0x101ff       1.2189           -9.593  0.003    0   1  36 245   0   0   3    -99    -99  2207  2.407  13492 1  -9.238  0.002    0   1   0 147   0   0  12    -99    -99  1717  2.380  13492 1  
    51139.5808    78562    West         300       0x101ff       1.2668           -9.185  0.002    0   3   0 253 179   0   3    -99    -99  2018  3.471  13492 1  -9.087  0.002    0   1   0 185   0   0  12    -99    -99  1715  3.203  13492 1  
    51145.7242    78670    West         300       0x101ff       1.2691           -9.355  0.002    0   1   0 253  81   0   3    -99    -99  3021  3.559  13492 1  -9.480  0.002    0   1   0 133   0   0  12    -99    -99  2018  3.716  13492 1  
    51148.6983    78783    West         300       0x101ff       1.2477           -9.625  0.002    0   1   0 253   0   0   3    -99    -99  5675  2.822  13492 1  -9.644  0.002    0   1   0 184   0   0  12    -99    -99  5409  2.718  13492 1  
    51157.6771    78933    West         300       0x101ff       1.2514           -9.402  0.002   15   1   0 253 137   0   3    -99    -99  2930  3.730  13492 1  -9.346  0.002    0   1   0 224   0   0  12    -99    -99  2581  3.722  13492 1  
    51170.6042    79103    East         300       0x101ff       1.2208              -99    -99  999 999 999 999 999 999  -1    -99    -99   -99    -99      0 0  -8.775  0.003    0   1   0 167   0   0   8    -99    -99  1652  2.744  13492 1  
    51172.6355    79210    East         300       0x101ff       1.2500              -99    -99  999 999 999 999 999 999  -1    -99    -99   -99    -99      0 0  -8.676  0.003    0   1   0 169   0   0   8    -99    -99  1427  2.590  13492 1  
    51179.7323    79334    East         300       0x101ff       1.5168              -99    -99  999 999 999 999 999 999  -1    -99    -99   -99    -99      0 0  -9.000  0.007    0  41 255 206 221   0   8    -99    -99 17834  2.164  13492 1  
    51181.6712    79424    East         300       0x101ff       1.3516              -99    -99  999 999 999 999 999 999  -1    -99    -99   -99    -99      0 0  -9.396  0.002    0   1   0 175   0   0   8    -99    -99 10050  2.169  13492 1  
    51181.7066    79432    East         300       0x101ff       1.4474              -99    -99  999 999 999 999 999 999  -1    -99    -99   -99    -99      0 0  -9.394  0.002    0   1   0 179   0   0   8    -99    -99  9869  1.860  13492 1  
    51184.4967    79539    West         300       0x101ff       1.2280           -9.579  0.003    0   1   0 253   0   0   3    -99    -99  4459  3.649  13492 1  -9.640  0.003    0   1   0 119   0   0  12    -99    -99  3189  3.621  13492 1  
    51189.6887    79665    East         300       0x101ff       1.4601           -9.686  0.001    0   1   0 253   0   0   7    -99    -99  3488  2.144  13492 1  -9.572  0.002    0   1   0 182   0   0   8    -99    -99  1820  2.210  13492 1  
    51195.5746    79766    East         300       0x101ff       1.2521           -9.587  0.001    0   1   0 240   0   0   7    -99    -99  2380  2.197  13492 1  -9.386  0.002    0   1   0 170   0   0   8    -99    -99  1722  2.189  13492 1  
    51207.6607    79891    East         300       0x101ff       1.5353           -9.278  0.003    0   3   0 126 221   0   7    -99    -99  9456  3.417  13492 1  -9.082  0.003    0   1   0 119   0   0   8    -99    -99  7582  3.337  13492 1  
    51221.5529    80005    East         300       0x101ff       1.3319           -9.521  0.001    0   1   0 253   0   0   7    -99    -99  2665  2.124  13492 1  -9.371  0.002    0   1   0 190   0   0   8    -99    -99  1806  2.093  13492 1  
    51225.5294    80103    East         300       0x101ff       1.3070           -9.271  9.999    0   5 255 199   0   0   7    -99    -99  2347  3.290  13492 1  -9.341  0.002    0   1   0 195   0   0   8    -99    -99  1742  3.278  13492 1  
    51228.5660    80231    East         300       0x101ff       1.4116           -9.560  0.001    0   1   0 222  57   0   7    -99    -99  2691  2.836  13492 1  -9.325  0.002    0   1   0 180   0   0   8    -99    -99  1786  2.883  13492 1  
    51240.5428    80440    East         300       0x101ff       1.4400           -9.134  0.005    0   3 255 157 248   0   7    -99    -99  8165  3.066  13492 1  -8.763  0.003    0   1   0 163   0   0   8    -99    -99 14737  2.959  13492 1  
    51242.5932    80590    East         300       0x101ff       1.6555           -9.270  9.999    0   7   0 101   0   0   7    -99    -99  6303  5.239  13492 1  -8.940  9.999    0   5 255  99   0   0   8    -99    -99  8497  5.335  13492 1  
    51247.4925    80761    East         300       0x101ff       1.3556           -9.217  0.002    0   1   0 191 121   0   7    -99    -99  2552  2.955  13492 1  -9.053  0.002    0   1   0 163   0   0   8    -99    -99  1699  2.991  13492 1  
    51250.4412    80890    East         300       0x101ff       1.2742           -9.253  9.999    0   7   0 179   0   0   7    -99    -99  2386  3.274  13492 1  -9.512  0.001    0   1   0 190   0   0   8    -99    -99  1783  3.168  13492 1  
    51254.4854    81106    East         300       0x101ff       1.3855           -9.713  0.002    0   1   0 152   0   0   7    -99    -99  3240  2.989  13492 1  -9.667  0.002    0   1   0 156   0   0   8    -99    -99  2277  3.131  13492 1  
    51262.5184    81286    East         300       0x1017f       1.5669           -9.279  9.999    0   5 255 114   0   0   7    -99    -99  4387  3.651  13492 1  -9.405  0.002    0   1   0 159 100   0   8    -99    -99  3437  3.684  13492 1  
    51276.5048    81547    East         300       0x101bf       1.6775           -9.201  0.002    0   1   0 194   0   0   7    -99    -99  2774  2.797  13492 1  -8.985  0.002    0  41   0 164   0   0   8    -99    -99  1900  2.872  13492 1  
    51279.4503    81725    East         300       0x101bf       1.4858           -9.163  0.002    0   1   0 221   0   0   7    -99    -99  2738  2.217  13492 1  -9.001  0.002    0   1   0 178   0   0   8    -99    -99  1896  2.134  13492 1  
    51285.4647    82141    East         300       0x101ff       1.6051           -9.661  0.002    0   3   0 177 224   0   7    -99    -99  2883  3.293  13492 1  -9.659  0.001    0   1   0 208   0   0   8    -99    -99  2077  3.302  13492 1  
    51286.4702    82220    East         300       0x101ff       1.6427           -9.640  0.001    0   1   0 190 119   0   7    -99    -99  3061  3.130  13492 1  -9.614  0.001    0   1   0 182   0   0   8    -99    -99  1807  3.117  13492 1  
    51289.3835    82483    East         300       0x101ff       1.3695           -9.277  9.999    0   7   0 117   0   0   7    -99    -99  3482  4.732  13492 1  -8.958  9.999    0   7   0 131   0   0   8    -99    -99  2558  5.065  13492 1  
    51292.3814    82815    East         300       0x101ff       1.3851           -9.600  0.001    0   1   0 162  84   0   7    -99    -99  5240  2.931  13492 1  -9.422  0.002    0   1   0 154   0   0   8    -99    -99  4582  2.971  13492 1  
    51299.4095    83195    East         300       0x101ff       1.5361           -9.505  0.002    0   3   0 175 190   0   7    -99    -99 10720  3.204  13492 1  -9.272  0.002    0   1   0 148   0   0   8    -99    -99 11260  3.307  13492 1  
    51301.4262    83384    East         300       0x101ff       1.6287           -9.392  0.001    0   1   0 253   0   0   7    -99    -99  7081  2.284  13492 1  -9.183  0.002    0   1   0 166   0   0   8    -99    -99  5182  2.251  13492 1  
    51304.4144    83724    East         300       0x101ff       1.6133           -9.298  0.003    0   1   0 161   0   0   7    -99    -99  5070  2.329  13492 1  -8.984  0.003    0   1   0 136   0   0   8    -99    -99  3357  2.290  13492 1  
    51307.4052    83943    East         300       0x101ff       1.6082           -9.187  0.002    0   1   0 190   0   0   7    -99    -99  3426  2.203  13492 1  -8.865  0.002    0   1   0 168   0   0   8    -99    -99  1797  2.191  13492 1  
    51309.4868    84077    East         300       0x101ff       2.1245           -9.111  0.002    0   3   0 152 222   0   7    -99    -99  2899  3.311  13492 1  -8.813  0.003    0   1   0 159   0   0   8    -99    -99  1960  3.504  13492 1  
    51313.4552    84325    East         300       0x101ff       1.9754           -9.263  9.999    0   7   0 118   0   0   7    -99    -99  3434  5.742  13492 1  -8.958  9.999    0   5 255 154   0   0   8    -99    -99  1904  6.180  13492 1  
    51315.4864    84546    East         300       0x101ff       2.2521           -9.253  0.003    0   1   0 162   0   0   7    -99    -99  4207  2.404  13492 1  -9.106  0.003    0   1   0 156   0   0   8    -99    -99  2689  2.475  13492 1  
    51319.4779    84956    East         300       0x101ff       2.2728           -9.682  0.001    0   1   0 192 112   0   7    -99    -99  4235  3.131  13492 1  -9.662  0.002    0   1   0 208   0   0   8    -99    -99  3305  3.197  13492 1  
    51329.4576    85287    East         300       0x101ff       2.3327           -9.288  9.999    0   7   0 107   0   0   7    -99    -99 13430  4.916  13492 1  -8.957  9.999    0   5 255 103   0   0   8    -99    -99 11946  5.080  13492 1  
    51340.4151    85805    East         300       0x101ff       2.2273           -9.278  9.999    0   5 255 133   0   0   7    -99    -99  3796  3.779  13492 1  -8.958  0.003    0   1   0 122 136   0   8    -99    -99  2119  4.035  13492 1  
    51350.3893    86418    East         300       0x101ff       2.2402           -9.493  0.002    0   1   0 140  78   0   7    -99    -99  4818  3.004  13492 1  -9.447  0.002    0   1   0 199   0   0   8    -99    -99  5034  3.229  13492 1  
    51360.8467    87119    West         300       0x101ef       1.6140              -99    -99  999 999 999 999 999 999  -1    -99    -99   -99    -99      0 0  -8.952  9.999    0   7   0 102   0   0  12    -99    -99 25989  7.859  13492 1  
    51363.7858    87532    West         300       0x101ff       1.8931           -9.277  9.999    0   7   0  99   0   0   3    -99    -99  5750  7.144  13492 1  -8.966  9.999    0   7   0  62   0   0  12    -99    -99  5696  7.361  13492 1  
    51382.7900    88282    West         300       0x101ff       1.5997           -9.271  9.999    0   7   0 107   0   0   3    -99    -99  2797  4.601  13492 1  -8.930  0.004    0   3   0  87 224   0  12    -99    -99  2498  4.669  13492 1  
    51392.7451    89034    West         300       0x101ff       1.6798           -9.668  0.002    0   3   0 178 196   0   3    -99    -99  5330  3.145  13492 1  -9.554  0.002    0   1   0 172   0   0  12    -99    -99  6424  3.159  13492 1  
    51395.7903    89385    West         300       0x101ff       1.4648           -9.275  9.999    0   7   0 126   0   0   3    -99    -99  3537  4.456  13492 1  -8.975  9.999    0   7   0  55   0   0  12    -99    -99  2828  4.595  13492 1  
    51405.7264    89952    West         300       0x101fb       1.6026           -9.356  0.002    0   3   0 115 226   0   3    -99    -99  2420  3.311  13492 1  -9.087  0.002    0   1   0 127   0   0  12    -99    -99  2491  3.356  13492 1  
    51408.7418    90229    West         300       0x101ff       1.5092           -9.263  9.999    0   7   0 208   0   0   3    -99    -99  2318  4.652  13492 1  -8.966  9.999    0   7   0  74   0   0  12    -99    -99  2260  4.747  13492 1  
    51411.7869    90479    West         300       0x101ff       1.3529           -9.262  9.999    0   7   0 152   0   0   3    -99    -99  2712  4.380  13492 1  -8.963  9.999    0   7   0 131   0   0  12    -99    -99  2237  4.424  13492 1  
    51414.8223    90779    West         300       0x101ff       1.2724           -9.158  0.002    0   1   0 162   0   0   3    -99    -99 17567  2.597  13492 1  -8.945  0.003    0   1   0 127   0   0  12    -99    -99 20643  2.552  13492 1  
    51421.6999    91181    West         300       0x101ff       1.5327           -9.703  0.002    0   1   0 194 136   0   3    -99    -99  4563  3.052  13492 1  -9.713  0.002    0   1   0 175   0   0  12    -99    -99  5646  3.018  13492 1  
    51426.7318    91385    West         300       0x101ff       1.3876           -9.283  9.999    0   5 255 134   0   0   3    -99    -99  3172  3.765  13492 1  -9.434  0.002    0   1   0 131  99   0  12    -99    -99  2546  3.785  13492 1  
    51432.6749    91731    West         300       0x101ff       1.5138           -9.288  9.999    0   7   0 209   0   0   3    -99    -99  2330  5.208  13492 1  -8.971  9.999    0   5 255  49   0   0  12    -99    -99  2256  5.357  13492 1  
    51434.7784    91968    West         300       0x101ff       1.2581           -9.274  9.999    0   5 255 216   0   0   3    -99    -99  2300  3.531  13492 1  -9.274  0.002    0   1   0 194   0   0  12    -99    -99  2079  3.534  13492 1  
    51439.7170    92139    West         300       0x101ff       1.3382           -9.276  9.999    0   5 255 151   0   0   3    -99    -99  2338  3.421  13492 1  -9.034  0.002    0   1   0 133  72   0  12    -99    -99  2167  3.450  13492 1  
    51443.7486    92365    West         300       0x101ff       1.2647           -9.124  0.002    0   1   0 129  79   0   3    -99    -99  4637  2.853  13492 1  -8.729  0.003    0   1   0 228   0   0  12    -99    -99  5342  2.830  13492 1  
    51450.6912    92543    West         300       0x101ff       1.3292           -9.103  0.004    0   1   0 143   0   0   3    -99    -99 14341  2.541  13492 1     -99    -99  999 999 999 999 999 999  -1    -99    -99   -99    -99      0 0  
    51462.5939    92689    West         300       0x101ff       1.5104           -9.276  9.999    0   7   0  81   0   0   3    -99    -99  2047  6.922  13492 1  -8.965  9.999    0   7   0 112   0   0  12    -99    -99  2154  7.086  13492 1  
    51466.6631    92822    West         300       0x101ff       1.2995           -9.258  9.999    0   7   0 138   0   0   3    -99    -99  2174  4.764  13492 1  -8.971  9.999    0   7   0  75   0   0  12    -99    -99  2324  4.883  13492 1  
    51470.7515    92967    West         300       0x101ff       1.2147           -9.270  9.999    0   7   0 131   0   0   3    -99    -99  2171  4.309  13492 1  -9.240  0.003    0   3   0 124 217   0  12    -99    -99  2034  4.547  13492 1  
    51472.6287    93087    West         300       0x101ff       1.3341           -9.278  9.999    0   7   0  89 157   0   3    -99    -99  4702  4.350  13492 1  -9.157  0.004    0   3   0  75 221   0  12    -99    -99  7725  4.420  13492 1  
    51477.6981    93184    West         300       0x101ff       1.2250           -9.271  9.999    0   5 255 101   0   0   3    -99    -99 12386  3.789  13492 1  -8.904  0.006    0   1   0  98   0   0  12    -99    -99 11524  3.936  13492 1  
    51479.5713    93282    West         300       0x101ff       1.4316           -9.259  9.999    0   7   0 253  99   0   3    -99    -99  4545  3.301  13492 1  -8.829  0.003    0   1   0 212  55   0  12    -99    -99  4322  3.220  13492 1  
    51484.5427    93396    West         300       0x101ff       1.4791           -9.267  9.999    0   7   0 135   0   0   3    -99    -99  2351  3.808  13492 1  -8.947  0.003    0   3   0 118 168   0  12    -99    -99  2148  3.809  13492 1  
    51489.4975    93522    West         300       0x101ff       1.5999           -9.262  9.999    0   7   0 124   0   0   3    -99    -99  2541  4.723  13492 1  -8.972  9.999    0   7   0  62   0   0  12    -99    -99  2273  4.806  13492 1  
    51492.5660    93632    West         300       0x1017f       1.3519           -9.273  9.999    0   7   0  99 200   0   3    -99    -99  2270  3.946  13492 1  -9.571  0.002    0   3   0 129 195   0  12    -99    -99  2217  4.002  13492 1  
    51494.6654    93742    West         300       0x101ff       1.2185           -9.621  0.007    0   1   0  92   0   0   3    -99    -99  5275  3.410  13492 1  -9.497  0.008    0   1   0  84   0   0  12    -99    -99  4964  3.521  13492 1  
    51505.4800    93855    West         300       0x101ff       1.4974           -9.274  9.999    0   5 255 100   0   0   3    -99    -99 13322  3.644  13492 1  -9.199  0.003    0   1   0 111  96   0  12    -99    -99 14938  3.650  13492 1  
    51510.5542    93977    West         300       0x101ff       1.2809           -9.225  0.002    0   3   0 215 229   0   3    -99    -99  1933  3.249  13492 1  -8.914  0.002    0   1   0 218   0   0  12    -99    -99  1973  3.181  13492 1  
    51512.7249    94065    West         300       0x101ff       1.2785           -9.123  0.002    0   1   0 144  83   0   3    -99    -99  3804  2.958  13492 1  -8.853  0.002    0   1   0 124   0   0  12    -99    -99  3677  2.967  13492 1  
    51514.6376    94176    West         300       0x101ff       1.2151           -9.275  9.999    0   7   0 158   0   0   3    -99    -99  2127  3.301  13492 1  -8.810  0.002    0   1   0 110   0   0  12    -99    -99  1799  3.341  13492 1  
    51515.7229    94258    West         300       0x101ff       1.2882           -9.032  0.002    0   1   0 187  88   0   3    -99    -99  3198  2.968  13492 1  -8.816  0.002    0   1   0 181   0   0  12    -99    -99  2477  3.083  13492 1  
    51525.6003    94382    West         300       0x101ff       1.2149           -9.746  0.002    0   1   0 187 116   0   3    -99    -99  2492  3.045  13492 1  -9.694  0.002    5   1   0 191   0   0  12    -99    -99  2345  3.166  13492 1  
    51531.5831    94494    East         300       0x101ff       1.2135           -9.276  9.999    0   7   0 133   0   0   7    -99    -99  4912  4.173  13492 1  -9.486  0.003    0   3   0 137 196   0   8    -99    -99  6040  4.276  13492 1  
    51535.6872    94593    East         300       0x101ff       1.3220           -9.624  0.002    0   3   0 170 203   0   7    -99    -99  8574  3.197  13492 1  -9.417  0.002    0   1   0 157   0   0   8    -99    -99  8970  3.282  13492 1  
    51542.6472    94683    West         300       0x101ff       1.2853           -9.284  0.012    0   1   0 108   0   0   3    -99    -99  6488  4.140  13492 1  -8.996  0.016    0   1   0  95   0   0  12    -99    -99  5858  4.285  13492 1  
