!  Star 32.10962.261                       RA  05 47 45.813   DEC  -68 07 34.58
#  287 observations from the production databases
#  Field inception date: 50235.0833
#  Pixel coordinate system: none
#
#  Template         magnitude        chip coordinates        west-chunk
#     Red:           -10.037           76.03, 1806.02             15
#    Blue:           -10.242           65.31, 1790.64             96
#
!         Date    Obsid    Pier    Exposure     Checklist      Airmass             rMag   rErr  rDS rTF rCP rX2 rMP rCR  rA  rXpix  rYpix  rSky  rFWHM  rTobs r    bMag   bErr  bDS bTF bCP bX2 bMP bCR  bA  bXpix  bYpix  bSky  bFWHM  bTobs b  
    48917.7238     1497    West         300       0x101bf       1.1959          -10.037  0.002    9   1 255 229 232   0   2    -99    -99  3611  3.239   3627 1 -10.281  0.002    6   1 255 234 237   0  13    -99    -99  3553  3.425   3627 1  
    48919.7266     1565    West         300       0x101bf       1.1942          -10.071  0.003    6   1  15 156   0   0   2    -99    -99  7816  3.519   3627 1 -10.190  0.003    0   1  22 166   0   0  13    -99    -99  7635  3.883   3627 1  
    48927.6686     1643    West         300       0x101bf       1.2095          -10.039  0.002    0   1  18 173   0   0   2    -99    -99  4023  4.060   3627 1 -10.162  0.002    0   1 255 193 223   0  13    -99    -99  3657  4.024   3627 1  
    48928.7575     1713    West         300       0x101bf       1.2140          -10.059  0.005    0   1  51 115   0   0   2    -99    -99 20762  5.210   3627 1 -10.176  0.005    0   1 255 151 157   0  13    -99    -99 34649  5.582   3627 1  
    48929.6489     1760    West         300       0x101bf       1.2217          -10.004  0.002    0   1 255 226 218   0   2    -99    -99  3665  3.319   3627 1 -10.216  0.002    0   5 255 250 237   0  13    -99    -99  3831  3.275   3627 1  
    48931.7061     1856    West         300       0x101bf       1.1941          -10.047  0.002    0   1 255 149 215   0   2    -99    -99  3291  3.706   3627 1 -10.194  0.002    0   1 255 166 236   0  13    -99    -99  3131  3.764   3627 1  
    48938.7113     2000    West         300       0x101bf       1.2014          -10.054  0.003    0   1  35 141   0   0   2    -99    -99 14142  4.429   3627 1 -10.194  0.004    0   1 255 141 221   0  13    -99    -99 13406  4.680   3627 1  
    48966.6936     2292    West         300       0x101bf       1.2605          -10.041  0.003    0   1  10 151   0   0   2    -99    -99 11827  3.857   3627 1 -10.187  0.002    0   1   7 161   0   0  13    -99    -99 12174  4.134   3627 1  
    48996.6436     2595    West         300       0x101bf       1.3205           -9.973  0.002    0   1   0 172 224   0   2    -99    -99  9976  3.179   3627 1 -10.129  0.003    0   1 255 164 233   0  13    -99    -99 12604  3.300   3627 1  
    49016.7246     3134    East         300       0x101bf       1.8865          -10.037  0.005    0   1  51 142   0   0   6    -99    -99  1890  5.234   3627 1 -10.220  0.004    0   1  42 160   0   0   9    -99    -99  1468  5.550   3627 1  
    49037.5834     3556    East         300       0x101bf       1.4671          -10.004  0.002    0   1   0 182   0   0   6    -99    -99  2621  3.221   3627 1 -10.170  0.002    0   1 255 238 207   0   9    -99    -99  2026  3.233   3627 1  
    49042.4777     3627    East         300       0x101bf       1.2459           -9.973  0.002    0   1 255 219 231   0   6    -99    -99  2348  2.490   3627 1 -10.218  0.002    0   1 255 240 239   0   9    -99    -99  1647  2.469   3627 1  
    49045.7273     3855    East         300       0x101bf       2.6040          -10.046  0.004    0   1  46 149   0   0   6    -99    -99  2321  5.183   3627 1 -10.235  0.004    0   1  42 165   0   0   9    -99    -99  1815  5.667   3627 1  
    49086.5967     5052    East         300       0x101bf       2.4007           -9.956  0.005    0   1  46 212   0   0   6    -99    -99 11762  4.624   3627 1 -10.156  0.003    0   1  25 199  41   0   9    -99    -99 11737  4.701   3627 1  
    49094.5658     5326    East         300       0x101bf       2.3177          -10.011  0.002    0   1  14 161   0   0   6    -99    -99  3252  3.378   3627 1 -10.206  0.002    0   1   0 187   0   0   9    -99    -99  2389  3.586   3627 1  
    49114.5571     6504    East         300       0x101bf       2.7942          -10.040  0.005    0   1  46 103   0   0   6    -99    -99 21734  5.339   3627 1 -10.219  0.005    0   1  39 128   0   0   9    -99    -99 20874  5.649   3627 1  
    49123.5346     6961    East         300       0x101bf       2.8165          -10.021  0.003    0   1  27 155 101   0   6    -99    -99  4031  4.062   3627 1 -10.196  0.002    0   1  10 166   0   0   9    -99    -99  2643  4.391   3627 1  
    49126.5298     7282    East         300       0x101bf       2.8623          -10.030  0.002    0   1   6 188   0   0   6    -99    -99  3691  3.560   3627 1 -10.212  0.002    0   1   6 175   0   0   9    -99    -99  2437  3.966   3627 1  
    49144.4914     8124    East         300       0x101bf       2.9883          -10.027  0.018    0   1 255  73 228   0   6    -99    -99 17694  5.852   3627 1 -10.239  0.007    0   1  51 100   0   0   9    -99    -99 16657  6.540   3627 1  
    49165.8138     9214    West         300       0x101bf       1.8384          -10.051  0.004    0   1  36 130   0   0   2    -99    -99  3895  4.509   3627 1 -10.217  0.003    0   1  24 141   0   0  13    -99    -99  3857  4.690   3627 1  
    49186.7863    10080    West         300       0x101bf       1.6678          -10.060  0.005    0   1  44  89   0   0   2    -99    -99  3977  5.080   3627 1 -10.228  0.004    0   1  34 125   0   0  13    -99    -99  3364  5.342   3627 1  
    49194.8016    10384    West         300       0x101bf       1.5006          -10.052  0.003    0   1  35 169   0   0   2    -99    -99  2520  4.515   3627 1 -10.229  0.002    0   1  25 171   0   0  13    -99    -99  2137  4.576   3627 1  
    49209.7380    11034    West         300       0x101bf       1.5978          -10.014  0.005    0   1  51  97   0   0   2    -99    -99  2771  5.645   3627 1 -10.188  0.005    0   1  49 114   0   0  13    -99    -99  2957  5.964   3627 1  
    49216.7375    11399    West         300       0x101bf       1.5191          -10.054  0.004    0   1  45  80   0   0   2    -99    -99  2530  5.212   3627 1 -10.228  0.004    0   1  41 107   0   0  13    -99    -99  2210  5.411   3627 1  
    49222.8035    11817    West         300       0x101bf       1.2852          -10.044  0.002    0   1 255 226 205   0   2    -99    -99  2240  2.610   3627 1 -10.224  0.002    0   1 255 248 242   0  13    -99    -99  2198  2.531   3627 1  
    49255.7408    12282    West         300       0x101bf       1.2424          -10.040  0.003    0   1  31 182   0   0   2    -99    -99  2123  3.751   3627 1 -10.173  0.012    0   1  82 110   0   0  13    -99    -99  2123  3.907   3627 1  
    49268.7289    12732    West         300       0x101bf       1.2162          -10.031  0.002    0   1   0 183   0   0   2    -99    -99  2803  3.069   3627 1 -10.199  0.002    0   1 255 199 241   0  13    -99    -99  2901  2.875   3627 1  
    49286.6586    13185    West         300       0x101bf       1.2386          -10.041  0.002    0   1   0 253   0   0   2    -99    -99  3619  3.116   3627 1 -10.211  0.002    1   1 255 253 223   0  13    -99    -99  6108  3.316   3627 1  
    49302.6993    13420    West         300       0x101bf       1.1954          -10.010  0.002    0   1  18 174   0   0   2    -99    -99  1490  3.862   3627 1 -10.198  0.002    0   1 255 198 183   0  13    -99    -99  1367  3.815   3627 1  
    49309.6457    13540    West         300       0x101bf       1.1982          -10.044  0.001    0   1 255 226 198   0   2    -99    -99  1771  2.703   3627 1 -10.253  0.002    0   1 255 214 243   0  13    -99    -99  1842  2.733   3627 1  
    49313.6519    13717    West         300       0x101bf       1.1943          -10.023  0.002    0   1  27 148   0   0   2    -99    -99  1914  4.414   3627 1 -10.211  0.002    0   1  17 164   0   0  13    -99    -99  1656  4.644   3627 1  
    49376.7114    14077    East         300       0x00110       1.7420          -10.018  0.002    0   1   4 165   0   0   6    -99    -99  2157  3.552   3627 1 -10.210  0.002    0   1   0 179 207   0   9    -99    -99  1561  3.609   3627 1  
    49376.7154    14078    East         300       0x00110       1.7696          -10.015  0.002    0   1  10 174   0   0   6    -99    -99  2121  3.651   3627 1 -10.200  0.002    0   1   0 181 218   0   9    -99    -99  1572  3.734   3627 1  
    49390.6129    14455    East         300       0x101bf       1.4518           -9.974  0.002    0   1  14 206   0   0   6    -99    -99  2912  3.801   3627 1 -10.183  0.002    0   1   3 230 187   0   9    -99    -99  2196  3.722   3627 1  
    49399.6781    14608    East         300       0x101bf       1.8976           -9.990  0.002    0   1  22 195   0   0   6    -99    -99  2528  4.510   3627 1     -99    -99  999 999 999 999 999 999   9    -99    -99  2086  4.580   3627 0  
    49412.4446    14915    East         300       0x101bf       2.3656           -9.971  0.003    0   1  26 203   0   0   6    -99    -99  8559  3.717   3627 1     -99    -99  999 999 999 999 999 999   9    -99    -99 11190  3.830   3627 0  
    49448.6469    16060    East         300       0x101bf       2.8614           -9.999  0.025    0   1  87   4   0   0   6    -99    -99  3603  9.937   3627 1 -10.189  0.022    0   1  77 109 175   0   9    -99    -99  3257 10.383   3627 1  
    49460.6117    16606    East         300       0x101bf       2.8307          -10.017  0.002    0   1   3 168   0   0   6    -99    -99  3564  3.739   3627 1 -10.201  0.002    0   1   8 172 167   0   9    -99    -99  2400  4.197   3627 1  
    49472.5849    17230    East         300       0x101bf       2.9057          -10.000  0.005    0   1  48 112   0   0   6    -99    -99  7754  5.250   3627 1 -10.196  0.004    0   1  40 173 160   0   9    -99    -99  6294  5.765   3627 1  
    49484.5593    17749    East         300       0x101bf       2.9921           -9.996  0.002    0   1  17 179   0   0   6    -99    -99  3439  3.725   3627 1 -10.193  0.002    0   1  16 192   0   0   9    -99    -99  2391  4.038   3627 1  
    49530.7728    19708    West         300       0x101bf       2.1407          -10.039  0.004    0   1  49 108   0   0   2    -99    -99  6224  4.989   3627 1 -10.212  0.004    0   1  41 124   0   0  13    -99    -99  7997  5.208   3627 1  
    49538.8101    20239    West         300       0x101bf       1.7336          -10.035  0.003    0   1  35 137   0   0   2    -99    -99  3566  4.623   3627 1 -10.209  0.002    0   1  21 168   0   0  13    -99    -99  2405  4.720   3627 1  
    49549.7069    20925    West         300       0x101bf       2.2626          -10.047  0.006    0   1  59  79   0   0   2    -99    -99  3419  5.631   3627 1 -10.233  0.005    0   1  48 107   0   0  13    -99    -99  2496  6.026   3627 1  
    49554.6946    21225    West         300       0x101bf       2.2510          -10.068  0.010    0   1  71  67   0   0   2    -99    -99 13288  6.429   3627 1 -10.250  0.008    0   1  62 103   0   0  13    -99    -99 14481  6.652   3627 1  
    49566.7779    21930    West         300       0x101bf       1.5230          -10.030  0.002    0   1  16 146   0   0   2    -99    -99  2555  3.944   3627 1 -10.205  0.002    0   1   8 177   0   0  13    -99    -99  2181  4.091   3627 1  
    49573.7727    22439    West         300       0x0013f       1.4703          -10.029  0.002    0   1   7 157   0   0   2    -99    -99  2286  3.809   3627 1 -10.210  0.002    0   1   7 184   0   0  13    -99    -99  2025  3.845   3627 1  
    49579.7799    22814    West         300       0x101bf       1.3940          -10.008  0.002    0   1 255 238 243   0   2    -99    -99  2868  2.039   3627 1 -10.155  0.003    0   1 255 232 252   0  13    -99    -99  2166  1.964   3627 1  
    49592.7254    23535    West         300       0x101bf       1.4543          -10.028  0.002    0   1   8 177   0   0   2    -99    -99  3803  3.730   3627 1 -10.195  0.002    0   1   0 198   0   0  13    -99    -99  3372  3.849   3627 1  
    49608.7289    24306    West         300       0x101bf       1.3213          -10.032  0.003    0   1  32 149   0   0   2    -99    -99  1893  4.303   3627 1 -10.203  0.002    0   1  17 167   0   0  13    -99    -99  1967  4.458   3627 1  
    49617.7115    24798    West         300       0x101bf       1.3058          -10.045  0.007    0   1  65  83   0   0   2    -99    -99  5564  6.186   3627 1 -10.230  0.006    0   1  47  89   0   0  13    -99    -99  8007  6.380   3627 1  
    49633.7001    25465    West         300       0x101bf       1.2495          -10.031  0.002    0   1   0 186   0   0   2    -99    -99  1537  3.297   3627 1 -10.197  0.002    0   1 255 184 190   0  13    -99    -99  1706  3.429   3627 1  
    49648.6054    26022    West         300       0x101bf       1.3559          -10.058  0.002    0   1 255 221 236   0   2    -99    -99  4581  2.288   3627 1 -10.224  0.002    0   1 255 229 242   0  13    -99    -99  4779  2.261   3627 1  
    49666.6042    26349    West         300       0x101bf       1.2579          -10.016  0.002    0   1 255 234 213   0   2    -99    -99  1814  2.392   3627 1 -10.194  0.002    0   1 255 230 241   0  13    -99    -99  2092  2.345   3627 1  
    49681.6347    26639    West         300       0x101af       1.1958          -10.018  0.002    0   1 255 204 223   0   2    -99    -99  2304  2.844   3627 1 -10.240  0.002    0   1 255 183 242   0  13    -99    -99  3040  2.854   3627 1  
    49699.5612    27166    West         300       0x101bf       1.2069          -10.036  0.001    0   1   0 211   0   0   2    -99    -99  4193  2.972   3627 1 -10.206  0.002    0   1 255 204 230   0  13    -99    -99  5833  3.059   3627 1  
    49717.5303    27500    East         300       0x101bf       1.1960              -99    -99  999 999 999 999 999 999  -1    -99    -99   -99    -99      0 0 -10.199  0.003    0   1 255 221 253   0   9    -99    -99  1904  2.337   3627 1  
    49729.5683    27651    East         300       0x101bf       1.2141              -99    -99  999 999 999 999 999 999  -1    -99    -99   -99    -99      0 0 -10.259  0.002    0   1 255 221 247   0   9    -99    -99  4987  2.627   3627 1  
    49740.5964    27839    East         300       0x101bf       1.2967              -99    -99  999 999 999 999 999 999  -1    -99    -99   -99    -99      0 0 -10.202  0.002    0   1 255 173 241   0   9    -99    -99  2974  2.880   3627 1  
    49743.5140    27941    East         300       0x101bf       1.2025              -99    -99  999 999 999 999 999 999  -1    -99    -99   -99    -99      0 0 -10.201  0.002    0   1 255 185 244   0   9    -99    -99  1687  2.737   3627 1  
    49746.7187    28028    East         300       0x101bf       1.8406              -99    -99  999 999 999 999 999 999  -1    -99    -99   -99    -99      0 0 -10.213  0.002    0   1 255 217 247   0   9    -99    -99  1614  2.404   3627 1  
    49752.5480    28262    East         300       0x101bf       1.2678              -99    -99  999 999 999 999 999 999  -1    -99    -99   -99    -99      0 0 -10.210  0.002    0   1   8 179   0   0   9    -99    -99  1419  3.974   3627 1  
    49755.7648    28389    East         300       0x101bf       2.4129              -99    -99  999 999 999 999 999 999  -1    -99    -99   -99    -99      0 0 -10.226  0.002    0   1   0 201   0   0   9    -99    -99  4294  3.782   3627 1  
    49788.5055    28836    East         300       0x101bf       1.3954          -10.058  0.003    0   1  32 113   0   0   6    -99    -99  5140  4.435   3627 1 -10.223  0.002    0   1  11 147   0   0   9    -99    -99  4861  4.541   3627 1  
    49797.6190    29212    East         300       0x101bf       2.1298          -10.035  0.002    0   1 255 186 225   0   6    -99    -99  5491  2.979   3627 1 -10.235  0.002    0   1 255 236 235   0   9    -99    -99  5600  3.069   3627 1  
    49808.5693    29759    East         300       0x101bf       1.9762          -10.059  0.002    0   1   6 209   0   0   6    -99    -99  2196  3.643   3627 1 -10.228  0.001    0   1   0 228 120   0   9    -99    -99  1721  3.687   3627 1  
    49829.5311    30456    East         300       0x101bf       2.1254          -10.065  0.002    0   1   6 191   0   0   6    -99    -99  2401  3.589   3627 1 -10.211  0.002    0   1   0 198 194   0   9    -99    -99  2022  3.713   3627 1  
    49937.6256    34261    West         300       0x101bf       2.4444          -10.028  0.008    0   1  59  89   0   0   2    -99    -99 12521  6.237   3627 1 -10.213  0.007    0   1  52  94   0   0  13    -99    -99 10658  6.530   3627 1  
    49939.8025    34522    West         300       0x101bf       1.3702          -10.016  0.003    0   1 255 182 240   0   2    -99    -99  9947  2.653   3627 1 -10.172  0.003    0   1 255 193 244   0  13    -99    -99 12722  2.577   3627 1  
    49943.5824    34887    West         300       0x101bf       2.7313          -10.016  0.002    0   1   0 197   0   0   2    -99    -99  7791  3.117   3627 1 -10.169  0.002    0   1   0 181   0   0  13    -99    -99  9215  3.385   3627 1  
    49947.6120    35191    West         300       0x101bf       2.3112          -10.032  0.002    0   1  17 172   0   0   2    -99    -99  3528  3.959   3627 1 -10.182  0.003    0   1  24 183   0   0  13    -99    -99  2342  4.180   3627 1  
    49953.7350    35641    West         300       0x101bf       1.4608          -10.036  0.002    0   1 255 216 231   0  -1    -99    -99   -99    -99      0 1     -99    -99  999 999 999 999 999 999  -1    -99    -99   -99    -99      0 0  
    49970.7931    36424    West         300       0x101bf       1.2294          -10.037  0.002    0   1 255 205 207   0   2    -99    -99  5942  2.803   3627 1 -10.178  0.003    0   1 255 156 239   0  13    -99    -99  8832  2.816   3627 1  
    49982.6453    36814    West         300       0x101bf       1.4997          -10.072  0.002    0   1 255 207 239   0   2    -99    -99  2341  2.235   3627 1 -10.234  0.002    0   1 255 233 241   0  13    -99    -99  2065  2.151   3627 1  
    49987.6775    36964    West         300       0x101bf       1.3546          -10.051  0.002    0   1 255 234 228   0   2    -99    -99  1963  2.633   3627 1 -10.204  0.002    0   1 255 222 230   0  13    -99    -99  1960  2.715   3627 1  
    49998.6469    37327    West         300       0x101bf       1.3561          -10.035  0.002    0   1 255 170 230   0   2    -99    -99  9597  2.817   3627 1 -10.191  0.002    0   1 255 214 233   0  13    -99    -99 15863  2.671   3627 1  
    50013.7442    37707    West         300       0x101bf       1.1943          -10.029  0.002    0   1  12 164   0   0   2    -99    -99  1813  3.644   3627 1 -10.186  0.002    0   1 255 202 195   0  13    -99    -99  1510  3.486   3627 1  
    50072.6498    38710    West         300       0x101bf       1.2373          -10.003  0.003    0   1  34 144   0   0   2    -99    -99  1427  4.637   3627 1 -10.151  0.003    0   1  37 159   0   0  13    -99    -99  1140  4.911   3627 1  
    50107.6324    39185    East         300       0x100af       1.3975              -99    -99  999 999 999 999 999 999  -1    -99    -99   -99    -99      0 0     -99    -99  999 999 999 999 999 999  -1    -99    -99   -99    -99      0 0  
    50127.6749    39654    East         300       0x101bf       1.8360          -10.030  0.003    0   1  39 105   0   0   6    -99    -99  2114  4.900   3627 1 -10.208  0.003    0   1  29 139   0   0   9    -99    -99  1654  4.980   3627 1  
    50159.6658    40506    East         300       0x101bf       2.4818          -10.005  0.004    0   1  44 103   0   0   6    -99    -99  3242  5.353   3627 1 -10.204  0.004    0   1  41 117   0   0   9    -99    -99  1921  5.716   3627 1  
    50181.6226    41365    East         300       0x101bf       2.6614           -9.996  0.002    0   1   0 190   0   0   6    -99    -99  7366  3.463   3627 1 -10.145  0.002    0   1   0 201 197   0   9    -99    -99  6700  3.684   3627 1  
    50201.5103    42256    East         300       0x101bf       2.1060          -10.044  0.003    0   1  24 164   0   0   6    -99    -99  6863  3.677   3627 1 -10.204  0.004    0   1 255 182 200   0   9    -99    -99  7344  3.908   3627 1  
    50227.4769    43517    East         300       0x101bf       2.4488           -9.964  0.003    0   1  38 177   0   0   6    -99    -99  4068  4.244   3627 1 -10.146  0.002    0   1  15 188   0   0   9    -99    -99  3204  4.452   3627 1  
    50239.4699    44488    East         300       0x101bf       2.7259           -9.982  0.003    0   1  38 212   0   0   6    -99    -99  5263  4.116   3627 1 -10.141  0.002    0   1  25 207   0   0   9    -99    -99  4588  4.381   3627 1  
    50300.7709    46753    West         300       0x101bf       1.5124           -9.966  0.007    0   1  65  87   0   0   2    -99    -99  2784  6.387   3627 1 -10.165  0.004    0   1  49 111   0   0  13    -99    -99  3195  6.043   3627 1  
    50311.8075    47624    West         300       0x0013f       1.3131           -9.959  0.003    0   1  33 149   0   0   2    -99    -99  2370  4.540   3627 1 -10.126  0.002    0   1  16 169   0   0  13    -99    -99  1878  4.679   3627 1  
    50348.7816    48864    West         300       0x101bf       1.2079           -9.975  0.004    0   1  40 109   0   0   2    -99    -99  2732  5.123   3627 1 -10.139  0.004    0   1  39 122   0   0  13    -99    -99  2497  5.418   3627 1  
    50368.7490    49430    West         300       0x101bf       1.1967           -9.929  0.005    0   1  53 100   0   0   2    -99    -99  2350  5.286   3627 1 -10.117  0.004    0   1  38 118   0   0  13    -99    -99  1619  5.482   3627 1  
    50374.7508    49712    West         300       0x101bf       1.1938           -9.950  0.002    0   1  18 163   0   0   2    -99    -99  1812  3.982   3627 1 -10.133  0.002    0   1   7 188   0   0  13    -99    -99  1691  3.967   3627 1  
    50376.7347    49774    West         300       0x101bf       1.1949           -9.952  0.002    0   1   3 193   0   0   2    -99    -99  2152  3.313   3627 1 -10.144  0.002    0   1 255 201 199   0  13    -99    -99  1786  3.263   3627 1  
    50389.7117    50150    West         300       0x101bf       1.1938           -9.940  0.002    0   1 255 191 237   0   2    -99    -99  2775  2.330   3627 1 -10.130  0.002    0   1 255 215 244   0  13    -99    -99  2471  2.149   3627 1  
    50401.6176    50442    West         300       0x101ff       1.2249           -9.963  0.003    0   1  26 137   0   0   2    -99    -99  1576  4.323   3627 1 -10.152  0.002    0   1  13 170   0   0  13    -99    -99  1649  4.214   3627 1  
    50410.7282    50733    West         300       0x101ff       1.2423           -9.926  0.002    0   1 255 204 198   0   2    -99    -99  6167  3.002   3627 1 -10.121  0.002    0   1 255 203 226   0  13    -99    -99  6159  3.055   3627 1  
    50425.7341    51166    West         300       0x1017f       1.3260           -9.938  0.003    0   1  19 152   0   0   2    -99    -99  6871  4.120   3627 1 -10.132  0.002    0   1  15 174   0   0  13    -99    -99  5954  4.101   3627 1  
    50433.6503    51475    East         300       0x101ff       1.2237           -9.928  0.004    0   1  37 135   0   0   6    -99    -99  2793  4.312   3627 1 -10.137  0.003    0   1  16 148   0   0   9    -99    -99  2174  4.344   3627 1  
    50456.6654    52192    East         300       0x101ff       1.3656           -9.906  0.002    0   1 255 197 241   0   6    -99    -99  1804  2.606   3627 1  -9.959  0.003    0   1 255 253 253   0   9    -99    -99  1363  2.327   3627 1  
    50480.5720    52735    East         300       0x101ff       1.3001           -9.899  0.002    0   1   8 181   0   0   6    -99    -99  2309  3.451   3627 1 -10.123  0.002    0   1   0 190   0   0   9    -99    -99  1753  3.332   3627 1  
    50484.7409    52867    East         300       0x1017b       2.1541           -9.931  0.006    0   1   0 151   0   0   6    -99    -99  3286  3.582   3627 1 -10.125  0.007    0   1 255 127 220   0   9    -99    -99  2489  3.744   3627 1  
    50492.6367    52995    East         300       0x001bf       1.6205           -9.875  0.002    0   1 255 214 197   0   6    -99    -99  1578  3.019   3627 1     -99    -99  999 999 999 999 999 999  -1    -99    -99   -99    -99      0 0  
    50494.6504    53080    East         300       0x101ff       1.7190           -9.885  0.002    0   1   1 206   0   0   6    -99    -99  1875  3.281   3627 1 -10.095  0.001    0   1   0 209   0   0   9    -99    -99  1403  3.390   3627 1  
    50497.5088    53212    East         300       0x101ff       1.2688           -9.847  0.003    0   1 255 206 235   0   6    -99    -99  7550  2.604   3627 1 -10.104  0.002    0   1 255 189 236   0   9    -99    -99  6847  2.431   3627 1  
    50498.7608    53326    East         300       0x101ff       2.7327           -9.870  0.002    0   1  17 172   0   0   6    -99    -99  2355  3.818   3627 1 -10.078  0.002    0   1   0 187   0   0   9    -99    -99  2016  3.944   3627 1  
    50507.6488    53471    East         300       0x101ff       1.9300           -9.854  0.002    0   1 255 177 233   0   6    -99    -99  4343  2.634   3627 1 -10.084  0.002    0   1 255 200 240   0   9    -99    -99  4505  2.700   3627 1  
    50510.7417    53580    East         300       0x101ff       2.8924           -9.902  0.002    0   1   0 198   0   0   6    -99    -99  4449  3.110   3627 1 -10.105  0.002    0   1   0 200  77   0   9    -99    -99  3623  3.352   3627 1  
    50519.6048    53743    East         300       0x101ff       1.8538           -9.869  0.007    0   1  61 103   0   0   6    -99    -99  2413  5.949   3627 1 -10.097  0.005    0   1  46 124 188   0   9    -99    -99  1606  6.160   3627 1  
    50521.7069    53881    East         300       0x001bf       2.8371           -9.873  0.003    0   1  35 146   0   0   6    -99    -99  2316  4.607   3627 1 -10.098  0.003    0   1  23 161   0   0   9    -99    -99  1937  4.825   3627 1  
    50526.5473    54083    East         300       0x101ff       1.6369           -9.902  0.006    0   1  52 101   0   0   6    -99    -99  5798  5.562   3627 1 -10.099  0.005    0   1  46 119   0   0   9    -99    -99  6152  5.690   3627 1  
    50529.6246    54254    East         300       0x101ff       2.2124           -9.902  0.002    0   1   8 172   0   0   6    -99    -99 12355  3.598   3627 1 -10.099  0.002    0   1   0 189   0   0   9    -99    -99 20859  3.709   3627 1  
    50532.5216    54407    East         300       0x101ff       1.5927           -9.901  0.002    0   1 255 201 207   0   6    -99    -99 12511  2.789   3627 1 -10.099  0.003    0   1 255 176 228   0   9    -99    -99 19052  2.794   3627 1  
    50534.6354    54557    East         300       0x101ff       2.4435           -9.898  0.004    0   1  37 138   0   0   6    -99    -99 11942  4.812   3627 1 -10.081  0.005    0   1 255 149 191   0   9    -99    -99 12066  5.159   3627 1  
    50539.5496    54739    East         300       0x101ff       1.8501           -9.894  0.002    0   1 255 253 216   0   6    -99    -99  2615  2.460   3627 1 -10.094  0.002    0   1 255 237 236   0   9    -99    -99  1536  2.455   3627 1  
    50542.4890    54884    East         300       0x101ff       1.5694           -9.891  0.004    0   1  41 129   0   0   6    -99    -99  2769  4.937   3627 1 -10.090  0.003    0   1  29 149   0   0   9    -99    -99  1705  4.996   3627 1  
    50547.5957    55340    East         300       0x101ff       2.4011           -9.890  0.002    0   1   0 214   0   0   6    -99    -99  2491  3.174   3627 1 -10.093  0.002    0   1   0 213   0   0   9    -99    -99  1873  3.334   3627 1  
    50551.5257    55532    East         300       0x101ff       1.9090           -9.877  0.002    0   1 255 202 207   0   6    -99    -99  2781  2.803   3627 1 -10.104  0.002    0   1 255 206 225   0   9    -99    -99  1746  2.761   3627 1  
    50553.6073    55696    East         300       0x101ff       2.6968           -9.900  0.002    0   1   0 198   0   0   6    -99    -99  2450  3.272   3627 1 -10.105  0.002    0   1   0 214   0   0   9    -99    -99  1945  3.490   3627 1  
    50557.5296    55886    East         300       0x101bf       2.0580           -9.911  0.002    0   1   1 182   0   0   6    -99    -99  7282  3.566   3627 1 -10.104  0.002    0   1   0 191   0   0   9    -99    -99 11648  3.597   3627 1  
    50565.4282    56143    East         300       0x101ff       1.5782           -9.830  0.002    0   1 255 223 234   0   6    -99    -99  2663  2.475   3627 1 -10.112  0.002    0   1 255 244 236   0   9    -99    -99  1669  2.495   3627 1  
    50568.5594    56443    East         300       0x101ff       2.6207           -9.879  0.002    0   1   0 211   0   0   6    -99    -99  2282  3.235   3627 1 -10.091  0.002    0   1   0 218   0   0   9    -99    -99  1903  3.369   3627 1  
    50575.5124    56778    East         300       0x101ff       2.3350           -9.959  0.026    0   1  87  16   0   0   6    -99    -99  2486 10.124   3627 1 -10.184  0.022    0   1  76  77 162   0   9    -99    -99  1851 10.365   3627 1  
    50579.4671    57103    East         300       0x101ff       2.0388           -9.884  0.003    0   1  24 172   0   0   6    -99    -99  2145  4.237   3627 1 -10.083  0.002    0   1   7 179 123   0   9    -99    -99  1570  4.448   3627 1  
    50581.5434    57293    East         300       0x001bf       2.8406           -9.895  0.002    0   1   0 217   0   0   6    -99    -99  3205  3.272   3627 1 -10.083  0.002    0   1   0 232 203   0   9    -99    -99  2287  3.532   3627 1  
    50593.4580    57488    East         300       0x101ff       2.2858           -9.906  0.003    0   1  31 150   0   0   6    -99    -99  7108  4.353   3627 1 -10.093  0.003    0   1 255 177 194   0   9    -99    -99  6286  4.649   3627 1  
    50599.4817    57871    East         300       0x101ff       2.6969           -9.896  0.003    0   1  34 140   0   0   6    -99    -99  3250  4.465   3627 1 -10.096  0.003    0   1  25 152   0   0   9    -99    -99  2261  4.854   3627 1  
    50603.4134    58200    East         300       0x101ff       2.1347           -9.874  0.002    0   1 255 219 201   0   6    -99    -99  3290  2.847   3627 1 -10.063  0.002    0   1   0 234 191   0   9    -99    -99  2205  2.999   3627 1  
    50607.8352    58616    West         300       0x101ff       2.0510           -9.881  0.002    0   1   0 198   0   0   2    -99    -99  4795  3.277   3627 1 -10.057  0.002    0   1   0 205   0   0  13    -99    -99  3608  3.368   3627 1  
    50614.3735    58948    East         300       0x101ff       2.0551           -9.889  0.003    0   1  23 166   0   0   6    -99    -99  5499  3.969   3627 1 -10.079  0.002    0   1   9 171   0   0   9    -99    -99  6220  4.163   3627 1  
    50617.4089    59281    East         300       0x101ff       2.4441           -9.873  0.003    0   1  24 148   0   0   6    -99    -99 12639  4.208   3627 1 -10.050  0.004    0   1  23 144 191   0   9    -99    -99 13013  4.528   3627 1  
    50622.4156    59575    East         300       0x101ff       2.6602           -9.836  0.002    0   1 255 203 204   0   6    -99    -99  5805  2.707   3627 1 -10.057  0.002    0   1   0 249 206   0   9    -99    -99  3868  3.026   3627 1  
    50631.7829    59959    West         300       0x101ff       1.9527           -9.889  0.005    0   1  46 107   0   0   2    -99    -99  2704  5.253   3627 1 -10.076  0.004    0   1  39 119   0   0  13    -99    -99  1978  5.485   3627 1  
    50644.6834    60773    West         300       0x101ff       2.5110           -9.896  0.013    0   1  74  39   0   0   2    -99    -99  4982  7.319   3627 1 -10.053  0.011    0   1  66  60   0   0  13    -99    -99  3958  7.637   3627 1  
    50651.7048    61386    West         300       0x101ff       2.1333           -9.845  0.002    0   1   0 187   0   0   2    -99    -99  9468  3.269   3627 1 -10.023  0.003    0   1  10 171   0   0  13    -99    -99 12871  3.531   3627 1  
    50656.8245    61674    West         300       0x101fb       1.4134           -9.841  0.006    0   1  55 121   0   0   2    -99    -99  2788  5.514   3627 1 -10.041  0.005    0   1  39 136   0   0  13    -99    -99  2410  5.820   3627 1  
    50660.7115    62043    West         300       0x101ff       1.8989           -9.836  0.003    0   1  27 149   0   0   2    -99    -99  3377  4.276   3627 1 -10.007  0.003    0   1  16 162   0   0  13    -99    -99  2156  4.452   3627 1  
    50662.7793    62249    West         300       0x101ff       1.5141           -9.831  0.002    0   1   0 206   0   0   2    -99    -99  2416  3.008   3627 1 -10.004  0.002    0   1   0 202   0   0  13    -99    -99  1842  3.099   3627 1  
    50670.7586    62703    West         300       0x101ff       1.5098           -9.828  0.004    0   1  41 144   0   0   2    -99    -99  2610  4.898   3627 1 -10.001  0.004    0   1  35 151   0   0  13    -99    -99  1968  5.070   3627 1  
    50675.5933    62975    West         300       0x101ff       2.5684           -9.820  0.011    0   1  69  70   0   0   2    -99    -99 10091  6.664   3627 1 -10.017  0.010    0   1  61  88   0   0  13    -99    -99  9524  7.012   3627 1  
    50679.6875    63298    West         300       0x101ff       1.7280           -9.811  0.002    0   1   0 195   0   0   2    -99    -99  8841  3.002   3627 1  -9.995  0.002    0   1   0 176   0   0  13    -99    -99 15817  3.299   3627 1  
    50681.7053    63525    West         300       0x101ff       1.6093           -9.806  0.004    0   1  45 202   0   0   2    -99    -99  5023  4.632   3627 1  -9.955  0.004  -11   1  38 221   0   0  13    -99    -99  7334  5.407   3627 1  
    50684.6670    63742    West         300       0x101ff       1.7663           -9.903  0.027    0   1  88  31   0   0   2    -99    -99  3391  9.159   3627 1 -10.045  0.022    0   1  79  43   0   0  13    -99    -99  3058  9.007   3627 1  
    50689.6821    64010    West         300       0x101ff       1.6154           -9.796  0.002    0   1 255 226 207   0   2    -99    -99  2239  2.491   3627 1  -9.982  0.002    0   1 255 229 212   0  13    -99    -99  2083  2.524   3627 1  
    50700.7389    64189    West         300       0x101ff       1.3215           -9.807  0.002    0   1   0 231 205   0   2    -99    -99  2244  2.385   3627 1  -9.996  0.002    0   1 255 225 235   0  13    -99    -99  1921  2.390   3627 1  
    50704.6593    64334    West         300       0x101ff       1.5355           -9.814  0.002    0   1 255 224 207   0   2    -99    -99  6857  2.499   3627 1  -9.969  0.003    0   1 255 216 229   0  13    -99    -99  7434  2.587   3627 1  
    50713.7671    64497    West         300       0x101ff       1.2205           -9.791  0.002    0   1   6 163   0   0   2    -99    -99  3209  3.486   3627 1  -9.971  0.002    0   1   0 188   0   0  13    -99    -99  2646  3.483   3627 1  
    50717.6690    64614    West         300       0x101ff       1.3808           -9.799  0.002    0   1 255 223 210   0   2    -99    -99  1619  2.430   3627 1  -9.955  0.002    0   1 255 233 234   0  13    -99    -99  1740  2.334   3627 1  
    50719.6070    64739    West         300       0x000bf       1.5843           -9.794  0.002    0   1   0 163   0   0   2    -99    -99  2126  3.539   3627 1  -9.967  0.002    0   1   1 160   0   0  13    -99    -99  2139  3.793   3627 1  
    50720.7407    64851    West         300       0x101ff       1.2281           -9.796  0.002    0   1   0 210   0   0   2    -99    -99  1830  2.899   3627 1  -9.983  0.002    0   1 255 216 202   0  13    -99    -99  1695  2.772   3627 1  
    50722.6314    64983    West         300       0x101ff       1.4555           -9.813  0.003    0   1   0 163   0   0   2    -99    -99  3924  3.031   3627 1  -9.996  0.003    0   1   0 160   0   0  13    -99    -99  3735  3.263   3627 1  
    50724.7798    65108    West         300       0x101ff       1.1952           -9.794  0.006    0   1  50  92   0   0   2    -99    -99  4491  5.333   3627 1  -9.986  0.004    0   1  32 113   0   0  13    -99    -99  5772  5.465   3627 1  
    50730.5521    65281    West         300       0x001af       1.7073           -9.778  0.003    0   1 255 206 236   0   2    -99    -99  4112  2.199   3627 1  -9.958  0.002    0   1 255 224 213   0  13    -99    -99  3717  2.358   3627 1  
    50731.6811    65362    West         300       0x101ff       1.2691           -9.793  0.008    0   1  63  75   0   0   2    -99    -99  1603  6.209   3627 1  -9.995  0.007    0   1  57  73   0   0  13    -99    -99  1693  6.627   3627 1  
    50733.6119    65490    West         300       0x101ff       1.4206           -9.782  0.003    0   1  30 142   0   0   2    -99    -99  4581  4.279   3627 1  -9.977  0.003    0   1   7 142   0   0  13    -99    -99  6429  4.280   3627 1  
    50734.7127    65577    West         300       0x101ff       1.2177           -9.768  0.003    0   1   8 171   0   0   2    -99    -99  4108  3.788   3627 1  -9.966  0.002    0   1   0 162   0   0  13    -99    -99  5859  3.941   3627 1  
    50736.6107    65700    West         300       0x101ff       1.3995           -9.792  0.002    0   1   0 185   0   0   2    -99    -99 10089  3.306   3627 1  -9.986  0.002    0   1   0 173   0   0  13    -99    -99 17379  3.293   3627 1  
    50737.6794    65787    West         300       0x101ff       1.2466           -9.750  0.004    0   1  38 137   0   0   2    -99    -99  8399  4.601   3627 1  -9.971  0.004    0   1  29 125   0   0  13    -99    -99 13246  4.780   3627 1  
    50743.6223    66062    West         300       0x101ff       1.3197           -9.784  0.003    0   1 255 206 243   0   2    -99    -99  2317  2.062   3627 1  -9.965  0.003    0   1 255 218 243   0  13    -99    -99  2184  2.110   3627 1  
    50745.5804    66183    West         300       0x101ff       1.4167           -9.791  0.002    0   1   0 220   0   0   2    -99    -99  2243  2.551   3627 1  -9.954  0.002    0   1 255 206 204   0  13    -99    -99  2216  2.704   3627 1  
    50746.6416    66270    West         300       0x101ff       1.2667           -9.774  0.002    0   1 255 220 211   0   2    -99    -99  2135  2.411   3627 1  -9.968  0.002    0   1 255 229 218   0  13    -99    -99  1959  2.237   3627 1  
    50748.7188    66365    West         300       0x101ff       1.1944           -9.780  0.002    0   1   7 165   0   0   2    -99    -99  1870  3.643   3627 1  -9.962  0.002    0   1   0 174   0   0  13    -99    -99  1547  3.778   3627 1  
    50767.6078    66478    West         300       0x101bf       1.2333           -9.762  0.002    0   1 255 187 194   0   2    -99    -99 10203  3.098   3627 1  -9.937  0.002    0   1 255 173 225   0  13    -99    -99  9843  3.123   3627 1  
    50770.5195    66598    West         300       0x101bf       1.3943           -9.777  0.002    0   1 255 205 207   0   2    -99    -99  3495  2.769   3627 1  -9.965  0.002    0   1 255 205 232   0  13    -99    -99  2578  2.725   3627 1  
    50774.6863    66732    West         300       0x101bf       1.2011           -9.758  0.002    0   1   0 187   0   0   2    -99    -99  2248  3.405   3627 1  -9.930  0.002    0   1 255 208 191   0  13    -99    -99  2253  3.352   3627 1  
    50784.6069    66972    West         300       0x101ff       1.1979           -9.765  0.002    0   1   0 195   0   0   2    -99    -99  1779  3.276   3627 1  -9.945  0.002    0   1 255 200 191   0  13    -99    -99  1570  3.247   3627 1  
    50793.5934    67085    West         300       0x101ff       1.1947           -9.790  0.003    0   1 255 178 239   0   2    -99    -99  6902  2.368   3627 1  -9.962  0.003    0   1 255 185 247   0  13    -99    -99  7744  2.451   3627 1  
    50796.6900    67171    West         300       0x101ff       1.2699           -9.756  0.002    0   1   0 197   0   0   2    -99    -99 10756  3.250   3627 1  -9.928  0.002    0   1 255 186 219   0  13    -99    -99  9826  3.229   3627 1  
    50802.6579    67321    West         300       0x101ff       1.2458           -9.805  0.009    1   1  11 108   0   0   2    -99    -99 12746  3.745   3627 1  -9.956  0.007    0   1   0 147   0   0  13    -99    -99  9178  3.643   3627 1  
    50804.6612    67418    West         300       0x101ff       1.2586           -9.743  0.003    0   1  19 164   0   0   2    -99    -99  2613  3.718   3627 1  -9.921  0.002    0   1   0 186   0   0  13    -99    -99  2289  3.852   3627 1  
    50810.4806    67527    West         300       0x101ff       1.2456           -9.766  0.002    0   1   0 178   0   0   2    -99    -99  2577  3.124   3627 1  -9.952  0.002    0   1 255 184 195   0  13    -99    -99  2143  3.083   3627 1  
    50813.5943    67662    East         300       0x101ff       1.2100           -9.777  0.002    0   1   0 210   0   0   6    -99    -99  3083  2.701   3627 1  -9.971  0.002    0   1 255 207 217   0   9    -99    -99  2608  2.663   3627 1  
    50825.5886    67787    East         300       0x101ff       1.2374           -9.765  0.003    0   1 255 202 231   0   6    -99    -99 15835  2.688   3627 1  -9.953  0.003    0   1 255 188 239   0   9    -99    -99 16903  2.691   3627 1  
    50832.4598    67884    East         300       0x101ff       1.2050           -9.719  0.003    0   1  28 184   0   0   6    -99    -99  1900  4.409   3627 1  -9.933  0.002    0   1   0 208   0   0   9    -99    -99  1878  3.993   3627 1  
    50839.6256    68104    East         300       0x101ff       1.3910           -9.711  0.002    0   1 255 218 204   0   6    -99    -99  1444  2.913   3627 1  -9.842  0.003    0   1 255 231 247   0   9    -99    -99  1268  2.762   3627 1  
    50841.6978    68221    East         300       0x101ff       1.7081           -9.749  0.002    0   1  11 189   0   0   6    -99    -99  1913  3.587   3627 1  -9.963  0.002    0   1   0 186 202   0   9    -99    -99  1447  3.695   3627 1  
    50844.7244    68327    East         300       0x101ff       1.9225           -9.642  0.002    0   1 255 253 224   0   6    -99    -99  2708  1.921   3627 1     -99    -99  999 999 999 999 999 999  -1    -99    -99   -99    -99      0 0  
    50845.5076    68342    East         300       0x101ff       1.2105           -9.788  0.002    0   1 255 241 203   0   6    -99    -99  2322  2.638   3627 1  -9.822  0.004    0   1 255 221 252   0   9    -99    -99  1845  2.299   3627 1  
    50850.6455    68463    East         300       0x101ff       1.5722           -9.767  0.002    0   1  15 169   0   0   6    -99    -99  2847  3.544   3627 1  -9.963  0.002    0   1   0 196   0   0   9    -99    -99  1860  3.402   3627 1  
    50859.4729    68564    East         300       0x101ff       1.2132           -9.797  0.002    0   1   0 200   0   0   6    -99    -99  4113  2.952   3627 1  -9.962  0.002    0   1 255 206 199   0   9    -99    -99  3213  2.921   3627 1  
    50861.6045    68670    East         300       0x101fb       1.5262           -9.790  0.002    0   1   0 188   0   0   6    -99    -99  3412  3.467   3627 1  -9.967  0.002    0   1   0 215   0   0   9    -99    -99  3718  3.515   3627 1  
    50862.7471    68770    East         300       0x101ff       2.5501           -9.772  0.002    0   1   6 186   0   0   6    -99    -99  5264  3.644   3627 1  -9.961  0.002    0   1   0 194   0   0   9    -99    -99  4770  3.856   3627 1  
    50865.4734    68896    East         300       0x000ff       1.2302           -9.798  0.002    0   1   0 174   0   0   6    -99    -99  1977  3.083   3627 1  -9.982  0.002    0   1 255 182 225   0   9    -99    -99  1562  2.938   3627 1  
    50866.6833    68995    East         300       0x100ff       2.0634           -9.850  0.022    0   1  84  21   0   0   6    -99    -99  2642  8.687   3627 1 -10.060  0.018    0   1  76  47   0   0   9    -99    -99  2074  9.058   3627 1  
    50869.4867    69135    East         300       0x101ff       1.2635           -9.777  0.004    0   1  35 159   0   0   6    -99    -99  2191  4.562   3627 1  -9.970  0.003    0   1  18 194   0   0   9    -99    -99  1843  4.377   3627 1  
    50874.5808    69318    East         300       0x101ff       1.5764           -9.788  0.002    0   1   0 214   0   0   6    -99    -99  2486  3.158   3627 1  -9.971  0.002    0   1   0 251 179   0   9    -99    -99  1663  3.291   3627 1  
    50878.5470    69458    East         300       0x101ff       1.4833           -9.805  0.004    0   1   7 158   0   0   6    -99    -99  7449  3.609   3627 1  -9.948  0.003    0   1   0 230 173   0   9    -99    -99  5082  3.659   3627 1  
    50880.6626    69551    East         300       0x101ff       2.2082           -9.800  0.003    0   1  19 154   0   0   6    -99    -99  4784  3.942   3627 1 -10.015  0.003    0   1  18 159 167   0   9    -99    -99  3082  4.162   3627 1  
    50882.5294    69679    East         300       0x101fb       1.4595           -9.726  0.002    0   1 255 220 228   0   6    -99    -99  7671  2.644   3627 1  -9.979  0.002    0   1 255 215 237   0   9    -99    -99  9522  2.688   3627 1  
    50884.6675    69843    East         300       0x101ff       2.3544           -9.808  0.003    0   1  12 186   0   0   6    -99    -99 14472  3.775   3627 1  -9.998  0.003    0   1  11 187   0   0   9    -99    -99 26461  4.175   3627 1  
    50908.4707    70085    East         300       0x001ab       1.5054           -9.823  0.002    0   1 255 160 197   0   6    -99    -99  4956  3.048   3627 1 -10.012  0.001    0   1   0 211   0   0   9    -99    -99  4531  3.106   3627 1  
    50910.5177    70296    East         300       0x101ff       1.7554           -9.842  0.002    0   1   0 201   0   0   6    -99    -99  8797  3.022   3627 1 -10.033  0.002    0   1 255 218 209   0   9    -99    -99  9618  2.972   3627 1  
    50917.5567    70549    East         300       0x101ff       2.1680           -9.827  0.002    0   1 255 191 203   0   6    -99    -99 10548  3.035   3627 1 -10.020  0.002    0   1 255 207 222   0   9    -99    -99 10806  3.047   3627 1  
    50931.4381    70878    East         300       0x101fb       1.6380           -9.804  0.002    0   1 255 204 207   0   6    -99    -99  3760  2.773   3627 1 -10.013  0.002    0   1 255 209 225   0   9    -99    -99  2060  2.803   3627 1  
    50941.4400    71131    East         300       0x101ff       1.7976           -9.832  0.003    0   1  14 147   0   0   6    -99    -99  8059  4.056   3627 1 -10.016  0.002    0   1   6 178   0   0   9    -99    -99 10856  4.155   3627 1  
    50951.4188    71436    East         300       0x101ff       1.8375              -99    -99  999 999 999 999 999 999   6    -99    -99  3671  3.705   3627 0     -99    -99  999 999 999 999 999 999   9    -99    -99  2001  3.816   3627 0  
    50958.4094    71858    East         300       0x101ff       1.9000           -9.821  0.006    0   1  51 111   0   0   6    -99    -99  3707  5.467   3627 1  -9.994  0.005    0   1  43 184 193   0   9    -99    -99  2112  5.709   3627 1  
    50969.4439    72438    East         300       0x101ff       2.4416           -9.862  0.002    0   1   0 208   0   0   6    -99    -99  6062  3.396   3627 1 -10.041  0.002    0   1   0 211   0   0   9    -99    -99  8188  3.613   3627 1  
    50980.4216    72958    East         300       0x101ff       2.5217           -9.850  0.002    0   1  18 176   0   0   6    -99    -99  3584  3.954   3627 1 -10.046  0.002    0   1   7 182   0   0   9    -99    -99  2618  4.282   3627 1  
    50990.3604    73400    East         300       0x101ff       2.1970           -9.756  0.002    0   1 255 197 233   0   6    -99    -99  3738  2.529   3627 1 -10.045  0.002    0   1 255 239 204   0   9    -99    -99  2067  2.696   3627 1  
    50995.7805    73772    West         300       0x101ff       1.9884           -9.826  0.002    0   1   9 190   0   0   2    -99    -99  3341  3.810   3627 1 -10.020  0.002    0   1  10 189   0   0  13    -99    -99  2094  3.836   3627 1  
    51004.7614    74306    West         300       0x101ff       1.9485           -9.813  0.002    0   1   0 253   0   0   2    -99    -99 10996  3.450   3627 1 -10.021  0.002    0   1   0 183   0   0  13    -99    -99 12944  3.561   3627 1  
    51025.8372    75085    West         300       0x101ff       1.3488           -9.821  0.003    0   1   0 247   0   0   2    -99    -99 12154  3.713   3627 1 -10.041  0.002    0   1   7 165   0   0  13    -99    -99  8779  3.851   3627 1  
    51033.7529    75265    West         300       0x101ff       1.5534           -9.835  0.003    0   1  22 183   0   0   2    -99    -99  9146  4.040   3627 1 -10.028  0.003    0   1  18 143   0   0  13    -99    -99 14328  4.164   3627 1  
    51048.8009    75665    West         300       0x000ff       1.2960           -9.776  0.002    0   1   0 253   0   0   2    -99    -99  2039  2.776   3627 1 -10.045  0.002    0   1 255 213 226   0  13    -99    -99  1696  2.737   3627 1  
    51054.7526    76072    West         300       0x101ff       1.3600           -9.608  0.002    0   1   0 253 196   0   2    -99    -99  2682  2.427   3627 1 -10.040  0.002    0   1 255 238 233   0  13    -99    -99  1972  2.432   3627 1  
    51057.7245    76280    West         300       0x101ff       1.4166           -9.840  0.003    0   1  18 156   0   0   2    -99    -99  2677  4.194   3627 1 -10.036  0.002    0   1  11 155   0   0  13    -99    -99  2254  4.182   3627 1  
    51062.7871    76498    West         300       0x101ff       1.2479           -9.634  0.002    5   1   0 253   0   0   2    -99    -99  8229  2.327   3627 1 -10.061  0.004    0   1 255 215 247   0  13    -99    -99 14888  2.309   3627 1  
    51073.6574    76729    West         300       0x101ff       1.4978           -9.892  0.008    0   1  64  99   0   0   2    -99    -99  2843  6.163   3627 1 -10.102  0.005    0   1  48 108   0   0  13    -99    -99  2135  6.264   3627 1  
    51084.6074    76990    West         300       0x101ff       1.5798           -9.937  0.006    0   1  50 146   0   0   2    -99    -99  2480  5.000   3627 1 -10.108  0.006    0   1  51 149   0   0  13    -99    -99  2355  5.112   3627 1  
    51086.5608    77110    West         300       0x101ff       1.7943           -9.860  0.002    0   1   0 237   0   0   2    -99    -99  5045  3.469   3627 1 -10.063  0.002    0   1   0 196   0   0  13    -99    -99  4989  3.474   3627 1  
    51089.5793    77272    West         300       0x101ff       1.6475           -9.888  0.005    0   1  44 135   0   0   2    -99    -99  7324  5.131   3627 1 -10.096  0.004    0   1  31 113   0   0  13    -99    -99 11151  5.081   3627 1  
    51099.5367    77418    West         300       0x001ff       1.7278              -99    -99  999 999 999 999 999 999  -1    -99    -99   -99    -99      0 0 -10.245  0.023   12   1  77 109   0   0  13    -99    -99  2335 11.365   3627 1  
    51100.7592    77532    West         300       0x1017f       1.1938           -9.755  0.002    0   1 255 253 202   0   2    -99    -99  2491  2.706   3627 1 -10.075  0.002    0   1 255 202 229   0  13    -99    -99  2195  2.685   3627 1  
    51105.7642    77683    West         300       0x101ff       1.1957           -9.877  0.004    0   1  34 153   0   0   2    -99    -99  5926  4.510   3627 1 -10.080  0.003    0   1  23 157   0   0  13    -99    -99  7659  4.530   3627 1  
    51108.6522    77808    West         300       0x101ff       1.2615           -9.783  0.002    0   1   0 253   0   0   2    -99    -99  1988  2.624   3627 1 -10.089  0.002    0   1 255 211 235   0  13    -99    -99  1703  2.499   3627 1  
    51111.5550    77958    West         300       0x101ff       1.4922           -9.873  0.002    0   1   0 253   0   0   2    -99    -99  1973  3.189   3627 1 -10.092  0.002    0   1   0 221   0   0  13    -99    -99  1819  3.175   3627 1  
    51113.7119    78082    West         300       0x101ff       1.1956           -9.905  0.003    0   1  16 150   0   0   2    -99    -99  1909  4.117   3627 1 -10.079  0.002    0   1  17 173   0   0  13    -99    -99  1392  4.078   3627 1  
    51118.7161    78202    West         300       0x101ff       1.1938           -9.897  0.002    0   1   6 196   0   0   2    -99    -99  3577  3.790   3627 1 -10.090  0.002    0   1   5 191   0   0  13    -99    -99  4129  3.724   3627 1  
    51121.5692    78333    West         300       0x101ff       1.3608           -9.918  0.004    0   1   4 221   0   0   2    -99    -99 22607  3.709   3627 1 -10.137  0.003    0   1   0 159   0   0  13    -99    -99 19633  3.693   3627 1  
    51132.6091    78453    West         300       0x101ff       1.2311           -9.893  0.002    0   1   0 243   0   0   2    -99    -99  2427  3.097   3627 1 -10.104  0.002    0   1   0 225   0   0  13    -99    -99  2117  3.018   3627 1  
    51139.5191    78557    West         300       0x101ff       1.3641           -9.943  0.005    0   1  49 115   0   0   2    -99    -99  2044  5.510   3627 1 -10.131  0.004    0   1  40 113   0   0  13    -99    -99  1851  5.658   3627 1  
    51144.7129    78663    West         300       0x101ff       1.2366           -9.916  0.012    0   1  75  63   0   0   2    -99    -99  2103  7.572   3627 1 -10.127  0.010    0   1  65  56   0   0  13    -99    -99  1302  8.018   3627 1  
    51148.6761    78778    West         300       0x101ff       1.2109           -9.879  0.002    0   1   0 253   0   0   2    -99    -99  5563  2.933   3627 1 -10.082  0.002    0   1 255 214 227   0  13    -99    -99  6014  2.694   3627 1  
    51157.6550    78928    West         300       0x101ff       1.2137           -9.911  0.002    0   1   0 216   0   0   2    -99    -99  2462  3.636   3627 1 -10.103  0.002    0   1   0 212   0   0  13    -99    -99  2357  3.571   3627 1  
    51170.5859    79098    East         300       0x101ff       1.1946              -99    -99  999 999 999 999 999 999  -1    -99    -99   -99    -99      0 0 -10.104  0.002    0   1 255 228 222   0   9    -99    -99  1661  2.633   3627 1  
    51172.5952    79201    East         300       0x101ff       1.2003              -99    -99  999 999 999 999 999 999  -1    -99    -99   -99    -99      0 0 -10.133  0.003    0   1 255 210 252   0   9    -99    -99  1509  2.063   3627 1  
    51179.6925    79325    East         300       0x101fb       1.3888           -8.335  0.007   14   1   0 236  90  47   6    -99    -99  3820  2.931   3627 1 -10.035  0.005    0   1 255 191 253   0   9    -99    -99 11742  1.933   3627 1  
    51181.6402    79417    East         300       0x101ff       1.2795              -99    -99  999 999 999 999 999 999  -1    -99    -99   -99    -99      0 0 -10.129  0.002    0   1 255 213 239   0   9    -99    -99 10132  2.332   3627 1  
    51183.7376    79529    East         300       0x101ff       1.5959              -99    -99  999 999 999 999 999 999  -1    -99    -99   -99    -99      0 0 -10.105  0.002    0   1 255 224 229   0   9    -99    -99  9447  2.689   3627 1  
    51195.5127    79752    East         300       0x101ff       1.1936           -9.905  0.001    0   1   0 253   0   0   6    -99    -99  2558  2.321   3627 1 -10.078  0.002    0   1 255 226 241   0   9    -99    -99  1891  2.035   3627 1  
    51206.6739    79854    East         300       0x101ff       1.5921          -10.020  0.002    0   1   0 219   0   0   6    -99    -99  4197  2.977   3627 1 -10.084  0.002    0   1 255 225 222   0   9    -99    -99  2727  2.874   3627 1  
    51214.7172    79970    East         300       0x101ff       1.9713              -99    -99  999 999 999 999 999 999  -1    -99    -99   -99    -99      0 0     -99    -99  999 999 999 999 999 999  -1    -99    -99   -99    -99      0 0  
    51223.6905    80060    East         300       0x101ff       1.9574          -10.007  0.002    0   1   2 208   0   0   6    -99    -99  3453  3.355   3627 1 -10.106  0.001    0   1 255 237 193   0   9    -99    -99  1996  3.177   3627 1  
    51227.6537    80174    East         300       0x101ff       1.7882          -10.007  0.002    0   1  20 205   0   0   6    -99    -99  2518  4.016   3627 1 -10.116  0.002    0   1   5 208 108   0   9    -99    -99  1732  3.878   3627 1  
    51236.4282    80400    East         300       0x101ff       1.2048           -9.887  0.002    0   1   0 253   0   0   6    -99    -99  9302  2.683   3627 1 -10.145  0.002    0   1 255 170 240   0   9    -99    -99  9346  2.509   3627 1  
    51241.5300    80504    East         300       0x101ff       1.4097           -9.989  0.002    0   1  24 201   0   0   6    -99    -99  6740  3.517   3627 1 -10.100  0.002    0   1 255 187 224   0   9    -99    -99 10612  3.247   3627 1  
    51241.6757    80534    East         300       0x101ff       2.2350           -9.969  0.002    0   1   2 228   0   0   6    -99    -99  9353  3.205   3627 1 -10.117  0.002    0   1 255 210 218   0   9    -99    -99 15263  3.294   3627 1  
    51246.6777    80713    East         300       0x101ff       2.3806           -9.998  0.002    0   1   0 250   0   0   6    -99    -99  4450  3.088   3627 1 -10.121  0.002    0   1 255 232 221   0   9    -99    -99  3813  3.119   3627 1  
    51249.6366    80838    East         300       0x101ff       2.0881          -10.030  0.002    0   1   0 253   0   0   6    -99    -99  2768  2.987   3627 1 -10.125  0.002    0   1 255 253 219   0   9    -99    -99  2150  2.883   3627 1  
    51251.5642    81009    East         300       0x101fb       1.6559          -10.026  0.002    0   1  18 202   0   0   6    -99    -99  2553  3.803   3627 1 -10.145  0.002    0   1 255 231 203   0   9    -99    -99  1874  3.584   3627 1  
    51260.4891    81211    East         300       0x101ff       1.4450          -10.023  0.002    0   1   0 227   0   0   6    -99    -99  2778  3.172   3627 1 -10.101  0.002    0   1 255 215 229   0   9    -99    -99  2005  2.965   3627 1  
    51265.5653    81396    East         300       0x101ff       1.8852              -99    -99  999 999 999 999 999 999  -1    -99    -99   -99    -99      0 0 -10.147  0.006    0   1  53 100 148   0   9    -99    -99  9541  6.363   3627 1  
    51278.4022    81594    East         300       0x101bf       1.3366           -9.960  0.002    0   1   0 212   0   0   6    -99    -99  4142  2.863   3627 1 -10.168  0.002    0   1   0 215   0   0   9    -99    -99  2878  2.691   3627 1  
    51281.5301    81923    East         300       0x101ff       1.9445           -9.914  0.008    0   1  65  79   0   0   6    -99    -99  2870  6.612   3627 1 -10.132  0.005    0   1  51  98   0   0   9    -99    -99  2063  6.660   3627 1  
    51287.4491    82300    East         300       0x101ff       1.5767           -9.941  0.004    0   1  43 134   0   0   6    -99    -99  2531  4.775   3627 1 -10.097  0.003    0   1  35 173   0   0   9    -99    -99  1800  4.810   3627 1  
    51290.3844    82601    East         300       0x101ff       1.3754           -9.966  0.002    0   1   2 179   0   0   6    -99    -99  4056  3.560   3627 1 -10.134  0.002    0   1   0 222   0   0   9    -99    -99  3192  3.664   3627 1  
    51293.4015    82927    East         300       0x101ff       1.4439           -9.971  0.002    0   1   0 253   0   0   6    -99    -99 16677  2.261   3627 1 -10.185  0.002    0   1   0 214   0   0   9    -99    -99 13074  2.230   3627 1  
    51299.4937    83214    East         300       0x101ff       2.0392           -9.968  0.002    0   1   0 214   0   0   6    -99    -99 18765  3.288   3627 1 -10.164  0.002    0   1 255 196 189   0   9    -99    -99 19804  3.406   3627 1  
    51301.4916    83398    East         300       0x101ff       2.0661           -9.871  0.002    0   1   0 253   0   0   6    -99    -99  9249  2.857   3627 1 -10.137  0.002    0   1 255 226 226   0   9    -99    -99  7860  2.946   3627 1  
    51304.4543    83733    East         300       0x101ff       1.8568           -9.932  0.002    0   1   3 213   0   0   6    -99    -99  3744  3.646   3627 1 -10.115  0.002    0   1   0 225   0   0   9    -99    -99  2300  3.664   3627 1  
    51307.4317    83949    East         300       0x101ff       1.7683           -9.943  0.002    0   1   7 203   0   0   6    -99    -99  3208  3.285   3627 1 -10.123  0.002    0   1   0 208 189   0   9    -99    -99  1759  3.328   3627 1  
    51312.4089    84225    East         300       0x101ff       1.7156           -9.956  0.003    0   1  20 162   0   0   6    -99    -99  4270  4.149   3627 1 -10.138  0.002    0   1  17 184   0   0   9    -99    -99  2153  4.292   3627 1  
    51314.4791    84435    East         300       0x101ff       2.2611           -9.956  0.001    0   1   0 253   0   0   6    -99    -99  3962  2.997   3627 1 -10.146  0.002    0   1 255 233 200   0   9    -99    -99  2093  3.156   3627 1  
    51318.4484    84898    East         300       0x101ff       2.0914          -10.012  0.005    0   1  10 156   0   0   6    -99    -99  6415  3.208   3627 1 -10.176  0.004    4   1   0 233   0   0   9    -99    -99  4302  3.229   3627 1  
    51329.3876    85275    East         300       0x000ff       1.8668           -9.950  0.004    0   1  45 136   0   0   6    -99    -99 10925  5.024   3627 1 -10.140  0.004    0   1  37 145   0   0   9    -99    -99  9282  5.258   3627 1  
    51352.3808    86649    East         300       0x101ff       2.3113           -9.963  0.002    0   1   0 196   0   0   6    -99    -99  7422  3.410   3627 1 -10.140  0.002    0   1   0 214   0   0   9    -99    -99  8018  3.586   3627 1  
    51362.7929    87384    West         300       0x101ff       1.8616           -9.924  0.002    0   1 255 210 197   0   2    -99    -99  7736  3.432   3627 1 -10.132  0.002    0   1   0 192   0   0  13    -99    -99  7073  3.581   3627 1  
    51382.7456    88272    West         300       0x101ff       1.8146           -9.952  0.003    0   1  25 182   0   0   2    -99    -99  3080  4.133   3627 1 -10.160  0.002    0   1  13 157   0   0  13    -99    -99  2493  4.329   3627 1  
    51392.7318    89031    West         300       0x101ff       1.7351           -9.943  0.002    0   1 255 198 190   0   2    -99    -99  5185  3.383   3627 1 -10.159  0.002    0   1   0 200   0   0  13    -99    -99  6297  3.516   3627 1  
    51395.7590    89378    West         300       0x101ff       1.5608           -9.954  0.004    0   1  42 134   0   0   2    -99    -99  4179  4.799   3627 1 -10.174  0.003    0   1  32 132   0   0  13    -99    -99  3017  4.936   3627 1  
    51405.7352    89954    West         300       0x101ff       1.5456           -9.790  0.002    0   1 255 253 225   0   2    -99    -99  2363  2.907   3627 1 -10.150  0.002    0   1 255 226 204   0  13    -99    -99  2424  2.942   3627 1  
    51408.7328    90227    West         300       0x101ff       1.5222           -9.937  0.003    0   1  30 163   0   0   2    -99    -99  2491  4.485   3627 1 -10.133  0.002    0   1  14 184   0   0  13    -99    -99  2328  4.464   3627 1  
    51411.7684    90475    West         300       0x101ff       1.3754           -9.961  0.003    0   1  34 159   0   0   2    -99    -99  2974  4.335   3627 1 -10.153  0.002    0   1  23 167   0   0  13    -99    -99  2372  4.331   3627 1  
    51420.6836    91060    West         300       0x101ff       1.5918           -9.909  0.002    0   1 255 225 236   0   2    -99    -99  6133  2.503   3627 1 -10.177  0.002    0   1 255 216 237   0  13    -99    -99  8142  2.448   3627 1  
    51423.7289    91256    West         300       0x101ff       1.3942           -9.894  0.002    0   1 255 241 238   0   2    -99    -99  4259  2.338   3627 1 -10.181  0.003    0   1 255 230 248   0  13    -99    -99  3506  2.232   3627 1  
    51427.7417    91471    West         300       0x001bb       1.3317           -9.955  0.002    0   1  20 193   0   0   2    -99    -99  2103  3.698   3627 1 -10.148  0.002    0   1   6 212   0   0  13    -99    -99  2067  3.572   3627 1  
    51433.6655    91832    West         300       0x101ff       1.5181           -9.721  0.002    0   1 255 253 228   0   2    -99    -99  2644  2.819   3627 1 -10.163  0.002    0   1 255 208 229   0  13    -99    -99  2321  2.824   3627 1  
    51435.6875    92012    West         300       0x101ff       1.4208           -9.696  0.003    0   1 255 253 234   0   2    -99    -99  2595  2.710   3627 1 -10.138  0.002    0   1 255 211 240   0  13    -99    -99  2368  2.689   3627 1  
    51440.6273    92200    West         300       0x101ff       1.5994           -9.853  0.002    0   1 255 232 235   0   2    -99    -99  4516  2.564   3627 1 -10.161  0.002    0   1 255 227 234   0  13    -99    -99  4302  2.557   3627 1  
    51449.6518    92457    West         300       0x101ff       1.4127           -9.727  0.003    0   1 255 253 241   1   2    -99    -99  7341  2.097   3627 1 -10.146  0.002    0   1 255 253 245   0  13    -99    -99  8250  2.018   3627 1  
    51458.7466    92628    West         300       0x101ff       1.2040              -99    -99  999 999 999 999 999 999  -1    -99    -99   -99    -99      0 0 -10.229  0.003    0   1 255 191 247   0  13    -99    -99  1876  2.323   3627 1  
    51463.5561    92757    West         300       0x101ef       1.6391              -99    -99  999 999 999 999 999 999  -1    -99    -99   -99    -99      0 0 -10.198  0.002    0   1   0 236   0   0  13    -99    -99  2974  2.860   3627 1  
    51468.7114    92909    West         300       0x101ff       1.2091              -99    -99  999 999 999 999 999 999  -1    -99    -99   -99    -99      0 0 -10.156  0.002    0   1 255 208 194   0  13    -99    -99  1990  3.230   3627 1  
    51471.6305    93007    West         300       0x101ff       1.3116              -99    -99  999 999 999 999 999 999  -1    -99    -99   -99    -99      0 0 -10.149  0.002    0   1 255 201 228   0  13    -99    -99  4956  2.926   3627 1  
    51471.6792    93018    West         300       0x101ff       1.2318              -99    -99  999 999 999 999 999 999  -1    -99    -99   -99    -99      0 0 -10.155  0.002    0   1 255 223 235   0  13    -99    -99  3813  2.501   3627 1  
    51477.5264    93150    West         300       0x101ff       1.5983              -99    -99  999 999 999 999 999 999  -1    -99    -99   -99    -99      0 0 -10.168  0.002    0   1  11 176   0   0  13    -99    -99  9978  4.138   3627 1  
    51478.7316    93241    West         300       0x101ff       1.1940              -99    -99  999 999 999 999 999 999  -1    -99    -99   -99    -99      0 0 -10.146  0.002    0   1 255 209 219   0  13    -99    -99  5646  3.111   3627 1  
    51482.6061    93350    West         300       0x101ff       1.2996              -99    -99  999 999 999 999 999 999  -1    -99    -99   -99    -99      0 0 -10.198  0.003    0   1  29 166   0   0  13    -99    -99  1860  4.836   3627 1  
    51488.5818    93470    West         300       0x101ff       1.3164              -99    -99  999 999 999 999 999 999  -1    -99    -99   -99    -99      0 0 -10.164  0.002    0   1   0 201   0   0  13    -99    -99  1856  3.867   3627 1  
    51491.6303    93583    West         300       0x101ff       1.2255              -99    -99  999 999 999 999 999 999  -1    -99    -99   -99    -99      0 0 -10.170  0.004    0   1  44 129   0   0  13    -99    -99  2123  5.661   3627 1  
    51493.6278    93678    West         300       0x000ff       1.2223              -99    -99  999 999 999 999 999 999  -1    -99    -99   -99    -99      0 0 -10.113  0.002    0   1 255 227 229   0  13    -99    -99  1895  2.734   3627 1  
    51495.6524    93785    West         300       0x101ff       1.2003              -99    -99  999 999 999 999 999 999  -1    -99    -99   -99    -99      0 0 -10.178  0.002    0   1   0 203   0   0  13    -99    -99  2704  3.344   3627 1  
    51505.6410    93885    West         300       0x101ff       1.1950              -99    -99  999 999 999 999 999 999  -1    -99    -99   -99    -99      0 0 -10.179  0.002    0   1 255 196 198   0  13    -99    -99 11957  3.331   3627 1  
    51510.6394    93996    West         300       0x101ff       1.1939              -99    -99  999 999 999 999 999 999  -1    -99    -99   -99    -99      0 0 -10.209  0.002    0   1 255 228 233   0  13    -99    -99  2992  2.516   3627 1  
    51513.5588    94092    West         300       0x101ff       1.2387              -99    -99  999 999 999 999 999 999  -1    -99    -99   -99    -99      0 0 -10.179  0.002    0   1 255 208 233   0  13    -99    -99  2082  2.625   3627 1  
    51514.7127    94193    West         300       0x101ff       1.2556              -99    -99  999 999 999 999 999 999  -1    -99    -99   -99    -99      0 0 -10.152  0.002    0   1  17 183   0   0  13    -99    -99  1761  4.105   3627 1  
    51526.5996    94420    West         300       0x101fb       1.1940              -99    -99  999 999 999 999 999 999  -1    -99    -99   -99    -99      0 0 -10.197  0.002    0   1 255 207 243   0  13    -99    -99  1957  2.220   3627 1  
    51531.6583    94511    East         300       0x101ff       1.2438          -10.011  0.007    0   1  66  91   0   0   6    -99    -99  3838  6.106   3627 1 -10.223  0.005    0   1  46  84   0   0   9    -99    -99  4319  6.225   3627 1  
    51541.5845    94634    West         300       0x101ff       1.2015              -99    -99  999 999 999 999 999 999  -1    -99    -99   -99    -99      0 0 -10.156  0.002    0   1 255 207 195   0  13    -99    -99  1413  3.174   3627 1  
    51546.5468    94732    East         300       0x101fb       1.1929          -10.019  0.002    0   1   0 251   0   0   6    -99    -99  3083  2.671   3627 1 -10.241  0.002    0   1 255 242 218   0   9    -99    -99  2665  2.396   3627 1  
