!  Star 32.10592.203                       RA  05 45 23.884   DEC  -68 36 59.03
#  282 observations from the production databases
#  Field inception date: 50235.0833
#  Pixel coordinate system: none
#
#  Template         magnitude        chip coordinates        west-chunk
#     Red:            -9.411         1324.66, 1115.48             25
#    Blue:            -9.551         1311.62, 1109.59             86
#
!         Date    Obsid    Pier    Exposure     Checklist      Airmass             rMag   rErr  rDS rTF rCP rX2 rMP rCR  rA  rXpix  rYpix  rSky  rFWHM  rTobs r    bMag   bErr  bDS bTF bCP bX2 bMP bCR  bA  bXpix  bYpix  bSky  bFWHM  bTobs b  
    48917.7238     1497    West         300       0x101bf       1.1959           -9.353  0.001    0   1 255 236 196   0   4    -99    -99  3826  3.106  11817 1  -9.451  0.003    0   1 255 240 224   0  11    -99    -99  4005  3.214  11817 1  
    48919.7266     1565    West         300       0x101bf       1.1942           -9.389  0.004    0   1   0 150   0   0   4    -99    -99  8298  3.370  11817 1  -9.551  0.003    0   1   0 173   0   0  11    -99    -99  8033  3.638  11817 1  
    48927.6686     1643    West         300       0x101bf       1.2095           -9.344  0.002    0   1   0 186   0   0   4    -99    -99  4261  4.219  11817 1  -9.531  0.001    0   1   0 187   0   0  11    -99    -99  3936  4.173  11817 1  
    48928.7575     1713    West         300       0x101bf       1.2140           -9.378  0.004    0   1   0 135   0   0   4    -99    -99 21621  5.163  11817 1  -9.555  0.004    0   1   0 155   0   0  11    -99    -99 38365  5.414  11817 1  
    48929.6489     1760    West         300       0x101bf       1.2217           -9.335  0.001    0   1   0 221   0   0   4    -99    -99  4010  3.325  11817 1  -9.419  0.002    0   1  17 245 190   0  11    -99    -99  4221  3.230  11817 1  
    48931.7061     1856    West         300       0x101bf       1.1941           -9.374  0.001    0   1   0 151   0   0   4    -99    -99  3500  3.807  11817 1  -9.548  0.001    0   1   0 160   0   0  11    -99    -99  3381  3.802  11817 1  
    48938.7113     2000    West         300       0x101bf       1.2014           -9.369  0.002    0   1   0 129   0   0   4    -99    -99 14860  4.419  11817 1  -9.533  0.002    0   1   0 152   0   0  11    -99    -99 14773  4.597  11817 1  
    48966.6936     2292    West         300       0x101bf       1.2605           -9.384  0.002    0   1   0 133   0   0   4    -99    -99 12493  3.849  11817 1  -9.536  0.002    0   1   0 152   0   0  11    -99    -99 13196  4.038  11817 1  
    48996.6436     2595    West         300       0x101bf       1.3205           -9.376  0.002    0   1   0 153   0   0   4    -99    -99 10250  3.252  11817 1  -9.523  0.002    0   1 255 193 207   0  11    -99    -99 13351  3.270  11817 1  
    49016.7246     3134    East         300       0x101bf       1.8865              -99    -99  999 999 999 999 999 999  -1    -99    -99   -99    -99      0 0  -9.562  0.002    0   1   0 201   0   0  15    -99    -99  1342  5.518  11817 1  
    49037.5834     3556    East         300       0x101bf       1.4671              -99    -99  999 999 999 999 999 999  -1    -99    -99   -99    -99      0 0  -9.557  0.002    0   1   0 184   0   0  15    -99    -99  1837  3.329  11817 1  
    49042.4777     3627    East         300       0x101bf       1.2459              -99    -99  999 999 999 999 999 999  -1    -99    -99   -99    -99      0 0  -9.523  0.002    0   1 255 253 208   0  15    -99    -99  1477  2.700  11817 1  
    49045.7273     3855    East         300       0x101bf       2.6040              -99    -99  999 999 999 999 999 999  -1    -99    -99   -99    -99      0 0  -9.537  0.003    0   1   0 174   0   0  15    -99    -99  1657  5.759  11817 1  
    49086.5967     5052    East         300       0x101bf       2.4007              -99    -99  999 999 999 999 999 999  -1    -99    -99   -99    -99      0 0  -9.533  0.003    0   1   0 224   0   0  15    -99    -99 10629  4.241  11817 1  
    49094.5658     5326    East         300       0x101bf       2.3177              -99    -99  999 999 999 999 999 999  -1    -99    -99   -99    -99      0 0  -9.558  0.002    0   1   0 159   0   0  15    -99    -99  2161  3.781  11817 1  
    49114.5571     6504    East         300       0x101bf       2.7942              -99    -99  999 999 999 999 999 999  -1    -99    -99   -99    -99      0 0  -9.552  0.005    0   1   0 112   0   0  15    -99    -99 18856  5.677  11817 1  
    49123.5346     6961    East         300       0x101bf       2.8165              -99    -99  999 999 999 999 999 999  -1    -99    -99   -99    -99      0 0  -9.520  0.002    0   1   0 171   0   0  15    -99    -99  2401  4.450  11817 1  
    49126.5298     7282    East         300       0x101bf       2.8623              -99    -99  999 999 999 999 999 999  -1    -99    -99   -99    -99      0 0  -9.538  0.002    0   1   0 172   0   0  15    -99    -99  2235  3.998  11817 1  
    49144.4914     8124    East         300       0x101bf       2.9883              -99    -99  999 999 999 999 999 999  -1    -99    -99   -99    -99      0 0  -9.527  0.007    0   1   0 108   0   0  15    -99    -99 15122  6.552  11817 1  
    49165.8138     9214    West         300       0x101bf       1.8384           -9.407  0.003    0   1   0 152   0   0   4    -99    -99  4045  4.671  11817 1  -9.551  0.003    0   1   0 137   0   0  11    -99    -99  3953  4.570  11817 1  
    49186.7863    10080    West         300       0x101bf       1.6678           -9.406  0.004    0   1   0 119   0   0   4    -99    -99  4152  5.175  11817 1  -9.553  0.003    0   1   0 116   0   0  11    -99    -99  3441  5.167  11817 1  
    49194.8016    10384    West         300       0x101bf       1.5006           -9.395  0.002    0   1   0 205   0   0   4    -99    -99  2644  4.563  11817 1  -9.537  0.002    0   1   0 182   0   0  11    -99    -99  2226  4.428  11817 1  
    49209.7380    11034    West         300       0x101bf       1.5978           -9.389  0.003    0   1   0 109   0   0   4    -99    -99  2878  5.768  11817 1  -9.533  0.003    0   1   0  97   0   0  11    -99    -99  3120  5.939  11817 1  
    49216.7375    11399    West         300       0x101bf       1.5191           -9.393  0.003    0   1   0  97   0   0   4    -99    -99  2650  5.341  11817 1  -9.536  0.003    0   1   0  96   0   0  11    -99    -99  2309  5.419  11817 1  
    49222.8035    11817    West         300       0x101bf       1.2852           -9.409  0.002    0   1   0 215   0   0   4    -99    -99  2346  2.711  11817 1  -9.549  0.001    0   1   0 206   0   0  11    -99    -99  2311  2.514  11817 1  
    49255.7408    12282    West         300       0x101bf       1.2424           -9.406  0.002    0   1   0 211   0   0   4    -99    -99  2305  3.692  11817 1  -9.562  0.002    0   1   0 224   0   0  11    -99    -99  2311  3.798  11817 1  
    49268.7289    12732    West         300       0x101bf       1.2162           -9.406  0.002    0   1   0 181   0   0   4    -99    -99  2911  3.321  11817 1  -9.554  0.001    0   1   0 159   0   0  11    -99    -99  3075  3.006  11817 1  
    49286.6586    13185    West         300       0x101bf       1.2386           -9.397  0.002    0   1   0 222   0   0   4    -99    -99  3955  3.029  11817 1  -9.543  0.002    0   1   0 236   0   0  11    -99    -99  6591  3.108  11817 1  
    49302.6993    13420    West         300       0x101bf       1.1954           -9.399  0.002    0   1   0 192   0   0   4    -99    -99  1571  3.869  11817 1  -9.538  0.001    0   1   0 171   0   0  11    -99    -99  1427  3.872  11817 1  
    49309.6457    13540    West         300       0x101bf       1.1982           -9.393  0.001    0   1   0 181   0   0   4    -99    -99  1881  2.757  11817 1  -9.537  0.001    0   1   0 193   0   0  11    -99    -99  1978  2.713  11817 1  
    49313.6519    13717    West         300       0x101bf       1.1943           -9.400  0.002    0   1   0 150   0   0   4    -99    -99  2075  4.179  11817 1  -9.549  0.002    0   1   0 152   0   0  11    -99    -99  1780  4.473  11817 1  
    49376.7114    14077    East         300       0x00110       1.7420              -99    -99  999 999 999 999 999 999  -1    -99    -99   -99    -99      0 0  -9.529  0.002    0   1   0 160   0   0  15    -99    -99  1410  3.740  11817 1  
    49376.7154    14078    East         300       0x00110       1.7696              -99    -99  999 999 999 999 999 999  -1    -99    -99   -99    -99      0 0  -9.525  0.002    0   1   0 171   0   0  15    -99    -99  1438  3.801  11817 1  
    49390.6129    14455    East         300       0x101bf       1.4518              -99    -99  999 999 999 999 999 999  -1    -99    -99   -99    -99      0 0  -9.551  0.002    0   1   0 191   0   0  15    -99    -99  1972  3.785  11817 1  
    49399.6781    14608    East         300       0x101bf       1.8976              -99    -99  999 999 999 999 999 999  -1    -99    -99   -99    -99      0 0  -9.537  0.002    0   1   0 231   0   0  15    -99    -99  1907  4.735  11817 1  
    49412.4446    14915    East         300       0x101bf       2.3656              -99    -99  999 999 999 999 999 999  -1    -99    -99   -99    -99      0 0  -9.507  0.002    0   1   0 177   0   0  15    -99    -99  9954  3.632  11817 1  
    49460.6117    16606    East         300       0x101bf       2.8307              -99    -99  999 999 999 999 999 999  -1    -99    -99   -99    -99      0 0  -9.497  0.002    0   1   0 165   0   0  15    -99    -99  2213  4.136  11817 1  
    49472.5849    17230    East         300       0x101bf       2.9057              -99    -99  999 999 999 999 999 999  -1    -99    -99   -99    -99      0 0  -9.443  0.004    0   1   0 101   0   0  15    -99    -99  5750  5.648  11817 1  
    49484.5593    17749    East         300       0x101bf       2.9921              -99    -99  999 999 999 999 999 999  -1    -99    -99   -99    -99      0 0  -9.465  0.002    0   1   0 181   0   0  15    -99    -99  2161  3.866  11817 1  
    49530.7728    19708    West         300       0x101bf       2.1407           -9.280  0.003    0   1   0 151   0   0   4    -99    -99  6499  5.138  11817 1  -9.473  0.003    0   1   0 106   0   0  11    -99    -99  8292  5.136  11817 1  
    49538.8101    20239    West         300       0x101bf       1.7336           -9.249  0.003    0   1   0 125   0   0   4    -99    -99  3717  4.783  11817 1  -9.449  0.002    0   1   0 133   0   0  11    -99    -99  2485  4.693  11817 1  
    49549.7069    20925    West         300       0x101bf       2.2626           -9.254  0.004    0   1   0 122   0   0   4    -99    -99  3525  5.872  11817 1  -9.436  0.003    0   1   0 117   0   0  11    -99    -99  2584  5.924  11817 1  
    49554.6946    21225    West         300       0x101bf       2.2510           -9.277  0.006    0   1   0  94   0   0   4    -99    -99 13953  6.758  11817 1  -9.444  0.006    0   1   0 104   0   0  11    -99    -99 15524  6.676  11817 1  
    49566.7779    21930    West         300       0x101bf       1.5230           -9.243  0.002    0   1   0 112   0   0   4    -99    -99  2679  4.074  11817 1  -9.431  0.002    0   1   0 104   0   0  11    -99    -99  2277  4.076  11817 1  
    49573.7727    22439    West         300       0x0013f       1.4703           -9.253  0.002    0   1   0 126   0   0   4    -99    -99  2394  3.994  11817 1  -9.442  0.002    0   1   0 135   0   0  11    -99    -99  2111  3.893  11817 1  
    49579.7799    22814    West         300       0x101bf       1.3940           -9.246  0.002    0   1 255 165 215   0   4    -99    -99  3035  2.193  11817 1  -9.484  0.002    0   1 255 199 225   0  11    -99    -99  2271  1.919  11817 1  
    49592.7254    23535    West         300       0x101bf       1.4543           -9.263  0.002    0   1   0 145   0   0   4    -99    -99  4000  3.825  11817 1  -9.468  0.002    0   1   0 163   0   0  11    -99    -99  3536  3.813  11817 1  
    49608.7289    24306    West         300       0x101bf       1.3213           -9.223  0.002    0   1   0 138   0   0   4    -99    -99  2069  4.336  11817 1  -9.450  0.002    0   1   0 134   0   0  11    -99    -99  2080  4.394  11817 1  
    49617.7115    24798    West         300       0x101bf       1.3058           -9.252  0.005    0   1   0  98   0   0   4    -99    -99  5924  6.392  11817 1  -9.456  0.005    0   1   0  97   0   0  11    -99    -99  8515  6.473  11817 1  
    49633.7001    25465    West         300       0x101bf       1.2495           -9.204  0.002    0   1   0 125   0   0   4    -99    -99  1676  3.260  11817 1  -9.420  0.002    0   1   0 133   0   0  11    -99    -99  1805  3.326  11817 1  
    49648.6054    26022    West         300       0x101bf       1.3559           -9.198  0.002    0   1   0 165   0   0   4    -99    -99  4772  2.432  11817 1  -9.439  0.002    0   1 255 160 215   0  11    -99    -99  5107  2.218  11817 1  
    49666.6042    26349    West         300       0x101bf       1.2579           -9.174  0.002    0   1   0 178   0   0   4    -99    -99  1907  2.614  11817 1  -9.410  0.001    0   1   0 171   0   0  11    -99    -99  2200  2.428  11817 1  
    49681.6347    26639    West         300       0x101af       1.1958           -9.174  0.002    0   1   0 197   0   0   4    -99    -99  2522  2.910  11817 1  -9.433  0.001    0   1   0 181   0   0  11    -99    -99  3272  2.862  11817 1  
    49699.5612    27166    West         300       0x101bf       1.2069           -9.179  0.002    0   1   0 146   0   0   4    -99    -99  4511  3.035  11817 1  -9.433  0.002    0   1   0 137   0   0  11    -99    -99  6288  3.012  11817 1  
    49717.5303    27500    East         300       0x101bf       1.1960              -99    -99  999 999 999 999 999 999  -1    -99    -99   -99    -99      0 0  -9.402  0.002    0   1 255 161 216   0  15    -99    -99  1746  2.433  11817 1  
    49729.5683    27651    East         300       0x101bf       1.2141              -99    -99  999 999 999 999 999 999  -1    -99    -99   -99    -99      0 0  -9.414  0.002    0   1   0 192   0   0  15    -99    -99  4467  2.905  11817 1  
    49752.5480    28262    East         300       0x101bf       1.2678              -99    -99  999 999 999 999 999 999  -1    -99    -99   -99    -99      0 0  -9.386  0.002    0   1   0 157   0   0  15    -99    -99  1336  3.785  11817 1  
    49755.7648    28389    East         300       0x101bf       2.4129              -99    -99  999 999 999 999 999 999  -1    -99    -99   -99    -99      0 0  -9.408  0.002    0   1   0 163   0   0  15    -99    -99  3919  3.503  11817 1  
    49788.5055    28836    East         300       0x101bf       1.3954              -99    -99  999 999 999 999 999 999  -1    -99    -99   -99    -99      0 0  -9.373  0.002    0   1   0 120   0   0  15    -99    -99  4140  4.525  11817 1  
    49797.6190    29212    East         300       0x101bf       2.1298              -99    -99  999 999 999 999 999 999  -1    -99    -99   -99    -99      0 0  -9.376  0.002    0   1   0 163   0   0  15    -99    -99  4771  3.034  11817 1  
    49808.5693    29759    East         300       0x101bf       1.9762              -99    -99  999 999 999 999 999 999  -1    -99    -99   -99    -99      0 0  -9.371  0.002    0   1   0 193   0   0  15    -99    -99  1498  3.632  11817 1  
    49829.5311    30456    East         300       0x101bf       2.1254              -99    -99  999 999 999 999 999 999  -1    -99    -99   -99    -99      0 0  -9.397  0.002    0   1   0 169   0   0  15    -99    -99  1777  3.802  11817 1  
    49937.6256    34261    West         300       0x101bf       2.4444           -9.078  0.007    0   1   0  89   0   0   4    -99    -99 11186  6.159  11817 1  -9.387  0.006    0   1   0  93   0   0  11    -99    -99 11471  6.462  11817 1  
    49939.8025    34522    West         300       0x101bf       1.3702           -9.053  0.002    0   1   0 171   0   0   4    -99    -99  9094  2.595  11817 1  -9.350  0.002    0   1   0 161   0   0  11    -99    -99 13618  2.549  11817 1  
    49943.5824    34887    West         300       0x101bf       2.7313           -9.053  0.003    0   1   0 133   0   0   4    -99    -99  6772  3.265  11817 1  -9.341  0.002    0   1   0 154   0   0  11    -99    -99  9644  3.187  11817 1  
    49947.6120    35191    West         300       0x101bf       2.3112           -9.035  0.003    0   1   0 159   0   0   4    -99    -99  3069  4.013  11817 1  -9.330  0.002    0   1   0 185   0   0  11    -99    -99  2481  4.008  11817 1  
    49953.7350    35641    West         300       0x101bf       1.4608           -9.046  0.002    0   1   0 144   0   0  -1    -99    -99   -99    -99      0 1  -9.349  0.002    0   1   0 162   0   0  -1    -99    -99   -99    -99      0 1  
    49970.7931    36424    West         300       0x101bf       1.2294           -9.055  0.002    0   1   0 150   0   0   4    -99    -99  5398  2.697  11817 1  -9.366  0.002    0   1   0 151   0   0  11    -99    -99  9425  2.748  11817 1  
    49982.6453    36814    West         300       0x101bf       1.4997           -9.019  0.002    0   1   0 160   0   0   4    -99    -99  2294  2.334  11817 1  -9.337  0.002    0   1 255 166 217   0  11    -99    -99  2319  2.102  11817 1  
    49987.6775    36964    West         300       0x101bf       1.3546           -9.047  0.002    0   1   0 169   0   0   4    -99    -99  2005  2.376  11817 1  -9.350  0.002    0   1   0 196   0   0  11    -99    -99  2191  2.429  11817 1  
    49998.6469    37327    West         300       0x101bf       1.3561           -9.040  0.002    0   1   0 177   0   0   4    -99    -99  9550  3.003  11817 1  -9.345  0.002    0   1   0 151   0   0  11    -99    -99 17761  2.788  11817 1  
    50013.7442    37707    West         300       0x101bf       1.1943           -9.042  0.002    0   1   0 179   0   0   4    -99    -99  1720  3.944  11817 1  -9.363  0.002    0   1   0 169   0   0  11    -99    -99  1643  3.734  11817 1  
    50072.6498    38710    West         300       0x101bf       1.2373           -9.020  0.002    0   1   0 141   0   0   4    -99    -99  1466  4.541  11817 1  -9.333  0.002    0   1   0 166   0   0  11    -99    -99  1304  4.775  11817 1  
    50107.6324    39185    East         300       0x100af       1.3975              -99    -99  999 999 999 999 999 999  -1    -99    -99   -99    -99      0 0     -99    -99  999 999 999 999 999 999  -1    -99    -99   -99    -99      0 0  
    50127.6749    39654    East         300       0x101bf       1.8360              -99    -99  999 999 999 999 999 999  -1    -99    -99   -99    -99      0 0  -9.306  0.002    0   1   0 153   0   0  15    -99    -99  1458  4.945  11817 1  
    50159.6658    40506    East         300       0x101bf       2.4818              -99    -99  999 999 999 999 999 999  -1    -99    -99   -99    -99      0 0  -9.309  0.003    0   1   0 106   0   0  15    -99    -99  1678  5.648  11817 1  
    50181.6226    41365    East         300       0x101bf       2.6614              -99    -99  999 999 999 999 999 999  -1    -99    -99   -99    -99      0 0  -9.295  0.002    0   1   0 176   0   0  15    -99    -99  5822  3.506  11817 1  
    50201.5103    42256    East         300       0x101bf       2.1060              -99    -99  999 999 999 999 999 999  -1    -99    -99   -99    -99      0 0  -9.303  0.002    0   1   0 195   0   0  15    -99    -99  6317  4.039  11817 1  
    50227.4769    43517    East         300       0x101bf       2.4488              -99    -99  999 999 999 999 999 999  -1    -99    -99   -99    -99      0 0  -9.312  0.002    0   1   0 162   0   0  15    -99    -99  2759  4.467  11817 1  
    50239.4699    44488    East         300       0x101bf       2.7259              -99    -99  999 999 999 999 999 999  -1    -99    -99   -99    -99      0 0  -9.311  0.002    0   1   0 183   0   0  15    -99    -99  3960  4.381  11817 1  
    50300.7709    46753    West         300       0x101bf       1.5124           -8.956  0.004    0   1   0 171   0   0   4    -99    -99  2390  7.372  11817 1  -9.319  0.003    0   1   0 154   0   0  11    -99    -99  3358  6.667  11817 1  
    50311.8075    47624    West         300       0x0013f       1.3131           -8.975  0.002    0   1   0 129   0   0   4    -99    -99  2412  4.615  11817 1  -9.328  0.002    0   1   0 138   0   0  11    -99    -99  2120  4.648  11817 1  
    50348.7816    48864    West         300       0x101bf       1.2079           -8.930  0.004    0   1   0 110   0   0   4    -99    -99  2766  5.125  11817 1  -9.282  0.003    0   1   0 107   0   0  11    -99    -99  2790  5.329  11817 1  
    50368.7490    49430    West         300       0x101bf       1.1967           -8.935  0.003    0   1   0  92   0   0   4    -99    -99  2344  5.372  11817 1  -9.281  0.003    0   1   0 109   0   0  11    -99    -99  1823  5.526  11817 1  
    50374.7508    49712    West         300       0x101bf       1.1938           -8.969  0.002    0   1   0 157   0   0   4    -99    -99  1813  4.164  11817 1  -9.320  0.002    0   1   0 162   0   0  11    -99    -99  1900  4.096  11817 1  
    50376.7347    49774    West         300       0x101bf       1.1949           -9.005  0.002    0   1   0 146   0   0   4    -99    -99  2169  3.464  11817 1  -9.361  0.002    0   1   0 145   0   0  11    -99    -99  2025  3.352  11817 1  
    50389.7117    50150    West         300       0x101bf       1.1938           -9.004  0.002    0   1   0 175   0   0   4    -99    -99  2439  2.559  11817 1  -9.359  0.001    0   1   0 169   0   0  11    -99    -99  2585  2.315  11817 1  
    50401.6176    50442    West         300       0x101ff       1.2249           -8.958  0.002    0   1   0 120   0   0   4    -99    -99  1548  4.747  11817 1  -9.315  0.002    0   1   0 110   0   0  11    -99    -99  1828  4.529  11817 1  
    50410.7282    50733    West         300       0x101ff       1.2423           -8.932  0.002    0   1   0 127   0   0   4    -99    -99  6167  2.961  11817 1  -9.287  0.002    0   1   0 150   0   0  11    -99    -99  7013  2.988  11817 1  
    50425.7341    51166    West         300       0x1017f       1.3260           -8.950  0.003    0   1   0 125   0   0   4    -99    -99  6988  4.381  11817 1  -9.312  0.002    0   1   0 124   0   0  11    -99    -99  6893  4.284  11817 1  
    50433.6503    51475    East         300       0x101ff       1.2237              -99    -99  999 999 999 999 999 999  -1    -99    -99   -99    -99      0 0  -9.329  0.003    0   1   0 115   0   0  15    -99    -99  1915  4.332  11817 1  
    50456.6654    52192    East         300       0x101ff       1.3656              -99    -99  999 999 999 999 999 999  -1    -99    -99   -99    -99      0 0  -9.307  0.001    0   1   0 240   0   0  15    -99    -99  1226  2.233  11817 1  
    50480.5720    52735    East         300       0x101ff       1.3001              -99    -99  999 999 999 999 999 999  -1    -99    -99   -99    -99      0 0  -9.360  0.002    0   1   0 133   0   0  15    -99    -99  1540  3.345  11817 1  
    50484.7409    52867    East         300       0x1017b       2.1541              -99    -99  999 999 999 999 999 999  -1    -99    -99   -99    -99      0 0  -9.328  0.008    0   1   0 114   0   0  15    -99    -99  2208  3.691  11817 1  
    50492.6367    52995    East         300       0x001bf       1.6205              -99    -99  999 999 999 999 999 999  -1    -99    -99   -99    -99      0 0     -99    -99  999 999 999 999 999 999  -1    -99    -99   -99    -99      0 0  
    50494.6504    53080    East         300       0x101ff       1.7190              -99    -99  999 999 999 999 999 999  -1    -99    -99   -99    -99      0 0  -9.251  0.002    0   1   0 178   0   0  15    -99    -99  1206  3.623  11817 1  
    50497.5088    53212    East         300       0x101ff       1.2688              -99    -99  999 999 999 999 999 999  -1    -99    -99   -99    -99      0 0  -9.288  0.002    0   1   0 149   0   0  15    -99    -99  6003  2.557  11817 1  
    50498.7608    53326    East         300       0x101ff       2.7327              -99    -99  999 999 999 999 999 999  -1    -99    -99   -99    -99      0 0  -9.267  0.002    0   1   0 171   0   0  15    -99    -99  1794  3.746  11817 1  
    50507.6488    53471    East         300       0x101ff       1.9300              -99    -99  999 999 999 999 999 999  -1    -99    -99   -99    -99      0 0  -9.277  0.002    0   1   0 185   0   0  15    -99    -99  3908  2.738  11817 1  
    50510.7417    53580    East         300       0x101ff       2.8924              -99    -99  999 999 999 999 999 999  -1    -99    -99   -99    -99      0 0  -9.309  0.002    0   1   0 165   0   0  15    -99    -99  3185  3.270  11817 1  
    50519.6048    53743    East         300       0x101ff       1.8538              -99    -99  999 999 999 999 999 999  -1    -99    -99   -99    -99      0 0  -9.278  0.004    0   1   0 119   0   0  15    -99    -99  1428  6.118  11817 1  
    50521.7069    53881    East         300       0x001bf       2.8371              -99    -99  999 999 999 999 999 999  -1    -99    -99   -99    -99      0 0  -9.305  0.002    0   1   0 154   0   0  15    -99    -99  1699  4.768  11817 1  
    50526.5473    54083    East         300       0x101ff       1.6369              -99    -99  999 999 999 999 999 999  -1    -99    -99   -99    -99      0 0  -9.309  0.004    0   1   0 116   0   0  15    -99    -99  5328  5.610  11817 1  
    50529.6246    54254    East         300       0x101ff       2.2124              -99    -99  999 999 999 999 999 999  -1    -99    -99   -99    -99      0 0  -9.289  0.003    0   1   0 131   0   0  15    -99    -99 17922  3.679  11817 1  
    50532.5216    54407    East         300       0x101ff       1.5927              -99    -99  999 999 999 999 999 999  -1    -99    -99   -99    -99      0 0  -9.260  0.003    0   1   0 121   0   0  15    -99    -99 16380  2.887  11817 1  
    50534.6354    54557    East         300       0x101ff       2.4435              -99    -99  999 999 999 999 999 999  -1    -99    -99   -99    -99      0 0  -9.265  0.004    0   1   0 119   0   0  15    -99    -99 10134  5.244  11817 1  
    50539.5496    54739    East         300       0x101ff       1.8501              -99    -99  999 999 999 999 999 999  -1    -99    -99   -99    -99      0 0  -9.281  0.002    0   1   0 220   0   0  15    -99    -99  1367  2.488  11817 1  
    50542.4890    54884    East         300       0x101ff       1.5694              -99    -99  999 999 999 999 999 999  -1    -99    -99   -99    -99      0 0  -9.340  0.003    0   1   0 143   0   0  15    -99    -99  1499  5.082  11817 1  
    50547.5957    55340    East         300       0x101ff       2.4011              -99    -99  999 999 999 999 999 999  -1    -99    -99   -99    -99      0 0  -9.248  0.002    0   1   0 178   0   0  15    -99    -99  1659  3.249  11817 1  
    50551.5257    55532    East         300       0x101ff       1.9090              -99    -99  999 999 999 999 999 999  -1    -99    -99   -99    -99      0 0  -9.315  0.002    0   1   0 166   0   0  15    -99    -99  1545  2.749  11817 1  
    50553.6073    55696    East         300       0x101ff       2.6968              -99    -99  999 999 999 999 999 999  -1    -99    -99   -99    -99      0 0  -9.291  0.002    0   1   0 187   0   0  15    -99    -99  1745  3.208  11817 1  
    50557.5296    55886    East         300       0x101bf       2.0580              -99    -99  999 999 999 999 999 999  -1    -99    -99   -99    -99      0 0  -9.314  0.002    0   1   0 147   0   0  15    -99    -99 10049  3.477  11817 1  
    50565.4282    56143    East         300       0x101ff       1.5782              -99    -99  999 999 999 999 999 999  -1    -99    -99   -99    -99      0 0  -9.289  0.002    0   1   0 248   0   0  15    -99    -99  1489  2.633  11817 1  
    50568.5594    56443    East         300       0x101ff       2.6207              -99    -99  999 999 999 999 999 999  -1    -99    -99   -99    -99      0 0  -9.307  0.002    0   1   0 170   0   0  15    -99    -99  1664  3.417  11817 1  
    50575.5124    56778    East         300       0x101ff       2.3350              -99    -99  999 999 999 999 999 999  -1    -99    -99   -99    -99      0 0  -9.349  0.013    0   1  30  72   0   0  15    -99    -99  1587 11.156  11817 1  
    50579.4671    57103    East         300       0x101ff       2.0388              -99    -99  999 999 999 999 999 999  -1    -99    -99   -99    -99      0 0  -9.293  0.002    0   1   0 138   0   0  15    -99    -99  1361  4.587  11817 1  
    50581.5434    57293    East         300       0x001bf       2.8406              -99    -99  999 999 999 999 999 999  -1    -99    -99   -99    -99      0 0  -9.266  0.002    0   1   0 192   0   0  15    -99    -99  2010  3.550  11817 1  
    50593.4580    57488    East         300       0x101ff       2.2858              -99    -99  999 999 999 999 999 999  -1    -99    -99   -99    -99      0 0  -9.324  0.003    0   1   0 134   0   0  15    -99    -99  5394  4.853  11817 1  
    50599.4817    57871    East         300       0x101ff       2.6969              -99    -99  999 999 999 999 999 999  -1    -99    -99   -99    -99      0 0  -9.284  0.003    0   1   0 152   0   0  15    -99    -99  1965  5.062  11817 1  
    50603.4134    58200    East         300       0x101ff       2.1347              -99    -99  999 999 999 999 999 999  -1    -99    -99   -99    -99      0 0  -9.258  0.002    0   1   0 184   0   0  15    -99    -99  1934  3.052  11817 1  
    50607.8352    58616    West         300       0x101ff       2.0510           -8.979  0.002    0   1   0 132   0   0   4    -99    -99  4742  3.559  11817 1  -9.325  0.002    0   1   0 155   0   0  11    -99    -99  4054  3.320  11817 1  
    50614.3735    58948    East         300       0x101ff       2.0551              -99    -99  999 999 999 999 999 999  -1    -99    -99   -99    -99      0 0  -9.250  0.003    0   1   0 124   0   0  15    -99    -99  5329  4.252  11817 1  
    50617.4089    59281    East         300       0x101ff       2.4441              -99    -99  999 999 999 999 999 999  -1    -99    -99   -99    -99      0 0  -9.309  0.003    0   1   0 118   0   0  15    -99    -99 10817  4.516  11817 1  
    50622.4156    59575    East         300       0x101ff       2.6602              -99    -99  999 999 999 999 999 999  -1    -99    -99   -99    -99      0 0  -9.318  0.002    0   1   0 175   0   0  15    -99    -99  3392  2.940  11817 1  
    50631.7829    59959    West         300       0x101ff       1.9527           -8.955  0.003    0   1   0 115   0   0   4    -99    -99  2690  5.320  11817 1  -9.309  0.003    0   1   0 106   0   0  11    -99    -99  2189  5.396  11817 1  
    50644.6834    60773    West         300       0x101ff       2.5110           -8.914  0.008    0   1   3  78   0   0   4    -99    -99  4894  7.716  11817 1  -9.275  0.007    0   1   3  90   0   0  11    -99    -99  4373  7.811  11817 1  
    50651.7048    61386    West         300       0x101ff       2.1333           -8.948  0.003    0   1   0 120   0   0   4    -99    -99  9476  3.313  11817 1  -9.291  0.003    0   1   0 135   0   0  11    -99    -99 14276  3.337  11817 1  
    50656.8245    61674    West         300       0x101fb       1.4134           -8.955  0.004    0   1   0 124   0   0   4    -99    -99  2813  5.590  11817 1  -9.309  0.003    0   1   0 120   0   0  11    -99    -99  2739  5.745  11817 1  
    50660.7115    62043    West         300       0x101ff       1.8989           -8.984  0.003    0   1   0 112   0   0   4    -99    -99  3291  4.426  11817 1  -9.335  0.002    0   1   0 129   0   0  11    -99    -99  2384  4.343  11817 1  
    50662.7793    62249    West         300       0x101ff       1.5141           -8.964  0.002    0   1   0 121   0   0   4    -99    -99  2429  3.092  11817 1  -9.313  0.002    0   1   0 139   0   0  11    -99    -99  2070  3.000  11817 1  
    50670.7586    62703    West         300       0x101ff       1.5098           -8.919  0.003    0   1   0 116   0   0   4    -99    -99  2623  4.976  11817 1  -9.277  0.003    0   1   0 178   0   0  11    -99    -99  2190  5.050  11817 1  
    50675.5933    62975    West         300       0x101ff       2.5684           -8.914  0.007    0   1   0 108   0   0   4    -99    -99 10115  6.464  11817 1  -9.254  0.006    0   1   0 118   0   0  11    -99    -99 10721  6.664  11817 1  
    50679.6875    63298    West         300       0x101ff       1.7280           -8.929  0.002    0   1   0 122   0   0   4    -99    -99  9005  2.853  11817 1  -9.273  0.002    0   1   0 164   0   0  11    -99    -99 17691  2.961  11817 1  
    50681.7053    63525    West         300       0x101ff       1.6093           -8.918  0.003    0   1   0 207   0   0   4    -99    -99  5114  3.927  11817 1  -9.263  0.002    0   1   0 234   0   0  11    -99    -99  8183  4.536  11817 1  
    50684.6670    63742    West         300       0x101ff       1.7663           -8.959  0.013    0   1  19  91   0   0   4    -99    -99  3280  9.644  11817 1  -9.302  0.011    0   1  18  86   0   0  11    -99    -99  3401  9.488  11817 1  
    50689.6821    64010    West         300       0x101ff       1.6154           -8.985  0.002    0   1   0 140   0   0   4    -99    -99  2210  2.581  11817 1  -9.342  0.002    0   1   0 169   0   0  11    -99    -99  2309  2.411  11817 1  
    50700.7389    64189    West         300       0x101ff       1.3215           -8.989  0.002    0   1   0 129   0   0   4    -99    -99  2249  2.477  11817 1  -9.342  0.002    0   1   0 165   0   0  11    -99    -99  2151  2.328  11817 1  
    50704.6593    64334    West         300       0x101ff       1.5355           -8.937  0.002    0   1   0 131   0   0   4    -99    -99  6895  2.595  11817 1  -9.289  0.002    0   1   0 167   0   0  11    -99    -99  8335  2.486  11817 1  
    50713.7671    64497    West         300       0x101ff       1.2205           -8.992  0.002    0   1   0 115   0   0   4    -99    -99  3681  3.616  11817 1  -9.349  0.002    0   1   0 131   0   0  11    -99    -99  3046  3.540  11817 1  
    50717.6690    64614    West         300       0x101ff       1.3808           -8.909  0.002    0   1   0 165   0   0   4    -99    -99  1608  2.583  11817 1  -9.268  0.002    0   1   0 174   0   0  11    -99    -99  1931  2.333  11817 1  
    50719.6070    64739    West         300       0x000bf       1.5843           -8.924  0.002    0   1   0 126   0   0   4    -99    -99  2138  3.510  11817 1  -9.264  0.002    0   1   0 130   0   0  11    -99    -99  2405  3.594  11817 1  
    50720.7407    64851    West         300       0x101ff       1.2281           -8.992  0.002    0   1   0 142   0   0   4    -99    -99  1793  3.166  11817 1  -9.345  0.002    0   1   0 121   0   0  11    -99    -99  1872  2.923  11817 1  
    50722.6314    64983    West         300       0x101ff       1.4555           -8.967  0.005    0   1   0  99   0   0   4    -99    -99  3918  2.957  11817 1  -9.309  0.004    0   1   0 120   0   0  11    -99    -99  4095  3.076  11817 1  
    50724.7798    65108    West         300       0x101ff       1.1952           -8.984  0.004    0   1   0 100   0   0   4    -99    -99  4556  5.523  11817 1  -9.335  0.003    0   1   0  96   0   0  11    -99    -99  6557  5.554  11817 1  
    50730.5521    65281    West         300       0x001af       1.7073           -8.931  0.002    0   1   0 148   0   0   4    -99    -99  4096  2.203  11817 1  -9.273  0.002    0   1   0 192   0   0  11    -99    -99  4151  2.140  11817 1  
    50731.6811    65362    West         300       0x101ff       1.2691           -8.984  0.004    0   1   0  95   0   0   4    -99    -99  1656  6.127  11817 1  -9.338  0.004    0   1   0  99   0   0  11    -99    -99  1898  6.502  11817 1  
    50733.6119    65490    West         300       0x101ff       1.4206           -8.979  0.003    0   1   0 115   0   0   4    -99    -99  4630  4.521  11817 1  -9.326  0.003    0   1   0 113   0   0  11    -99    -99  7200  4.362  11817 1  
    50734.7127    65577    West         300       0x101ff       1.2177           -8.927  0.003    0   1   0 136   0   0   4    -99    -99  4228  3.824  11817 1  -9.269  0.002    0   1   0 139   0   0  11    -99    -99  6587  3.876  11817 1  
    50736.6107    65700    West         300       0x101ff       1.3995           -8.959  0.003    0   1   0 124   0   0   4    -99    -99 10159  3.515  11817 1  -9.311  0.003    0   1   0 108   0   0  11    -99    -99 19417  3.328  11817 1  
    50737.6794    65787    West         300       0x101ff       1.2466           -8.950  0.004    0   1   0 100   0   0   4    -99    -99  8532  4.657  11817 1  -9.306  0.004    0   1   0 115   0   0  11    -99    -99 14972  4.781  11817 1  
    50743.6223    66062    West         300       0x101ff       1.3197           -8.934  0.002    0   1   0 167   0   0   4    -99    -99  2344  2.034  11817 1  -9.285  0.002    0   1 255 169 222   0  11    -99    -99  2453  1.936  11817 1  
    50745.5804    66183    West         300       0x101ff       1.4167           -8.985  0.002    0   1   0 157   0   0   4    -99    -99  2271  2.424  11817 1  -9.335  0.002    0   1   0 187   0   0  11    -99    -99  2499  2.430  11817 1  
    50746.6416    66270    West         300       0x101ff       1.2667           -8.953  0.002    0   1   0 169   0   0   4    -99    -99  2108  2.619  11817 1  -9.306  0.002    0   1   0 165   0   0  11    -99    -99  2164  2.319  11817 1  
    50748.7188    66365    West         300       0x101ff       1.1944           -8.947  0.002    0   1   0 138   0   0   4    -99    -99  1923  3.614  11817 1  -9.301  0.002    0   1   0 146   0   0  11    -99    -99  1756  3.716  11817 1  
    50767.6078    66478    West         300       0x101bf       1.2333           -8.951  0.002    0   1   0 154   0   0   4    -99    -99 10548  3.175  11817 1  -9.313  0.002    0   1   0 161   0   0  11    -99    -99 11381  3.101  11817 1  
    50770.5195    66598    West         300       0x101bf       1.3943           -8.937  0.002    0   1   0 156   0   0   4    -99    -99  3490  2.961  11817 1  -9.309  0.001    0   1   0 171   0   0  11    -99    -99  2881  2.773  11817 1  
    50774.6863    66732    West         300       0x101bf       1.2011           -8.938  0.002    0   1   0 191   0   0   4    -99    -99  2196  3.574  11817 1  -9.301  0.002    0   1   0 191   0   0  11    -99    -99  2466  3.510  11817 1  
    50784.6069    66972    West         300       0x101ff       1.1979           -8.982  0.002    0   1   0 169   0   0   4    -99    -99  1815  3.373  11817 1  -9.344  0.001    0   1   0 129   0   0  11    -99    -99  1774  3.261  11817 1  
    50793.5934    67085    West         300       0x101ff       1.1947           -9.016  0.002    0   1   0 157   0   0   4    -99    -99  6998  2.324  11817 1  -9.365  0.002    0   1 255 137 216   0  11    -99    -99  8808  2.344  11817 1  
    50796.6900    67171    West         300       0x101ff       1.2699           -8.928  0.002    0   1   0 136   0   0   4    -99    -99 10862  3.429  11817 1  -9.287  0.002    0   1   0 145   0   0  11    -99    -99 11343  3.319  11817 1  
    50802.6579    67321    West         300       0x101ff       1.2458           -8.972  0.016    0   1   0 100   0   0   4    -99    -99 12840  4.108  11817 1  -9.361  0.010    0   1   0  91   0   0  11    -99    -99 10097  3.880  11817 1  
    50804.6612    67418    West         300       0x101ff       1.2586           -8.996  0.002    0   1   0 126   0   0   4    -99    -99  2650  3.705  11817 1  -9.345  0.002    0   1   0 153   0   0  11    -99    -99  2582  3.827  11817 1  
    50810.4806    67527    West         300       0x101ff       1.2456           -8.926  0.002    0   1   0 122   0   0   4    -99    -99  2639  3.319  11817 1  -9.278  0.002    0   1   0 115   0   0  11    -99    -99  2371  3.145  11817 1  
    50813.5943    67662    East         300       0x101ff       1.2100              -99    -99  999 999 999 999 999 999  -1    -99    -99   -99    -99      0 0  -9.341  0.002    0   1   0 223   0   0  15    -99    -99  2319  2.839  11817 1  
    50825.5886    67787    East         300       0x101ff       1.2374              -99    -99  999 999 999 999 999 999  -1    -99    -99   -99    -99      0 0  -9.269  0.002    0   1   0 180   0   0  15    -99    -99 14656  2.874  11817 1  
    50832.4598    67884    East         300       0x101ff       1.2050              -99    -99  999 999 999 999 999 999  -1    -99    -99   -99    -99      0 0  -9.275  0.002    0   1   0 208   0   0  15    -99    -99  1642  3.659  11817 1  
    50839.6256    68104    East         300       0x101ff       1.3910              -99    -99  999 999 999 999 999 999  -1    -99    -99   -99    -99      0 0  -9.344  0.001    0   1   0 163   0   0  15    -99    -99  1142  2.702  11817 1  
    50841.6978    68221    East         300       0x101ff       1.7081              -99    -99  999 999 999 999 999 999  -1    -99    -99   -99    -99      0 0  -9.354  0.002    0   1   0 169   0   0  15    -99    -99  1275  3.788  11817 1  
    50844.7244    68327    East         300       0x101ff       1.9225              -99    -99  999 999 999 999 999 999  -1    -99    -99   -99    -99      0 0  -9.265  0.002    0   1   0 251   0   0  15    -99    -99  1457  2.155  11817 1  
    50845.5076    68342    East         300       0x101ff       1.2105              -99    -99  999 999 999 999 999 999  -1    -99    -99   -99    -99      0 0  -9.264  0.002    0   1   0 191   0   0  15    -99    -99  1632  2.293  11817 1  
    50850.6455    68463    East         300       0x101ff       1.5722              -99    -99  999 999 999 999 999 999  -1    -99    -99   -99    -99      0 0  -9.331  0.002    0   1   0 171   0   0  15    -99    -99  1645  3.276  11817 1  
    50859.4729    68564    East         300       0x101ff       1.2132              -99    -99  999 999 999 999 999 999  -1    -99    -99   -99    -99      0 0  -9.297  0.002    0   1   0 212   0   0  15    -99    -99  2834  3.083  11817 1  
    50861.6045    68670    East         300       0x101fb       1.5262              -99    -99  999 999 999 999 999 999  -1    -99    -99   -99    -99      0 0  -9.314  0.002    0   1   0 184   0   0  15    -99    -99  3251  3.602  11817 1  
    50862.7471    68770    East         300       0x101ff       2.5501              -99    -99  999 999 999 999 999 999  -1    -99    -99   -99    -99      0 0  -9.258  0.002    0   1   0 168   0   0  15    -99    -99  4064  3.721  11817 1  
    50865.4734    68896    East         300       0x000ff       1.2302              -99    -99  999 999 999 999 999 999  -1    -99    -99   -99    -99      0 0  -9.280  0.002    0   1   0 194   0   0  15    -99    -99  1384  2.901  11817 1  
    50866.6833    68995    East         300       0x100ff       2.0634              -99    -99  999 999 999 999 999 999  -1    -99    -99   -99    -99      0 0  -9.295  0.010    0   1  21  80   0   0  15    -99    -99  1835  9.190  11817 1  
    50869.4867    69135    East         300       0x101ff       1.2635              -99    -99  999 999 999 999 999 999  -1    -99    -99   -99    -99      0 0  -9.279  0.002    0   1   0 222   0   0  15    -99    -99  1641  4.277  11817 1  
    50874.5808    69318    East         300       0x101ff       1.5764              -99    -99  999 999 999 999 999 999  -1    -99    -99   -99    -99      0 0  -9.289  0.002    0   1   0 226   0   0  15    -99    -99  1445  3.543  11817 1  
    50878.5470    69458    East         300       0x101ff       1.4833              -99    -99  999 999 999 999 999 999  -1    -99    -99   -99    -99      0 0  -9.283  0.004    0   1   0 121   0   0  15    -99    -99  4467  3.733  11817 1  
    50880.6626    69551    East         300       0x101ff       2.2082              -99    -99  999 999 999 999 999 999  -1    -99    -99   -99    -99      0 0  -9.280  0.003    0   1  10 154   0   0  15    -99    -99  2705  4.319  11817 1  
    50882.5294    69679    East         300       0x101fb       1.4595              -99    -99  999 999 999 999 999 999  -1    -99    -99   -99    -99      0 0  -9.298  0.002    0   1   0 213   0   0  15    -99    -99  8199  2.807  11817 1  
    50884.6675    69843    East         300       0x101ff       2.3544              -99    -99  999 999 999 999 999 999  -1    -99    -99   -99    -99      0 0  -9.251  0.004    0   1   0 175   0   0  15    -99    -99 22646  4.332  11817 1  
    50908.4707    70085    East         300       0x001ab       1.5054              -99    -99  999 999 999 999 999 999  -1    -99    -99   -99    -99      0 0  -9.358  0.002    0   1   0 190   0   0  15    -99    -99  3939  3.245  11817 1  
    50910.5177    70296    East         300       0x101ff       1.7554              -99    -99  999 999 999 999 999 999  -1    -99    -99   -99    -99      0 0  -9.327  0.002    0   1   0 168   0   0  15    -99    -99  8296  2.924  11817 1  
    50917.5567    70549    East         300       0x101ff       2.1680              -99    -99  999 999 999 999 999 999  -1    -99    -99   -99    -99      0 0  -9.291  0.002    0   1   0 160   0   0  15    -99    -99  9391  2.954  11817 1  
    50931.4381    70878    East         300       0x101fb       1.6380              -99    -99  999 999 999 999 999 999  -1    -99    -99   -99    -99      0 0  -9.293  0.002    0   1   0 180   0   0  15    -99    -99  1823  2.897  11817 1  
    50941.4400    71131    East         300       0x101ff       1.7976              -99    -99  999 999 999 999 999 999  -1    -99    -99   -99    -99      0 0  -9.320  0.003    0   1   0 137   0   0  15    -99    -99  9390  4.202  11817 1  
    50951.4188    71436    East         300       0x101ff       1.8375              -99    -99  999 999 999 999 999 999  -1    -99    -99   -99    -99      0 0  -9.268  0.002    0   1   0 167   0   0  15    -99    -99  1768  3.902  11817 1  
    50958.4094    71858    East         300       0x101ff       1.9000              -99    -99  999 999 999 999 999 999  -1    -99    -99   -99    -99      0 0  -9.266  0.003    0   1   0 133   0   0  15    -99    -99  1864  5.688  11817 1  
    50969.4439    72438    East         300       0x101ff       2.4416              -99    -99  999 999 999 999 999 999  -1    -99    -99   -99    -99      0 0  -9.262  0.002    0   1   0 149   0   0  15    -99    -99  7040  3.596  11817 1  
    50980.4216    72958    East         300       0x101ff       2.5217              -99    -99  999 999 999 999 999 999  -1    -99    -99   -99    -99      0 0  -9.257  0.002    0   1   0 148   0   0  15    -99    -99  2287  4.377  11817 1  
    50990.3604    73400    East         300       0x101ff       2.1970              -99    -99  999 999 999 999 999 999  -1    -99    -99   -99    -99      0 0  -9.322  0.002    0   1   0 188   0   0  15    -99    -99  1835  2.706  11817 1  
    50995.7805    73772    West         300       0x101ff       1.9884           -8.985  0.002    0   1   0 136   0   0   4    -99    -99  3238  4.169  11817 1  -9.331  0.002    0   1   0 143   0   0  11    -99    -99  2264  3.899  11817 1  
    51004.7614    74306    West         300       0x101ff       1.9485           -8.991  0.003    0   1   0 147   0   0   4    -99    -99 11101  3.692  11817 1  -9.339  0.002    0   1   0 158   0   0  11    -99    -99 14538  3.511  11817 1  
    51025.8372    75085    West         300       0x101ff       1.3488           -8.930  0.003    0   1   0 115   0   0   4    -99    -99 12519  3.782  11817 1  -9.279  0.002    0   1   0 118   0   0  11    -99    -99  9993  3.791  11817 1  
    51033.7529    75265    West         300       0x101ff       1.5534           -8.982  0.003    0   1   0 115   0   0   4    -99    -99  9388  4.115  11817 1  -9.334  0.003    0   1   0 116   0   0  11    -99    -99 16079  4.099  11817 1  
    51048.8009    75665    West         300       0x000ff       1.2960           -8.999  0.002    0   1   0 137   0   0   4    -99    -99  2086  2.842  11817 1  -9.352  0.002    0   1   0 124   0   0  11    -99    -99  1890  2.717  11817 1  
    51054.7526    76072    West         300       0x101ff       1.3600           -8.922  0.002    0   1   0 147   0   0   4    -99    -99  2720  2.424  11817 1  -9.264  0.002    0   1   0 199   0   0  11    -99    -99  2183  2.334  11817 1  
    51057.7245    76280    West         300       0x101ff       1.4166           -9.009  0.003    0   1   0 116   0   0   4    -99    -99  2647  4.528  11817 1  -9.350  0.002    0   1   0  95   0   0  11    -99    -99  2463  4.351  11817 1  
    51062.7871    76498    West         300       0x101ff       1.2479           -8.957  0.002    0   1   0 159   0   0   4    -99    -99  8560  2.368  11817 1  -9.297  0.003    0   1 255 148 214   0  11    -99    -99 16755  2.260  11817 1  
    51073.6574    76729    West         300       0x101ff       1.4978           -8.991  0.005    0   1   0 107   0   0   4    -99    -99  2815  6.547  11817 1  -9.345  0.004    0   1   0 111   0   0  11    -99    -99  2349  6.420  11817 1  
    51084.6074    76990    West         300       0x101ff       1.5798           -9.018  0.005    0   1  32 161   0   0   4    -99    -99  2487  5.312  11817 1  -9.344  0.003    0   1   0 201   0   0  11    -99    -99  2562  5.296  11817 1  
    51086.5608    77110    West         300       0x101ff       1.7943           -8.956  0.003    0   1   0 131   0   0   4    -99    -99  5025  3.783  11817 1  -9.310  0.002    0   1   0 137   0   0  11    -99    -99  5538  3.605  11817 1  
    51089.5793    77272    West         300       0x101ff       1.6475           -8.943  0.005    0   1   0 115   0   0   4    -99    -99  7370  5.533  11817 1  -9.321  0.004    0   1   0  96   0   0  11    -99    -99 12432  5.252  11817 1  
    51100.7592    77532    West         300       0x1017f       1.1938           -8.924  0.002    0   1   0 112   0   0   4    -99    -99  2438  2.746  11817 1  -9.266  0.002    0   1   0 141   0   0  11    -99    -99  2468  2.698  11817 1  
    51105.7642    77683    West         300       0x101ff       1.1957           -8.953  0.003    0   1   0  96   0   0   4    -99    -99  5919  4.679  11817 1  -9.309  0.003    0   1   0 100   0   0  11    -99    -99  8772  4.668  11817 1  
    51108.6522    77808    West         300       0x101ff       1.2615           -9.000  0.002    0   1   0 156   0   0   4    -99    -99  1913  2.862  11817 1  -9.349  0.002    0   1   0 127   0   0  11    -99    -99  1880  2.633  11817 1  
    51111.5550    77958    West         300       0x101ff       1.4922           -9.007  0.002    0   1   0 155   0   0   4    -99    -99  1881  3.344  11817 1  -9.352  0.002    0   1   0 172   0   0  11    -99    -99  1996  3.253  11817 1  
    51113.7119    78082    West         300       0x101ff       1.1956           -8.932  0.003    0   1   0 121   0   0   4    -99    -99  1852  4.352  11817 1  -9.281  0.002    0   1   0 116   0   0  11    -99    -99  1534  4.276  11817 1  
    51118.7161    78202    West         300       0x101ff       1.1938           -8.919  0.003    0   1   0 135   0   0   4    -99    -99  3530  3.995  11817 1  -9.264  0.002    0   1   0 122   0   0  11    -99    -99  4592  3.895  11817 1  
    51121.5692    78333    West         300       0x101ff       1.3608           -8.928  0.007    0   1   0 109   0   0   4    -99    -99 23122  3.944  11817 1  -9.313  0.005    0   1   0 120   0   0  11    -99    -99 22527  3.868  11817 1  
    51132.6091    78453    West         300       0x101ff       1.2311           -8.957  0.003    0   1   0 140   0   0   4    -99    -99  2440  3.271  11817 1  -9.306  0.002    0   1   0 137   0   0  11    -99    -99  2430  3.174  11817 1  
    51139.5191    78557    West         300       0x101ff       1.3641           -8.947  0.004    0   1   0 103   0   0   4    -99    -99  2034  5.582  11817 1  -9.302  0.003    0   1   0  96   0   0  11    -99    -99  2074  5.724  11817 1  
    51144.7129    78663    West         300       0x101ff       1.2366           -8.928  0.006    0   1   0  93   0   0   4    -99    -99  2167  7.010  11817 1  -9.257  0.005    0   1   3  89   0   0  11    -99    -99  1478  7.616  11817 1  
    51148.6761    78778    West         300       0x101ff       1.2109           -8.986  0.002    0   1   0 203   0   0   4    -99    -99  5343  3.341  11817 1  -9.341  0.002    0   1   0 193   0   0  11    -99    -99  6762  3.032  11817 1  
    51157.6550    78928    West         300       0x101ff       1.2137           -8.976  0.003    0   1   0 191   0   0   4    -99    -99  2347  4.006  11817 1  -9.324  0.002    0   1   0 181   0   0  11    -99    -99  2591  3.884  11817 1  
    51170.5859    79098    East         300       0x101ff       1.1946              -99    -99  999 999 999 999 999 999  -1    -99    -99   -99    -99      0 0  -9.318  0.002    0   1   0 125   0   0  15    -99    -99  1447  2.757  11817 1  
    51172.5952    79201    East         300       0x101ff       1.2003              -99    -99  999 999 999 999 999 999  -1    -99    -99   -99    -99      0 0  -9.338  0.002    0   1   0 205   0   0  15    -99    -99  1305  2.270  11817 1  
    51179.6925    79325    East         300       0x101fb       1.3888              -99    -99  999 999 999 999 999 999  -1    -99    -99   -99    -99      0 0  -9.282  0.002    0   1   0 203   0   0  15    -99    -99 10137  2.007  11817 1  
    51181.6402    79417    East         300       0x101ff       1.2795              -99    -99  999 999 999 999 999 999  -1    -99    -99   -99    -99      0 0  -9.329  0.002    0   1   0 140   0   0  15    -99    -99  8836  2.252  11817 1  
    51183.7376    79529    East         300       0x101ff       1.5959              -99    -99  999 999 999 999 999 999  -1    -99    -99   -99    -99      0 0  -9.342  0.002    0   1   0 154   0   0  15    -99    -99  8092  2.765  11817 1  
    51195.5127    79752    East         300       0x101ff       1.1936              -99    -99  999 999 999 999 999 999  -1    -99    -99   -99    -99      0 0  -9.315  0.002    0   1   0 179   0   0  15    -99    -99  1655  2.144  11817 1  
    51206.6739    79854    East         300       0x101ff       1.5921              -99    -99  999 999 999 999 999 999  -1    -99    -99   -99    -99      0 0  -9.259  0.002    0   1   0 144   0   0  15    -99    -99  2384  2.903  11817 1  
    51214.7172    79970    East         300       0x101ff       1.9713              -99    -99  999 999 999 999 999 999  -1    -99    -99   -99    -99      0 0  -9.323  0.002    0   1   0 160   0   0  15    -99    -99  6152  3.297  11817 1  
    51223.6905    80060    East         300       0x101ff       1.9574              -99    -99  999 999 999 999 999 999  -1    -99    -99   -99    -99      0 0  -9.312  0.002    0   1   0 174   0   0  15    -99    -99  1745  3.133  11817 1  
    51227.6537    80174    East         300       0x101ff       1.7882              -99    -99  999 999 999 999 999 999  -1    -99    -99   -99    -99      0 0  -9.357  0.002    0   1   0 166   0   0  15    -99    -99  1546  3.775  11817 1  
    51236.4282    80400    East         300       0x101ff       1.2048              -99    -99  999 999 999 999 999 999  -1    -99    -99   -99    -99      0 0  -9.276  0.002    0   1   0 162   0   0  15    -99    -99  8101  2.651  11817 1  
    51241.5300    80504    East         300       0x101ff       1.4097              -99    -99  999 999 999 999 999 999  -1    -99    -99   -99    -99      0 0  -9.343  0.002    0   1   0 157   0   0  15    -99    -99  9101  3.184  11817 1  
    51241.6757    80534    East         300       0x101ff       2.2350              -99    -99  999 999 999 999 999 999  -1    -99    -99   -99    -99      0 0  -9.266  0.002    0   1   0 165   0   0  15    -99    -99 12972  3.300  11817 1  
    51246.6777    80713    East         300       0x101ff       2.3806              -99    -99  999 999 999 999 999 999  -1    -99    -99   -99    -99      0 0  -9.241  0.002    0   1   0 193   0   0  15    -99    -99  3348  2.974  11817 1  
    51249.6366    80838    East         300       0x101ff       2.0881              -99    -99  999 999 999 999 999 999  -1    -99    -99   -99    -99      0 0  -9.325  0.002    0   1   0 199   0   0  15    -99    -99  1882  2.847  11817 1  
    51251.5642    81009    East         300       0x101fb       1.6559              -99    -99  999 999 999 999 999 999  -1    -99    -99   -99    -99      0 0  -9.300  0.002    0   1   0 200   0   0  15    -99    -99  1645  3.442  11817 1  
    51260.4891    81211    East         300       0x101ff       1.4450              -99    -99  999 999 999 999 999 999  -1    -99    -99   -99    -99      0 0  -9.275  0.002    0   1   0 162   0   0  15    -99    -99  1753  2.949  11817 1  
    51265.5653    81396    East         300       0x101ff       1.8852              -99    -99  999 999 999 999 999 999  -1    -99    -99   -99    -99      0 0  -9.307  0.004    0   1   0 106   0   0  15    -99    -99  8146  6.302  11817 1  
    51278.4022    81594    East         300       0x101bf       1.3366              -99    -99  999 999 999 999 999 999  -1    -99    -99   -99    -99      0 0  -9.285  0.003    0   1   0 111   0   0  15    -99    -99  2610  2.635  11817 1  
    51281.5301    81923    East         300       0x101ff       1.9445              -99    -99  999 999 999 999 999 999  -1    -99    -99   -99    -99      0 0  -9.280  0.004    0   1   0 112   0   0  15    -99    -99  1834  6.269  11817 1  
    51287.4491    82300    East         300       0x101ff       1.5767              -99    -99  999 999 999 999 999 999  -1    -99    -99   -99    -99      0 0  -9.344  0.002    0   1   0 133   0   0  15    -99    -99  1571  4.742  11817 1  
    51290.3844    82601    East         300       0x101ff       1.3754              -99    -99  999 999 999 999 999 999  -1    -99    -99   -99    -99      0 0  -9.330  0.002    0   1   0 196   0   0  15    -99    -99  2696  4.051  11817 1  
    51293.4015    82927    East         300       0x101ff       1.4439              -99    -99  999 999 999 999 999 999  -1    -99    -99   -99    -99      0 0  -9.275  0.004    0   1   0 124   0   0  15    -99    -99 11350  2.285  11817 1  
    51299.4937    83214    East         300       0x101ff       2.0392              -99    -99  999 999 999 999 999 999  -1    -99    -99   -99    -99      0 0  -9.269  0.003    0   1   0 138   0   0  15    -99    -99 17041  3.371  11817 1  
    51301.4916    83398    East         300       0x101ff       2.0661              -99    -99  999 999 999 999 999 999  -1    -99    -99   -99    -99      0 0  -9.297  0.002    0   1   0 179   0   0  15    -99    -99  6806  2.790  11817 1  
    51304.4543    83733    East         300       0x101ff       1.8568              -99    -99  999 999 999 999 999 999  -1    -99    -99   -99    -99      0 0  -9.260  0.002    0   1   0 181   0   0  15    -99    -99  2036  3.662  11817 1  
    51307.4317    83949    East         300       0x101ff       1.7683              -99    -99  999 999 999 999 999 999  -1    -99    -99   -99    -99      0 0  -9.317  0.002    0   1   0 166   0   0  15    -99    -99  1537  3.346  11817 1  
    51312.4089    84225    East         300       0x101ff       1.7156              -99    -99  999 999 999 999 999 999  -1    -99    -99   -99    -99      0 0  -9.359  0.002    0   1   0 155   0   0  15    -99    -99  1890  4.293  11817 1  
    51314.4791    84435    East         300       0x101ff       2.2611              -99    -99  999 999 999 999 999 999  -1    -99    -99   -99    -99      0 0  -9.306  0.002    0   1   0 193   0   0  15    -99    -99  1891  2.913  11817 1  
    51318.4484    84898    East         300       0x101ff       2.0914              -99    -99  999 999 999 999 999 999  -1    -99    -99   -99    -99      0 0  -9.420  0.007    0   1  10 109   0   0  15    -99    -99  3768  3.150  11817 1  
    51329.3876    85275    East         300       0x000ff       1.8668              -99    -99  999 999 999 999 999 999  -1    -99    -99   -99    -99      0 0  -9.330  0.003    0   1   0 106   0   0  15    -99    -99  8039  5.149  11817 1  
    51352.3808    86649    East         300       0x101ff       2.3113              -99    -99  999 999 999 999 999 999  -1    -99    -99   -99    -99      0 0  -9.306  0.002    0   1   0 148   0   0  15    -99    -99  6789  3.290  11817 1  
    51362.7929    87384    West         300       0x101ff       1.8616           -8.941  0.003    0   1   0 115   0   0   4    -99    -99  8030  3.678  11817 1  -9.276  0.002    0   1   0 126   0   0  11    -99    -99  7786  3.602  11817 1  
    51382.7456    88272    West         300       0x101ff       1.8146           -8.969  0.003    0   1   0 135   0   0   4    -99    -99  3107  4.364  11817 1  -9.294  0.002    0   1   0 156   0   0  11    -99    -99  2742  4.381  11817 1  
    51392.7318    89031    West         300       0x101ff       1.7351           -9.007  0.002    0   1   0 132   0   0   4    -99    -99  5346  3.615  11817 1  -9.347  0.002    0   1   0 135   0   0  11    -99    -99  6945  3.549  11817 1  
    51395.7590    89378    West         300       0x101ff       1.5608           -8.951  0.003    0   1   0 123   0   0   4    -99    -99  4234  5.230  11817 1  -9.296  0.003    0   1   0 118   0   0  11    -99    -99  3296  5.201  11817 1  
    51405.7352    89954    West         300       0x101ff       1.5456           -8.996  0.002    0   1   0 148   0   0   4    -99    -99  2379  3.147  11817 1  -9.333  0.002    0   1   0 147   0   0  11    -99    -99  2646  3.046  11817 1  
    51408.7328    90227    West         300       0x101ff       1.5222           -9.014  0.002    0   1   0 161   0   0   4    -99    -99  2369  5.062  11817 1  -9.344  0.002    0   1   0 169   0   0  11    -99    -99  2440  4.880  11817 1  
    51411.7684    90475    West         300       0x101ff       1.3754           -8.973  0.003    0   1   0 173   0   0   4    -99    -99  2978  4.897  11817 1  -9.311  0.002    0   1   0 154   0   0  11    -99    -99  2542  4.725  11817 1  
    51420.6836    91060    West         300       0x101ff       1.5918           -8.900  0.002    0   1   0 193   0   0   4    -99    -99  6278  2.902  11817 1  -9.234  0.002    0   1   0 180   0   0  11    -99    -99  8961  2.660  11817 1  
    51423.7289    91256    West         300       0x101ff       1.3942           -9.060  0.002    0   1   0 205   0   0   4    -99    -99  4336  2.583  11817 1  -9.390  0.002    0   1   0 195   0   0  11    -99    -99  3872  2.359  11817 1  
    51427.7417    91471    West         300       0x001bb       1.3317           -9.011  0.002    0   1   0 220   0   0   4    -99    -99  2052  4.205  11817 1  -9.327  0.002    0   1   0 212   0   0  11    -99    -99  2187  3.983  11817 1  
    51433.6655    91832    West         300       0x101ff       1.5181           -8.966  0.002    0   1   0 162   0   0   4    -99    -99  2684  3.040  11817 1  -9.293  0.002    0   1   0 149   0   0  11    -99    -99  2533  2.907  11817 1  
    51435.6875    92012    West         300       0x101ff       1.4208           -8.984  0.002    0   1   0 166   0   0   4    -99    -99  2627  2.965  11817 1  -9.320  0.002    0   1   0 159   0   0  11    -99    -99  2574  2.819  11817 1  
    51440.6273    92200    West         300       0x101ff       1.5994           -8.956  0.002    0   1   0 160   0   0   4    -99    -99  4566  2.915  11817 1  -9.285  0.002    0   1   0 153   0   0  11    -99    -99  4755  2.722  11817 1  
    51449.6518    92457    West         300       0x101ff       1.4127           -8.979  0.002    0   1   0 169   0   0   4    -99    -99  7461  2.432  11817 1  -9.308  0.002    0   1   0 170   0   0  11    -99    -99  9153  2.204  11817 1  
    51458.7466    92628    West         300       0x101ff       1.2040           -9.018  0.002    0   1   0 208   0   0   4    -99    -99  2697  2.576  11817 1  -9.353  0.001    0   1   0 186   0   0  11    -99    -99  2071  2.472  11817 1  
    51463.5561    92757    West         300       0x101ef       1.6391           -9.022  0.003    0   1   0 179   0   0   4    -99    -99  3098  3.486  11817 1  -9.339  0.003    0   1   0 165   0   0  11    -99    -99  3220  3.219  11817 1  
    51468.7114    92909    West         300       0x101ff       1.2091           -8.992  0.002    0   1   0 166   0   0   4    -99    -99  2311  3.298  11817 1  -9.321  0.002    0   1   0 131   0   0  11    -99    -99  2210  3.291  11817 1  
    51471.6305    93007    West         300       0x101ff       1.3116           -8.967  0.002    0   1   0 195   0   0   4    -99    -99  3647  3.307  11817 1  -9.298  0.002    0   1   0 174   0   0  11    -99    -99  5530  3.175  11817 1  
    51471.6792    93018    West         300       0x101ff       1.2318           -8.975  0.002    0   1   0 218   0   0   4    -99    -99  3224  2.841  11817 1  -9.311  0.002    0   1   0 205   0   0  11    -99    -99  4239  2.722  11817 1  
    51477.5264    93150    West         300       0x101ff       1.5983           -9.028  0.003    0   1   0 115   0   0   4    -99    -99  9504  4.097  11817 1  -9.365  0.003    0   1   0 132   0   0  11    -99    -99 11217  4.107  11817 1  
    51478.7316    93241    West         300       0x101ff       1.1940           -9.037  0.002    0   1   0 124   0   0   4    -99    -99  6097  3.359  11817 1  -9.368  0.002    0   1   0 130   0   0  11    -99    -99  6392  3.345  11817 1  
    51482.6061    93350    West         300       0x101ff       1.2996           -8.955  0.003    0   1   0 170   0   0   4    -99    -99  2205  4.991  11817 1  -9.294  0.002    0   1   0 143   0   0  11    -99    -99  2065  5.004  11817 1  
    51488.5818    93470    West         300       0x101ff       1.3164           -9.013  0.002    0   1   0 159   0   0   4    -99    -99  2031  4.202  11817 1  -9.358  0.002    0   1   0 138   0   0  11    -99    -99  2018  4.116  11817 1  
    51491.6303    93583    West         300       0x101ff       1.2255           -8.949  0.004    0   1   0 130   0   0   4    -99    -99  2420  5.556  11817 1  -9.284  0.003    0   1   0 104   0   0  11    -99    -99  2373  5.779  11817 1  
    51493.6278    93678    West         300       0x000ff       1.2223           -8.921  0.002    0   1   0 238   0   0   4    -99    -99  2121  3.129  11817 1  -9.262  0.002    0   1   0 239   0   0  11    -99    -99  2088  3.018  11817 1  
    51495.6524    93785    West         300       0x101ff       1.2003           -8.943  0.003    0   1   0 121   0   0   4    -99    -99  2793  3.661  11817 1  -9.274  0.002    0   1   0 106   0   0  11    -99    -99  2940  3.593  11817 1  
    51505.6410    93885    West         300       0x101ff       1.1950           -9.051  0.003    0   1   0 131   0   0   4    -99    -99 11816  3.392  11817 1  -9.364  0.002    0   1   0 120   0   0  11    -99    -99 13706  3.452  11817 1  
    51510.6394    93996    West         300       0x101ff       1.1939           -9.000  0.002    0   1   0 213   0   0   4    -99    -99  3074  2.690  11817 1  -9.320  0.002    0   1   0 211   0   0  11    -99    -99  3364  2.652  11817 1  
    51513.5588    94092    West         300       0x101ff       1.2387           -8.973  0.002    0   1   0 155   0   0   4    -99    -99  2197  2.760  11817 1  -9.293  0.002    0   1   0 135   0   0  11    -99    -99  2305  2.628  11817 1  
    51514.7127    94193    West         300       0x101ff       1.2556           -9.052  0.002    0   1   0 138   0   0   4    -99    -99  2323  4.035  11817 1  -9.374  0.002    0   1   0 161   0   0  11    -99    -99  1992  4.161  11817 1  
    51526.5996    94420    West         300       0x101fb       1.1940           -9.016  0.002    0   1   0 167   0   0   4    -99    -99  1957  2.278  11817 1  -9.334  0.002    0   1   0 142   0   0  11    -99    -99  2185  2.223  11817 1  
    51531.6583    94511    East         300       0x101ff       1.2438              -99    -99  999 999 999 999 999 999  -1    -99    -99   -99    -99      0 0  -9.339  0.004    0   1   0  94   0   0  15    -99    -99  3770  6.227  11817 1  
    51541.5845    94634    West         300       0x101ff       1.2015           -9.012  0.002    0   1   0 130   0   0   4    -99    -99  1859  3.160  11817 1  -9.322  0.002    0   1   0 141   0   0  11    -99    -99  1582  3.220  11817 1  
    51546.5468    94732    East         300       0x101fb       1.1929              -99    -99  999 999 999 999 999 999  -1    -99    -99   -99    -99      0 0  -9.310  0.002    0   1   0 221   0   0  15    -99    -99  2341  2.331  11817 1  
