!  Star 36.6791.25                         RA  05 22 14.415   DEC  -71 57 32.09
#  325 observations from the production databases
#  Field inception date: 50235.0833
#  Pixel coordinate system: none
#
#  Template         magnitude        chip coordinates        west-chunk
#     Red:            -8.251         1805.97, 1537.93              0
#    Blue:            -7.287         1806.81, 1533.18            107
#
!         Date    Obsid    Pier    Exposure     Checklist      Airmass             rMag   rErr  rDS rTF rCP rX2 rMP rCR  rA  rXpix  rYpix  rSky  rFWHM  rTobs r    bMag   bErr  bDS bTF bCP bX2 bMP bCR  bA  bXpix  bYpix  bSky  bFWHM  bTobs b  
    48927.6995     1649    West         300       0x101bf       1.2507           -8.087  0.004    0   1   0 143   0   0   1    -99    -99  4473  3.935   3631 1  -7.080  0.007   -8   1   0 137   0   0  14    -99    -99  2111  3.787   3631 1  
    48929.6764     1766    West         300       0x101bf       1.2515           -8.082  0.003    0   1   0 151   1   1   1    -99    -99  3884  3.013   3631 1  -7.081  0.005    0   1   0 138   0   0  14    -99    -99  2201  2.890   3631 1  
    48931.7373     1862    West         300       0x101bf       1.2737           -8.095  0.003    0   1   0 120   0   0   1    -99    -99  4054  3.939   3631 1  -7.078  0.007    0   1   0 129  31   1  14    -99    -99  2014  4.030   3631 1  
    48938.7298     2004    West         300       0x101bf       1.2847           -8.140  0.006    0   1   0 142   0   0   1    -99    -99 15234  5.225   3631 1  -7.211  0.015    0   1   6 153   0   0  14    -99    -99 11641  5.605   3631 1  
    48966.7194     2297    East         300       0x101bf       1.3895           -8.235  0.008    0   1   0  92   0   0   5    -99    -99 13179  4.629   3631 1  -7.280  0.017    0   1   0 102   0   0  10    -99    -99 13588  4.563   3631 1  
    48998.5965     2645    West         300       0x101bf       1.3227           -8.299  0.004    0   1   0 152   0   0   1    -99    -99  5494  3.494   3631 1  -7.374  0.008    0   1   0 115   0   0  14    -99    -99  7279  3.279   3631 1  
    49018.7231     3190    East         300       0x101bf       1.9606           -8.270  0.004    0   1   0 156   0   0   5    -99    -99  2162  4.035   3631 1  -7.324  0.008    0   1   0 111   0   0  10    -99    -99  1821  4.123   3631 1  
    49037.6857     3577    East         300       0x101bf       2.0510           -8.305  0.005    0   1   0 154   0   0   5    -99    -99  2505  4.819   3631 1  -7.365  0.009    0   1   0 104   0   0  10    -99    -99  2144  4.684   3631 1  
    49042.4960     3631    East         300       0x101bf       1.3545           -8.249  0.003    0   1   0 163   0   0   5    -99    -99  2375  2.250   3631 1  -7.286  0.004    0   1   0 152   0   0  10    -99    -99  1691  2.062   3631 1  
    49043.7412     3740    East         300       0x101bf       2.5674           -8.244  0.007    0   1   0 117   0   0   5    -99    -99  3000  4.663   3631 1  -7.307  0.014    0   1   2 106   0   0  10    -99    -99  2303  4.910   3631 1  
    49068.6724     4514    East         300       0x101bf       2.5583           -8.249  0.019    0   1   0  96   0   0   5    -99    -99  3105  3.902   3631 1  -7.323  0.047    0   1   0  92   0   0  10    -99    -99  2794  4.127   3631 1  
    49082.6443     4923    East         300       0x101bf       2.6323           -8.255  0.050    0   1  28  91 166   0   5    -99    -99 16467  9.216   3631 1  -7.190  0.179  -35   3  45  96   0   0  10    -99    -99 27886  8.736   3631 1  
    49083.5988     4994    East         300       0x101bf       2.3084           -8.116  0.012    0   1   0  95   0   0   5    -99    -99 19189  5.072   3631 1  -7.318  0.037    0   1   7  88   0   0  10    -99    -99 35017  5.362   3631 1  
    49095.5994     5430    East         300       0x101bf       2.5618           -7.977  0.006    0   1 255 128 230   0   5    -99    -99  2988  2.723   3631 1  -7.032  0.008    0   1   0 110   0   0  10    -99    -99  2898  2.904   3631 1  
    49097.6425     5621    East         300       0x101bf       2.9241           -7.984  0.005    0   1   0 117   0   0   5    -99    -99  3242  3.518   3631 1  -7.036  0.011    0   1   0  95   0   0  10    -99    -99  2764  3.784   3631 1  
    49111.5960     6325    East         300       0x101bf       2.8613           -8.163  0.016    0   1   0 103   0   0   5    -99    -99 16477  5.800   3631 1  -7.237  0.058    0   1  20  96   0   0  10    -99    -99 25130  6.213   3631 1  
    49120.5753     6747    East         300       0x101bf       2.8880           -8.237  0.035    0   1  38  97   0   0   5    -99    -99  3469 10.552   3631 1  -7.476  0.085  -32   1  57  88   0   0  10    -99    -99  3079 11.101   3631 1  
    49124.5675     7071    East         300       0x101bf       2.9092           -8.228  0.011    0   1   0  97   0   0   5    -99    -99  4038  6.526   3631 1  -7.289  0.027    0   1  25  92   0   0  10    -99    -99  3082  6.971   3631 1  
    49125.5542     7173    East         300       0x101bf       2.8383           -8.185  0.004    0   1   0 118   0   0   5    -99    -99  3403  3.831   3631 1  -7.261  0.009    0   1   0  92   0   0  10    -99    -99  2768  4.036   3631 1  
    49143.5156     8066    East         300       0x101bf       2.9114           -8.160  0.014    0   1   0  86 169   0   5    -99    -99 22875  4.773   3631 1  -7.246  0.037    0   1   0  96   0   0  10    -99    -99 22961  5.139   3631 1  
    49163.4807     8946    East         300       0x101bf       3.0369           -8.200  0.005    0   1   0 124   0   0   5    -99    -99  4536  3.551   3631 1  -7.299  0.011    0   1   0 103   0   0  10    -99    -99  4071  3.618   3631 1  
    49164.4483     9040    East         300       0x101bf       2.8372           -8.199  0.005    0   1   0 138   0   0   5    -99    -99  4171  3.775   3631 1  -7.300  0.014    0   1   0 110   0   0  10    -99    -99  5315  4.000   3631 1  
    49165.8050     9212    West         300       0x101bf       1.7523           -8.215  0.005    0   1   0 114   0   0   1    -99    -99  3061  4.505   3631 1  -7.272  0.012    0   1   0  89   0   0  14    -99    -99  2249  4.627   3631 1  
    49186.7774    10078    West         300       0x101bf       1.6218           -8.253  0.008    0   1   0  90   0   0   1    -99    -99  3973  4.853   3631 1  -7.372  0.018    0   1   0  99   0   0  14    -99    -99  2882  4.987   3631 1  
    49194.7927    10382    West         300       0x101bf       1.4905           -8.379  0.005    0   1   0 141   0   0   1    -99    -99  2459  4.978   3631 1  -7.506  0.010    0   1   0  97 148   0  14    -99    -99  1849  5.012   3631 1  
    49209.7291    11032    West         300       0x101bf       1.5683           -8.331  0.006    0   1   0 107   0   0   1    -99    -99  2960  5.573   3631 1  -7.428  0.016    0   1  16 101   0   0  14    -99    -99  2585  5.920   3631 1  
    49216.7285    11397    West         300       0x101bf       1.5064           -8.365  0.006    0   1   0  97   0   0   1    -99    -99  2519  5.824   3631 1  -7.477  0.014    0   1  15 100   0   0  14    -99    -99  1928  6.037   3631 1  
    49222.7946    11815    West         300       0x101bf       1.3182           -8.396  0.003    0   1   0 179   0   0   1    -99    -99  2285  2.564   3631 1  -7.500  0.005    0   1   0 159   0   0  14    -99    -99  1995  2.524   3631 1  
    49255.7318    12280    West         300       0x100bf       1.2842           -8.234  0.004    0   1   0 171   0   0   1    -99    -99  2392  3.656   3631 1  -7.317  0.007  -20   1   0 130   0   0  14    -99    -99  2037  3.776   3631 1  
    49268.7197    12730    West         300       0x101bf       1.2643           -8.186  0.003    0   1   0 133   0   0   1    -99    -99  3017  3.141   3631 1  -7.260  0.006    0   1   0 109   0   0  14    -99    -99  2816  2.951   3631 1  
    49280.7501    13007    West         300       0x101bf       1.2541           -8.124  0.004    0   1   0 145   0   0   1    -99    -99  2143  3.757   3631 1  -7.201  0.008    0   1   0 117   0   0  14    -99    -99  1729  3.947   3631 1  
    49286.6448    13183    West         300       0x101bf       1.2864           -8.084  0.004    0   1   0 180   0   0   1    -99    -99  4106  3.201   3631 1  -7.161  0.010   -2   1   0 129   0   0  14    -99    -99  6170  3.463   3631 1  
    49291.6980    13371    West         300       0x101bf       1.2507           -8.090  0.006    0   1   0 106   0   0   1    -99    -99  9759  4.106   3631 1  -7.166  0.017    0   1   0  92   0   0  14    -99    -99 10976  4.322   3631 1  
    49309.6368    13538    West         300       0x101bf       1.2520           -7.985  0.003    0   1   0 137   0   0   1    -99    -99  2155  2.667   3631 1  -7.054  0.006    0   1   0 114   0   0  14    -99    -99  1771  2.712   3631 1  
    49313.6430    13715    West         300       0x101bf       1.2509           -7.981  0.005    0   1   0 106   0   0   1    -99    -99  2043  4.535   3631 1  -7.069  0.010    0   1   0  99   0   0  14    -99    -99  1584  4.750   3631 1  
    49376.6925    14074    East         300       0x101bf       1.6993           -8.266  0.004    0   1   0 108   0   0   5    -99    -99  3641  4.085   3631 1  -7.349  0.008    0   1   0  94   0   0  10    -99    -99  2432  4.195   3631 1  
    49386.7234    14389    East         300       0x0013f       2.0074           -8.326  0.007    0   1   0 105   0   0   5    -99    -99  6331  3.995   3631 1  -7.430  0.016    0   1   0  92   0   0  10    -99    -99  5937  3.958   3631 1  
    49399.6692    14606    East         300       0x101bf       1.8963              -99    -99  999 999 999 999 999 999   5    -99    -99  2347  4.508   3631 0  -7.395  0.008    0   1   0 103   0   0  10    -99    -99  2154  4.511   3631 1  
    49412.4031    14906    East         300       0x101bf       2.0419              -99    -99  999 999 999 999 999 999   5    -99    -99  8430  3.650   3631 0  -7.399  0.011   25   1   0 126   0   0  10    -99    -99 10634  3.570   3631 1  
    49424.6895    15210    East         300       0x100bf       2.5029              -99    -99  999 999 999 999 999 999  -1    -99    -99   -99    -99      0 0  -7.377  0.012    9   1   2  98   0   0  10    -99    -99  3041  5.063   3631 1  
    49446.6882    15941    East         300       0x101bf       2.9449           -8.258  0.016    0   1   0  90   0   0   5    -99    -99  8007  4.568   3631 1  -7.338  0.048    3   1   0  80   0   0  10    -99    -99  7694  4.989   3631 1  
    49448.6379    16058    East         300       0x101bf       2.6076           -8.246  0.012    0   1  10 105   0   0   5    -99    -99  3462  7.262   3631 1  -7.337  0.030    0   1  37  91   0   0  10    -99    -99  3376  7.723   3631 1  
    49460.6028    16604    East         300       0x101bf       2.5882           -8.287  0.004    0   1   0 124   0   0   5    -99    -99  3271  4.033   3631 1  -7.385  0.009    0   1   0 109   0   0  10    -99    -99  2583  4.247   3631 1  
    49467.6188    17013    East         300       0x101bf       2.8550           -8.238  0.008    0   1   0 114   0   0   5    -99    -99 23792  4.035   3631 1  -7.347  0.028    0   1   0 103   0   0  10    -99    -99 39548  4.379   3631 1  
    49483.5794    17663    East         300       0x101bf       2.8899           -8.194  0.005    0   1   0 125   0   0   5    -99    -99  3693  3.958   3631 1  -7.310  0.010    0   1   0 100   0   0  10    -99    -99  2969  4.383   3631 1  
    49496.5407    18391    East         300       0x101bf       2.8673           -8.223  0.021    0   1  13 102   0   0   5    -99    -99 23047  6.949   3631 1  -7.336  0.063  -12   1  33 102   0   0  10    -99    -99 27530  7.426   3631 1  
    49500.5408    18532    East         300       0x101bf       2.9450           -8.160  0.007    0   1   0  97   0   0   5    -99    -99  7967  4.784   3631 1  -7.247  0.020    0   1   2  92   0   0  10    -99    -99  9831  5.129   3631 1  
    49505.5166    18743    East         300       0x101bf       2.8701           -8.099  0.004    0   1   0 109   0   0   5    -99    -99  3471  3.338   3631 1  -7.167  0.009    0   1   0 101   0   0  10    -99    -99  2778  3.632   3631 1  
    49512.5094    18952    East         300       0x101bf       2.9547           -8.057  0.007    0   1   0 103   0   0   5    -99    -99  2239  5.542   3631 1  -7.103  0.018    0   1  15  91   0   0  10    -99    -99  2398  6.000   3631 1  
    49540.4461    20350    East         300       0x001bf       3.0408           -8.193  0.005    0   1   0 119   0   0   5    -99    -99  3316  4.540   3631 1  -7.306  0.012    0   1   0  90   0   0  10    -99    -99  2705  4.922   3631 1  
    49549.7875    20943    West         300       0x101bf       1.6075           -8.145  0.005    0   1   0 106   0   0   1    -99    -99  2543  5.078   3631 1  -7.232  0.011    0   1   0  91   0   0  14    -99    -99  1830  4.913   3631 1  
    49557.4012    21421    East         300       0x101bf       3.0504           -8.171  0.049  -12   1   0  95   0   0   5    -99    -99 22699  3.494   3631 1  -7.320  0.128  -26   1   0  95   0   0  10    -99    -99 18299  3.897   3631 1  
    49577.7351    22633    West         300       0x101bf       1.5217           -8.246  0.008    0   1   0 109   0   0   1    -99    -99  2182  6.126   3631 1  -7.352  0.019    0   1  23  94 179   0  14    -99    -99  1863  6.387   3631 1  
    49580.7644    22891    West         300       0x101bf       1.4152           -8.206  0.003    0   1   0 136   0   0   1    -99    -99  2455  2.745   3631 1  -7.281  0.007    0   1   0 107   0   0  14    -99    -99  2284  2.895   3631 1  
    49604.7238    24033    West         300       0x101bf       1.3607           -8.347  0.003    0   1   0 148   0   0   1    -99    -99  2277  2.507   3631 1  -7.437  0.006    0   1   0 120   0   0  14    -99    -99  2217  2.480   3631 1  
    49610.7328    24441    West         300       0x101bf       1.3173           -8.369  0.004    0   1   0 121   0   0   1    -99    -99  2371  4.203   3631 1  -7.475  0.009    0   1   0  92 195   0  14    -99    -99  1864  4.305   3631 1  
    49610.7372    24442    West         300       0x101bf       1.3109           -8.383  0.004    0   1   0 127   0   0   1    -99    -99  2180  4.227   3631 1  -7.472  0.009    0   1   0  95 192   0  14    -99    -99  1753  4.319   3631 1  
    49618.7444    24879    West         300       0x101bf       1.2772           -8.315  0.004    0   1   0 117   0   0   1    -99    -99  5091  3.666   3631 1  -7.395  0.010    0   1   0 102   0   0  14    -99    -99  5205  3.838   3631 1  
    49634.7195    25516    West         300       0x101bf       1.2629           -8.340  0.003    0   1   0 115   0   0   1    -99    -99  1893  3.066   3631 1  -7.424  0.006    0   1   0 111   0   0  14    -99    -99  1660  3.139   3631 1  
    49648.6790    26038    West         300       0x101bf       1.2643           -8.371  0.003    0   1   0 119   0   0   1    -99    -99  4556  2.284   3631 1  -7.461  0.006    0   1   0 107   0   0  14    -99    -99  4249  2.288   3631 1  
    49666.6851    26367    West         300       0x101bf       1.2518           -8.233  0.003    0   1   0 141   0   0   1    -99    -99  1647  2.445   3631 1     -99    -99  999 999 999 999 999 999  -1    -99    -99   -99    -99      0 0  
    49699.5523    27164    West         300       0x101bb       1.2575           -8.178  0.003    0   1   0 139   0   0   1    -99    -99  4667  2.898   3631 1  -7.259  0.007    0   1   0 118   0   0  14    -99    -99  5470  2.865   3631 1  
    49717.5215    27498    East         300       0x101bf       1.2497           -8.045  0.003    0   1   0 136   0   0   5    -99    -99  2178  2.537   3631 1  -7.090  0.005    0   1   0 124   0   0  10    -99    -99  2062  2.368   3631 1  
    49728.7296    27641    East         300       0x101bf       1.7039           -8.078  0.003    0   1   0 158   0   0   5    -99    -99  2336  2.537   3631 1  -7.143  0.005    0   1   0 147   0   0  10    -99    -99  1669  2.458   3631 1  
    49740.5876    27837    East         300       0x101bf       1.3601           -8.064  0.003    0   1   0 143   0   0   5    -99    -99  2815  2.645   3631 1  -7.124  0.006    0   1   0 126   0   0  10    -99    -99  3098  2.545   3631 1  
    49742.6400    27931    East         300       0x101bf       1.5079           -8.063  0.031   10   1   0  91   0   0   5    -99    -99  4422  2.964   3631 1  -7.136  0.061    0   1   0  98   0   0  10    -99    -99  3439  2.978   3631 1  
    49743.4938    27938    East         300       0x101bf       1.2568           -8.049  0.004    0   1   0 106   0   0   5    -99    -99  2270  3.579   3631 1  -7.114  0.007    0   1   0 104   0   0  10    -99    -99  2045  3.546   3631 1  
    49743.4988    27939    East         350       0x101bf       1.2595           -8.039  0.004    0   1   0 127   0   0   5    -99    -99  2750  3.186   3631 1  -7.107  0.006    0   1   0 111   0   0  10    -99    -99  2407  3.128   3631 1  
    49746.7099    28026    East         300       0x101bf       1.8485           -8.010  0.003    0   1   0 140   0   0   5    -99    -99  2451  2.465   3631 1  -7.050  0.005    0   1   0 144   1   1  10    -99    -99  1783  2.456   3631 1  
    49752.5392    28260    East         300       0x101af       1.3316           -8.005  0.004    0   1   0 139   0   0   5    -99    -99  1867  4.177   3631 1  -7.064  0.007    0   1   0 106   0   0  10    -99    -99  1495  4.152   3631 1  
    49755.7552    28387    East         300       0x101af       2.2911           -7.997  0.005    0   1   0 120   0   0   5    -99    -99  2620  4.140   3631 1  -7.059  0.010    0   1   0 104   0   0  10    -99    -99  2084  4.303   3631 1  
    49788.4966    28834    East         300       0x101bf       1.4546           -8.236  0.005    0   1   0 102   0   0   5    -99    -99  4866  4.491   3631 1  -7.278  0.011    0   1   0  93   0   0  10    -99    -99  5038  4.641   3631 1  
    49795.7298    29153    East         300       0x101bf       2.9243           -8.261  0.006    0   1   0 111   0   0   5    -99    -99 10144  3.931   3631 1  -7.330  0.018   -7   1   0  96   0   0  10    -99    -99 15179  4.187   3631 1  
    49800.4920    29353    East         300       0x101bf       1.5420           -8.284  0.005    0   1   0 108   0   0   5    -99    -99  2871  4.250   3631 1  -7.342  0.009    0   1   0  91   0   0  10    -99    -99  2286  4.205   3631 1  
    49808.5589    29757    East         300       0x101bf       1.9517           -8.374  0.003    0   1   0 120   0   0   5    -99    -99  2162  3.485   3631 1  -7.451  0.006    0   1   0 105   0   0  10    -99    -99  1780  3.538   3631 1  
    49825.6561    30281    East         300       0x101bf       2.9814           -8.361  0.043    0   1  28  98   0   0   5    -99    -99 15922  9.178   3631 1     -99    -99  999 999 999 999 999 999  -1    -99    -99   -99    -99      0 0  
    49873.5012    31569    East         300       0x101bf       2.8113           -8.226  0.004    0   1   0 131   0   0   5    -99    -99  3754  3.394   3631 1  -7.259  0.010    0   1   0  99   0   0  10    -99    -99  3695  3.661   3631 1  
    49927.8244    33639    West         300       0x101bf       1.3911           -8.190  0.008    0   1   0 100   0   0   1    -99    -99  3403  5.094   3631 1  -7.283  0.017    0   1   6  94   0   0  14    -99    -99  2117  5.361   3631 1  
    49937.6167    34259    West         300       0x101bf       2.1875           -8.169  0.026    0   1  15  99   0   0   1    -99    -99 10419  7.680   3631 1  -7.194  0.091   -8   1  40  93   0   0  14    -99    -99  9839  7.977   3631 1  
    49942.8224    34826    West         300       0x101bf       1.3190           -8.096  0.004    0   1   0 168   0   0   1    -99    -99  5906  2.544   3631 1  -7.155  0.011    0   1 255  91 215   0  14    -99    -99  6878  2.510   3631 1  
    49947.6031    35189    West         300       0x101bf       2.0964           -8.109  0.005    0   1   0 126   0   0   1    -99    -99  2897  4.271   3631 1  -7.247  0.013   -7   1   0  93   0   0  -1    -99    -99   -99    -99      0 1  
    49953.7260    35639    West         300       0x101bf       1.4603           -8.150  0.003    0   1   0 139   0   0   1    -99    -99  1863  2.138   3631 1  -7.210  0.006    0   1   0 118 153   0  14    -99    -99  1673  2.160   3631 1  
    49970.7837    36422    West         300       0x101bf       1.2745           -8.154  0.004    0   1   0 119   0   0   1    -99    -99  5663  2.768   3631 1  -7.211  0.011    0   1   0  85 198   0  14    -99    -99  8519  2.822   3631 1  
    49982.6341    36812    West         300       0x101bf       1.4975           -8.148  0.003    0   1   0 149   0   0   1    -99    -99  2191  1.973   3631 1  -7.234  0.005    0   1   0 128   0   0  14    -99    -99  2033  1.893   3631 1  
    49987.6684    36962    West         300       0x101bf       1.3746           -8.199  0.003    0   1   0 155   0   0   1    -99    -99  1812  2.676   3631 1  -7.286  0.006    0   1   0 136   0   0  14    -99    -99  1922  2.744   3631 1  
    49998.6380    37325    West         300       0x101bf       1.3752           -8.278  0.004    0   1   0 187   0   0   1    -99    -99 10167  2.517   3631 1  -7.365  0.010    0   1   0  83  88   0  14    -99    -99 17131  2.403   3631 1  
    50013.7354    37705    West         300       0x101bf       1.2522           -8.298  0.003    0   1   0 152   0   0   1    -99    -99  1776  3.469   3631 1  -7.354  0.005    0   1   0 118   0   0  14    -99    -99  1521  3.352   3631 1  
    50072.6454    38709    West         300       0x101bf       1.3067           -8.290  0.005    0   1   0 127 114   0   1    -99    -99  1641  4.815   3631 1  -7.355  0.009    0   1   3 121   0   0  14    -99    -99  1353  5.096   3631 1  
    50107.6236    39183    East         300       0x101af       1.4567           -8.215  0.003    0   1   0 125   0   0   5    -99    -99  2562  3.431   3631 1  -7.264  0.006   -3   1   0 116   0   0  10    -99    -99  1471  3.403   3631 1  
    50127.6661    39652    East         300       0x101bf       1.8454           -8.059  0.005    0   1   0 102   0   0   5    -99    -99  1927  4.821   3631 1  -7.122  0.010    0   1   0  88   0   0  10    -99    -99  1650  4.885   3631 1  
    50159.6570    40504    East         300       0x101bf       2.3478           -8.033  0.006    0   1   0 101   0   0   5    -99    -99  2605  5.484   3631 1  -7.106  0.014    0   1  16  92   0   0  10    -99    -99  1902  5.761   3631 1  
    50181.6270    41366    East         300       0x101af       2.5764           -8.101  0.005    0   1   0 108   0   0   5    -99    -99  6665  3.575   3631 1  -7.151  0.011    0   1   0 104   0   0  10    -99    -99  6534  3.760   3631 1  
    50201.5014    42254    East         300       0x101bf       2.0638           -8.282  0.004    0   1   0 114   0   0   5    -99    -99  6055  3.176   3631 1  -7.370  0.008    0   1   0 104   0   0  10    -99    -99  7034  3.325   3631 1  
    50227.4680    43515    East         300       0x101bf       2.3235           -8.243  0.004    0   1   0 116   0   0   5    -99    -99  3791  3.467   3631 1  -7.288  0.007    0   1   0 108   0   0  10    -99    -99  3200  3.677   3631 1  
    50239.4603    44486    East         300       0x101bf       2.5123           -8.266  0.004    0   1   0 111   0   0   5    -99    -99  4004  3.272   3631 1  -7.334  0.007    0   1   0 110   0   0  10    -99    -99  3380  3.515   3631 1  
    50300.7596    46751    West         300       0x101bb       1.5083           -8.296  0.008    0   1  15 115   0   0   1    -99    -99  2596  7.327   3631 1  -7.400  0.016    0   1  32  93   0   0  14    -99    -99  3135  7.048   3631 1  
    50311.7987    47622    West         300       0x0013f       1.3405           -8.194  0.004    0   1   0 114   0   0   1    -99    -99  2434  4.359   3631 1  -7.252  0.008    0   1   0 107   0   0  14    -99    -99  1910  4.553   3631 1  
    50348.7727    48862    West         300       0x101bf       1.2579           -8.106  0.006    0   1   0  92   0   0   1    -99    -99  2079  5.181   3631 1  -7.160  0.012    0   1  10  96   0   0  14    -99    -99  1891  5.543   3631 1  
    50368.7402    49428    West         300       0x101bf       1.2510           -8.022  0.006    0   1   0 101   0   0   1    -99    -99  2423  5.005   3631 1  -7.086  0.012    0   1   8 101   0   0  14    -99    -99  1703  5.305   3631 1  
    50374.7420    49710    West         300       0x101bf       1.2509           -8.092  0.004    0   1   0 127   0   0   1    -99    -99  1871  4.407   3631 1  -7.141  0.009    0   1   0 111   0   0  14    -99    -99  1724  4.446   3631 1  
    50376.7258    49772    West         300       0x101af       1.2503           -8.102  0.004    0   1   0 117   0   0   1    -99    -99  2264  3.602   3631 1  -7.179  0.007    0   1   0 115   0   0  14    -99    -99  1927  3.662   3631 1  
    50389.7029    50148    West         300       0x101bf       1.2512           -8.223  0.003    0   1   0 164   0   0   1    -99    -99  2583  2.406   3631 1     -99    -99  999 999 999 999 999 999  14    -99    -99  2420  2.294   3631 0  
    50401.6088    50440    West         300       0x101ff       1.2704           -8.158  0.004    0   1   0 121   0   0   1    -99    -99  1658  3.871   3631 1  -7.221  0.007    0   1   0  96   0   0  14    -99    -99  1723  3.765   3631 1  
    50410.7072    50729    West         300       0x101ff       1.2908           -8.168  0.003    0   1   0 124   0   0   1    -99    -99  6523  2.632   3631 1  -7.225  0.007    0   1   0 111   0   0  14    -99    -99  7215  2.669   3631 1  
    50433.6414    51473    East         300       0x101ff       1.2865           -8.365  0.011    0   1   0 117   0   0   5    -99    -99  3096  4.955   3631 1  -7.425  0.023    0   1   0  98   0   0  10    -99    -99  2541  5.031   3631 1  
    50444.7322    51802    East         300       0x101ff       1.5566           -8.291  0.005    0   1   0 123   0   0   5    -99    -99  9198  3.884   3631 1  -7.327  0.011    0   1   0 105   0   0  10    -99    -99 10293  3.726   3631 1  
    50456.6566    52190    East         300       0x101ff       1.4266           -8.308  0.003    0   1   0 163   0   0   5    -99    -99  1786  2.765   3631 1  -7.346  0.005    0   1   0 135   0   0  10    -99    -99  1371  2.554   3631 1  
    50468.7538    52537    East         300       0x101ff       1.9649           -8.314  0.005    0   1   0 118   0   0   5    -99    -99  8015  3.783   3631 1  -7.365  0.011    0   1   0 107   0   0  10    -99    -99  7569  3.950   3631 1  
    50482.5053    52753    East         300       0x001bf       1.2841           -8.247  0.003    0   1   0 132   0   0   5    -99    -99  2026  3.000   3631 1  -7.302  0.005    0   1   0 113   0   0  10    -99    -99  1556  2.937   3631 1  
    50486.5555    52907    East         300       0x101ff       1.3815           -8.258  0.003    0   1   0 150   0   0   5    -99    -99  2029  2.714   3631 1  -7.301  0.005    0   1   0 134   0   0  10    -99    -99  1497  2.522   3631 1  
    50493.7663    53037    East         300       0x101ff       2.5280           -8.283  0.004    0   1   0 114   0   0   5    -99    -99  2844  3.822   3631 1  -7.379  0.008    0   1   0  94   0   0  10    -99    -99  2529  4.002   3631 1  
    50495.7460    53161    East         300       0x001bf       2.4153           -8.314  0.007    0   1   0  94   0   0   5    -99    -99  2272  3.645   3631 1  -7.391  0.014    0   1   0 104   0   0  10    -99    -99  2048  3.790   3631 1  
    50498.5676    53287    East         300       0x101ff       1.4994           -8.319  0.004    0   1   0 152   0   0   5    -99    -99  6132  3.248   3631 1  -7.395  0.008    0   1   0 110   0   0  10    -99    -99  7723  3.162   3631 1  
    50507.6940    53481    East         300       0x101ff       2.2733           -8.310  0.004    0   1   0 115   0   0   5    -99    -99  5009  3.459   3631 1  -7.422  0.009    0   1   0 105   0   0  10    -99    -99  5270  3.649   3631 1  
    50518.6452    53685    East         300       0x101ff       2.1426           -8.203  0.004    0   1   0 123   0   0   5    -99    -99  1912  3.118   3631 1  -7.275  0.007    0   1   0 107   0   0  10    -99    -99  1821  3.143   3631 1  
    50521.6228    53863    East         300       0x101ff       2.0496           -8.164  0.004    0   1   0 135   0   0   5    -99    -99  2038  3.787   3631 1  -7.228  0.007    0   1   0 112   0   0  10    -99    -99  1540  3.810   3631 1  
    50527.4686    54137    East         300       0x101ff       1.4419           -8.101  0.005    0   1   0 102   0   0   5    -99    -99  6467  4.004   3631 1  -7.147  0.013    0   1   0  96   0   0  10    -99    -99  8408  3.946   3631 1  
    50530.5478    54291    East         300       0x101ff       1.7672           -8.052  0.011    0   1   0 105   0   0   5    -99    -99 10236  5.747   3631 1  -7.129  0.034  -38   1  13  97   0   0  10    -99    -99 19589  5.814   3631 1  
    50533.6615    54462    East         300       0x101ff       2.5626           -8.038  0.005    0   1   0 122   0   0   5    -99    -99 11672  2.719   3631 1  -7.111  0.014  -37   1   0  99   0   0  10    -99    -99 15364  2.826   3631 1  
    50539.4974    54729    East         300       0x101ff       1.6507           -8.105  0.003    0   1   0 130   0   0   5    -99    -99  2796  2.619   3631 1  -7.187  0.005    0   1   0 131   0   0  10    -99    -99  1684  2.618   3631 1  
    50542.5200    54891    East         300       0x101ff       1.7921           -8.132  0.005    0   1   0 103   0   0   5    -99    -99  2310  4.981   3631 1  -7.228  0.010    0   1   3  97   0   0  10    -99    -99  1570  5.129   3631 1  
    50545.5839    55152    East         300       0x101ff       2.2286           -8.137  0.009    0   1   7 102   0   0   5    -99    -99  1976  6.993   3631 1  -7.224  0.021    0   1  33 100   0   0  10    -99    -99  1866  7.323   3631 1  
    50550.5379    55457    East         300       0x101ff       2.0139           -8.125  0.003    0   1   0 146   0   0   5    -99    -99  2112  2.408   3631 1  -7.232  0.006    0   1   0 127   0   0  10    -99    -99  1679  2.434   3631 1  
    50553.4795    55667    East         300       0x101ff       1.7410           -8.121  0.004    0   1   0 107   0   0   5    -99    -99  4466  3.128   3631 1  -7.226  0.009    0   1   0 109   0   0  10    -99    -99  4220  3.152   3631 1  
    50557.5473    55890    East         300       0x101bf       2.2015           -8.107  0.006    0   1   0 125   0   0   5    -99    -99  7021  3.966   3631 1  -7.172  0.017  -21   1   0  89   0   0  10    -99    -99 11962  4.041   3631 1  
    50565.4856    56156    East         300       0x101ff       1.9464           -8.070  0.005    0   1   0 129   0   0   5    -99    -99  4507  3.569   3631 1  -7.133  0.010   -9   1   0 105   0   0  10    -99    -99  3541  3.646   3631 1  
    50569.5200    56540    East         300       0x101ff       2.2399           -8.062  0.005    0   1   0 113   0   0   5    -99    -99  2715  3.304   3631 1  -7.133  0.009    0   1   0  89   0   0  10    -99    -99  2038  3.445   3631 1  
    50576.5500    56894    East         300       0x101ff       2.6081           -8.093  0.007    0   1   0  89   0   0   5    -99    -99  2269  6.020   3631 1  -7.181  0.018    0   1  24  84   0   0  10    -99    -99  1924  6.379   3631 1  
    50579.5330    57118    East         300       0x000bf       2.5406           -8.100  0.006    0   1   0  97   0   0   5    -99    -99  1841  5.173   3631 1  -7.181  0.013    0   1   8  98   0   0  10    -99    -99  1838  5.468   3631 1  
    50582.4040    57374    East         300       0x101bf       1.7586           -8.091  0.005    0   1   0 105   0   0   5    -99    -99  5505  2.874   3631 1  -7.161  0.010    0   1   0 101   0   0  10    -99    -99  4853  2.875   3631 1  
    50593.4846    57494    East         300       0x001bf       2.4626           -8.129  0.007    0   1   0 108   0   0  -1    -99    -99   -99    -99      0 1  -7.226  0.019    0   1   3  99   0   0  -1    -99    -99   -99    -99      0 1  
    50599.4861    57872    East         300       0x101ff       2.6009           -8.165  0.005    0   1   0  98   0   0   5    -99    -99  2842  4.466   3631 1  -7.260  0.011    0   1   0  92   0   0  10    -99    -99  2285  4.776   3631 1  
    50603.4311    58204    East         300       0x101ff       2.2684           -8.157  0.003    0   1   0 138   0   0   5    -99    -99  3132  2.537   3631 1  -7.236  0.006    0   1   0 108   0   0  10    -99    -99  2303  2.672   3631 1  
    50607.4737    58534    East         300       0x101ff       2.6736           -8.172  0.003    0   1   0 141   0   0   5    -99    -99  2150  2.520   3631 1  -7.253  0.006    0   1   0 133   0   0  10    -99    -99  1944  2.728   3631 1  
    50613.8360    58941    West         300       0x101ff       1.7737           -8.248  0.008    0   1   0 105   0   0   1    -99    -99  4188  4.777   3631 1  -7.378  0.020    0   1   6  93   0   0  14    -99    -99  3956  5.179   3631 1  
    50616.8185    59269    West         300       0x101ff       1.8198           -8.241  0.006    0   1   0  98   0   0   1    -99    -99  2643  5.509   3631 1  -7.365  0.012    0   1  12 109   0   0  14    -99    -99  1913  5.599   3631 1  
    50622.3979    59571    East         300       0x101ff       2.4062           -8.274  0.003    0   1   0 120   0   0   5    -99    -99  3538  2.821   3631 1  -7.346  0.006    0   1   0 119   0   0  10    -99    -99  2278  2.991   3631 1  
    50631.7785    59958    West         300       0x101ff       1.8151           -8.325  0.006    0   1   0 105   0   0   1    -99    -99  2481  5.736   3631 1  -7.355  0.014    0   1  18  97   0   0  14    -99    -99  1855  5.970   3631 1  
    50638.7614    60480    West         300       0x101ff       1.8047           -8.310  0.010    0   1   9  97   0   0   1    -99    -99  3366  7.192   3631 1  -7.408  0.021    0   1  34  89   0   0  14    -99    -99  1933  7.414   3631 1  
    50644.7508    60788    West         300       0x101ff       1.7761           -8.329  0.005    0   1   0 105   0   0   1    -99    -99  3167  4.639   3631 1  -7.406  0.011    0   1   0 104   0   0  14    -99    -99  2429  4.760   3631 1  
    50647.7098    61000    West         300       0x101ff       1.9527           -8.354  0.005    0   1   0 122 139   0   1    -99    -99 10744  3.176   3631 1  -7.480  0.012    0   1   0  99   0   0  14    -99    -99 10967  3.445   3631 1  
    50648.8165    61123    West         300       0x101ff       1.4780           -8.348  0.004    0   1   0 122   0   0   1    -99    -99  8942  3.307   3631 1  -7.386  0.010    0   1   0  98   0   0  14    -99    -99 10460  3.287   3631 1  
    50656.7564    61660    West         300       0x101ff       1.6081           -8.334  0.005    0   1   0 118   0   0   1    -99    -99  3246  4.565   3631 1  -7.425  0.010    0   1   0 104   0   0  14    -99    -99  2531  4.700   3631 1  
    50657.7396    61743    West         300       0x101ff       1.6652           -8.308  0.004    0   1   0 110   0   0   1    -99    -99  2906  3.867   3631 1  -7.392  0.008    0   1   0 105   0   0  14    -99    -99  2112  3.958   3631 1  
    50658.8099    61856    West         300       0x101ff       1.4220           -8.334  0.003    0   1   0 180   0   0   1    -99    -99  2198  3.680   3631 1  -7.353  0.006    0   1   0 130   0   0  14    -99    -99  1810  3.352   3631 1  
    50659.7552    61949    West         300       0x101ff       1.5820           -8.287  0.003    0   1   0 159   0   0   1    -99    -99  2369  3.231   3631 1  -7.366  0.006    0   1   0 110   0   0  14    -99    -99  1949  3.110   3631 1  
    50660.8136    62065    West         300       0x101ff       1.4000           -8.317  0.004    0   1   0 123   0   0   1    -99    -99  2587  4.088   3631 1  -7.375  0.008    0   1   0 104   0   0  14    -99    -99  1804  4.148   3631 1  
    50661.7723    62144    West         300       0x101ff       1.5048           -8.311  0.010    0   1  10 100   0   0   1    -99    -99  3098  7.109   3631 1  -7.365  0.023    0   1  35  99   0   0  14    -99    -99  1980  7.513   3631 1  
    50668.7050    62463    West         300       0x101ff       1.6853           -8.275  0.010    0   1  12 108   0   0   1    -99    -99  2733  7.794   3631 1  -7.400  0.024   18   1  44  99   0   0  14    -99    -99  1803  8.374   3631 1  
    50669.8140    62596    West         300       0x1017f       1.3484           -8.291  0.003    0   1   0 149   0   0   1    -99    -99  2475  2.779   3631 1  -7.354  0.006    0   1   0 135   0   0  14    -99    -99  1822  2.990   3631 1  
    50674.7050    62910    West         300       0x101ff       1.6167           -8.333  0.004    0   1   0 117   0   0   1    -99    -99  4192  3.868   3631 1  -7.421  0.009    0   1   0  95   0   0  14    -99    -99  3587  4.074   3631 1  
    50678.6108    63190    West         300       0x101ff       2.0399           -8.351  0.006    0   1   0 112   0   0   1    -99    -99 18043  3.290   3631 1  -7.446  0.019  -11   1   0  90   0   0  14    -99    -99 29904  3.555   3631 1  
    50680.5988    63391    West         300       0x101ff       2.0811           -8.350  0.004    0   1   0 117   0   0   1    -99    -99  8142  2.794   3631 1  -7.434  0.012    0   1   0  91   0   0  14    -99    -99 13628  3.084   3631 1  
    50681.8114    63549    West         300       0x101ff       1.3015           -8.329  0.004    0   1   0 121   0   0   1    -99    -99  4760  3.670   3631 1  -7.418  0.011    0   1   0 107   0   0  14    -99    -99  6485  3.892   3631 1  
    50684.6405    63736    West         300       0x101ff       1.7815           -8.279  0.017    0   1  22 109  86   0   1    -99    -99  3063  8.670   3631 1  -7.388  0.041    0   1  44  93   0   0  14    -99    -99  2771  8.754   3631 1  
    50687.3691    63871    West         300       0x00110       1.3056           -8.283  0.003    0   1   0 139   0   0   1    -99    -99  2816  2.400   3631 1  -7.357  0.005    0   1   0 139   0   0  14    -99    -99  1980  2.291   3631 1  
    50689.6556    64004    West         300       0x101ff       1.6511           -8.287  0.003    0   1   0 152   0   0   1    -99    -99  2122  2.607   3631 1  -7.349  0.006    0   1   0 130   0   0  14    -99    -99  1997  2.822   3631 1  
    50700.7121    64183    West         300       0x101ff       1.3829           -8.235  0.003    0   1   0 123   0   0   1    -99    -99  2209  2.852   3631 1  -7.291  0.007    0   1   0 116   0   0  14    -99    -99  1988  3.032   3631 1  
    50704.6327    64328    West         300       0x101ff       1.5806           -8.228  0.004    0   1   0 106   0   0   1    -99    -99  6909  2.783   3631 1  -7.311  0.010    0   1   0 105   0   0  14    -99    -99  8212  2.993   3631 1  
    50713.7373    64491    West         300       0x100ef       1.2859           -8.222  0.004    0   1   0 111   0   0  -1    -99    -99   -99    -99      0 1  -7.282  0.009    0   1   0 113   0   0  -1    -99    -99   -99    -99      0 1  
    50717.5472    64605    West         300       0x101ff       1.7977           -8.238  0.005    0   1   0  85   0   0   1    -99    -99  2604  4.230   3631 1  -7.320  0.010    0   1   0  95   0   0  14    -99    -99  2159  4.446   3631 1  
    50718.7757    64712    West         300       0x101ff       1.2521           -8.226  0.004    0   1   0 122   0   0   1    -99    -99  1753  3.953   3631 1  -7.285  0.008    0   1   0 107   0   0  14    -99    -99  1948  4.039   3631 1  
    50720.7140    64845    West         300       0x101ff       1.2905           -8.224  0.003    0   1   0 127   0   0   1    -99    -99  1907  2.789   3631 1  -7.298  0.006    0   1   0 106   0   0  14    -99    -99  1813  2.688   3631 1  
    50722.5644    64970    West         300       0x101ff       1.6560           -8.201  0.004    0   1   0 148   0   0   1    -99    -99  2359  3.000   3631 1  -7.292  0.007    0   1   0 106   0   0  14    -99    -99  2273  3.104   3631 1  
    50724.7532    65102    West         300       0x101ff       1.2539           -8.202  0.005    0   1   0 120   0   0   1    -99    -99  1737  4.623   3631 1  -7.249  0.010    0   1   0 107   0   0  14    -99    -99  1597  4.652   3631 1  
    50730.5199    65275    West         300       0x101ff       1.7575           -8.167  0.004    0   1   0 107   0   0   1    -99    -99  4573  2.575   3631 1  -7.245  0.009    0   1   0  94   0   0  14    -99    -99  4221  2.765   3631 1  
    50731.6543    65356    West         300       0x101ff       1.3319           -8.128  0.008    0   1   0  95   0   0   1    -99    -99  2056  6.244   3631 1  -7.200  0.021    0   1  25  99   0   0  14    -99    -99  2081  6.656   3631 1  
    50732.7586    65451    West         300       0x101ff       1.2505           -8.131  0.009    0   1   0  95   0   0   1    -99    -99  2046  6.045   3631 1  -7.175  0.022    0   1  22 116  90  73  14    -99    -99  1768  6.438   3631 1  
    50734.5847    65554    West         300       0x101ff       1.4695           -8.128  0.004    0   1   0 110   0   0   1    -99    -99  5679  2.946   3631 1  -7.197  0.012    0   1   0  98   0   0  14    -99    -99  9806  3.057   3631 1  
    50735.7517    65653    West         300       0x101ff       1.2505           -8.084  0.017    0   1  16 100   0   0   1    -99    -99  4806  7.844   3631 1  -7.237  0.057    0   1  42  81 146   0  14    -99    -99  6867  8.394   3631 1  
    50737.5384    65760    West         300       0x101ff       1.5963           -8.107  0.011    0   1   0 105   0   0   1    -99    -99 14366  4.597   3631 1  -7.199  0.035    0   1   0  86   0   0  14    -99    -99 19815  4.926   3631 1  
    50738.7394    65854    West         300       0x101ff       1.2503           -8.128  0.007    0   1   0 132   0   0   1    -99    -99  7551  4.538   3631 1  -7.189  0.015    0   1   0 112   0   0  14    -99    -99  8923  4.226   3631 1  
    50743.7249    66085    West         300       0x101ff       1.2503           -8.119  0.003    0   1   0 157   0   0   1    -99    -99  2740  1.951   3631 1  -7.202  0.006    0   1   0 140   0   0  14    -99    -99  2468  1.929   3631 1  
    50745.6825    66206    West         300       0x101ff       1.2598           -8.156  0.004    0   1   0 123   0   0   1    -99    -99  1964  3.046   3631 1  -7.231  0.007    0   1   0 109   0   0  14    -99    -99  2032  3.077   3631 1  
    50746.7424    66293    West         300       0x101ff       1.2561           -8.169  0.004    0   1   0 111   0   0   1    -99    -99  2271  2.934   3631 1  -7.245  0.007    0   1   0 108   0   0  14    -99    -99  1985  2.901   3631 1  
    50759.7078    66418    West         300       0x101bf       1.2561           -8.203  0.003    0   1   0 123   0   0   1    -99    -99  2315  3.598   3631 1  -7.276  0.006    0   1   0  95   0   0  14    -99    -99  1890  3.492   3631 1  
    50768.7138    66535    West         300       0x101bb       1.2769           -8.093  0.005    0   1   0 112   0   0   1    -99    -99  7144  3.756   3631 1  -7.164  0.010    0   1   0 118   0   0  14    -99    -99  6812  3.908   3631 1  
    50770.7292    66644    West         300       0x101bf       1.2999           -8.067  0.004    0   1   0 113   0   0   1    -99    -99  5229  3.555   3631 1  -7.128  0.008    0   1   0 113   0   0  14    -99    -99  4989  3.595   3631 1  
    50775.5326    66762    West         300       0x101bf       1.3343              -99    -99  999 999 999 999 999 999  -1    -99    -99   -99    -99      0 0  -6.342  0.118 -115   1 105 114   0   0  14    -99    -99  3127  3.990   3631 1  
    50777.6141    66880    West         300       0x101bf       1.2522           -8.020  0.003    0   1   0 125   0   0   1    -99    -99  2175  2.705   3631 1  -7.077  0.006    0   1   0 116   0   0  14    -99    -99  1859  2.745   3631 1  
    50785.5326    67016    West         300       0x101ff       1.2950           -7.969  0.008    0   1   0  98   0   0   1    -99    -99  3559  3.414   3631 1  -7.043  0.018    0   1   0  95   0   0  14    -99    -99  3526  3.407   3631 1  
    50796.5359    67137    West         300       0x101ff       1.2641           -8.065  0.004    0   1   0 125   0   0   1    -99    -99 12007  2.453   3631 1  -7.115  0.008    0   1   0 107   0   0  14    -99    -99 11652  2.366   3631 1  
    50802.5406    67300    West         300       0x101ff       1.2537           -8.157  0.003    0   1   0 171   0   0   1    -99    -99  2425  3.065   3631 1  -7.222  0.006    0   1   0 128   0   0  14    -99    -99  1858  2.999   3631 1  
    50804.6066    67406    West         300       0x101ff       1.2695           -8.180  0.004    0   1   0 107   0   0   1    -99    -99  2524  3.355   3631 1  -7.274  0.007    0   1   0 117   0   0  14    -99    -99  1976  3.427   3631 1  
    50809.4942    67518    West         300       0x101ff       1.2684           -8.241  0.004    0   1   0 128   0   0   1    -99    -99  2777  3.167   3631 1  -7.332  0.007    0   1   0 116   0   0  14    -99    -99  2397  3.226   3631 1  
    50812.6527    67625    West         300       0x101ff       1.3613           -8.255  0.003    0   1   0 150   0   0   1    -99    -99  2660  2.502   3631 1  -7.364  0.005    0   1   0 136   0   0  14    -99    -99  2070  2.382   3631 1  
    50824.7445    67756    East         300       0x101ff       1.7794           -8.301  0.007    0   1   0 214  28   1   5    -99    -99 10468  5.471   3631 1  -7.315  0.013   11   1   0 109   0   0  10    -99    -99 10943  4.801   3631 1  
    50830.6723    67867    East         300       0x101ff       1.5465           -8.231  0.004    0   1   0 139   0   0   5    -99    -99  3749  4.296   3631 1  -7.265  0.011    0   1   0 104   0   0  10    -99    -99  5744  4.483   3631 1  
    50834.7327    67972    East         300       0x101ff       1.8603           -8.235  0.003    0   1   0 122   0   0   5    -99    -99  2891  3.132   3631 1  -7.220  0.006    0   1   0 181   0   0  10    -99    -99  2647  3.001   3631 1  
    50839.5916    68098    East         300       0x101ff       1.3881           -8.263  0.003    0   1   0 131   0   0   5    -99    -99  1327  3.174   3631 1  -7.297  0.005    0   1   0 120   0   0  10    -99    -99  1271  3.097   3631 1  
    50841.6760    68217    East         300       0x101ff       1.6772           -8.277  0.003    0   1   0 119   0   0   5    -99    -99  1729  3.221   3631 1  -7.335  0.005    0   1   0 116   0   0  10    -99    -99  1448  3.305   3631 1  
    50844.7333    68329    East         300       0x000ff       2.0218           -8.296  0.003    0   1   0 148   0   0   5    -99    -99  2481  2.081   3631 1  -7.365  0.005    0   1   0 136   0   0  10    -99    -99  1730  2.095   3631 1  
    50845.5165    68344    East         300       0x101ff       1.2902           -8.291  0.003    0   1   0 144   0   0   5    -99    -99  2308  2.502   3631 1  -7.343  0.005    0   1   0 138   0   0  10    -99    -99  1848  2.349   3631 1  
    50850.7062    68475    East         300       0x101ff       1.9574           -8.312  0.003    0   1   0 135   0   0   5    -99    -99  2290  2.891   3631 1  -7.360  0.006    0   1   0 108   0   0  10    -99    -99  1823  2.925   3631 1  
    50859.5316    68577    East         300       0x101ff       1.3766           -8.298  0.005    0   1   0 128   0   0   5    -99    -99  4756  4.496   3631 1  -7.361  0.012  -14   1   0 104   0   0  10    -99    -99  6273  4.608   3631 1  
    50861.7258    68694    East         300       0x101ff       2.2847           -8.306  0.003    0   1   0 146   0   0   5    -99    -99  4647  2.918   3631 1  -7.381  0.007    0   1   0 115   0   0  10    -99    -99  5255  2.993   3631 1  
    50863.7045    68818    East         300       0x1017f       2.1735           -8.306  0.007    0   1   0 101   0   0   5    -99    -99  4357  5.405   3631 1  -7.380  0.017    0   1  15  83   0   0  10    -99    -99  3631  5.747   3631 1  
    50865.6890    68940    East         300       0x101ff       2.1065           -8.314  0.005    0   1   0 157   0   0   5    -99    -99  2527  5.052   3631 1  -7.428  0.012  -21   1  32 104   0   0  10    -99    -99  2232  5.328   3631 1  
    50868.4840    69075    East         300       0x101fb       1.3332           -8.349  0.003    0   1   0 165   0   0   5    -99    -99  2158  3.214   3631 1  -7.388  0.005    0   1   0 134   0   0  10    -99    -99  1715  3.185   3631 1  
    50870.6569    69240    East         300       0x101ff       1.9894           -8.340  0.003    0   1   0 148   0   0   5    -99    -99  1808  3.276   3631 1  -7.425  0.006    0   1   0 122   0   0  10    -99    -99  1584  3.428   3631 1  
    50875.5446    69382    East         300       0x1017f       1.5305           -8.374  0.003    0   1   0 163   0   0   5    -99    -99  2343  4.006   3631 1  -7.435  0.006    0   1   0 128   0   0  10    -99    -99  1611  4.151   3631 1  
    50880.4917    69515    East         300       0x101ff       1.4168           -8.383  0.003    0   1   0 141   0   0   5    -99    -99  4761  2.644   3631 1  -7.460  0.005    0   1   0 126   0   0  10    -99    -99  5337  2.542   3631 1  
    50881.7018    69634    East         300       0x101ff       2.5146           -8.390  0.004    0   1   0 122   0   0   5    -99    -99  4629  4.108   3631 1  -7.492  0.009    0   1   0 110   0   0  10    -99    -99  3847  4.299   3631 1  
    50882.6908    69715    East         300       0x101ff       2.4505           -8.394  0.004    0   1   0 122   0   0   5    -99    -99  7902  3.123   3631 1  -7.509  0.009   -9   1   0 103   0   0  10    -99    -99 11583  3.333   3631 1  
    50888.6061    69972    East         300       0x101ff       1.9796           -8.427  0.004    0   1   0 103   0   0   5    -99    -99  7731  4.027   3631 1  -7.528  0.011    0   1   0 105   0   0  10    -99    -99  9532  4.152   3631 1  
    50909.4677    70191    East         300       0x101ff       1.5875           -8.255  0.004    0   1   0 157   0   0   5    -99    -99  5998  3.387   3631 1  -7.330  0.010    0   1   0 121   0   0  10    -99    -99  6858  3.568   3631 1  
    50916.6013    70462    East         300       0x101ff       2.4775           -8.353  0.009    0   1   0 131   0   0   5    -99    -99 13259  5.565   3631 1  -7.466  0.025  -19   1  14  87   0   0  10    -99    -99 15934  5.968   3631 1  
    50921.5577    70744    East         300       0x101fb       2.2559           -8.362  0.003    0   1   0 127   0   0   5    -99    -99  4844  3.074   3631 1  -7.464  0.007    0   1   0 110   0   0  10    -99    -99  3977  3.305   3631 1  
    50933.5228    70996    East         300       0x101ff       2.2411           -8.249  0.004    0   1   0 119   0   0   5    -99    -99  3685  3.957   3631 1  -7.322  0.008    0   1   0  97   0   0  10    -99    -99  2463  4.083   3631 1  
    50942.4603    71235    East         300       0x001bf       1.9914           -8.114  0.006    0   1   0 101   0   0   5    -99    -99  9806  3.872   3631 1  -7.141  0.016   -3   1   0 100   0   0  10    -99    -99 13046  3.941   3631 1  
    50952.4199    71551    East         300       0x101ff       1.9148           -8.011  0.004    0   1   0 121   0   0   5    -99    -99  3610  3.279   3631 1  -7.049  0.008    0   1   0  96   0   0  10    -99    -99  2220  3.371   3631 1  
    50961.3823    72135    East         300       0x101ff       1.8434           -8.072  0.007    0   1   0  98   0   0   5    -99    -99  4496  3.248   3631 1  -7.128  0.015    0   1   0  93   0   0  10    -99    -99  3155  3.241   3631 1  
    50973.4018    72649    East         300       0x101ff       2.1605           -8.121  0.005    0   1   0  88   0   0   5    -99    -99 13394  3.229   3631 1  -7.178  0.013    0   1   0  96   0   0  10    -99    -99 13443  3.398   3631 1  
    50981.3675    73067    East         300       0x101ff       2.0779           -8.022  0.005    0   1   0 103   0   0   5    -99    -99  3983  3.559   3631 1  -7.075  0.009    0   1   0  99   0   0  10    -99    -99  2610  3.642   3631 1  
    50989.8027    73391    West         300       0x101ff       1.7882              -99    -99  999 999 999 999 999 999  -1    -99    -99   -99    -99      0 0  -7.034  0.009    0   1   0  94   0   0  14    -99    -99  1789  3.883   3631 1  
    50995.7215    73759    West         300       0x101ff       2.1704              -99    -99  999 999 999 999 999 999  -1    -99    -99   -99    -99      0 0  -7.135  0.009    0   1   0  98   0   0  14    -99    -99  2074  3.798   3631 1  
    51000.8096    74092    West         300       0x101ff       1.6228              -99    -99  999 999 999 999 999 999  -1    -99    -99   -99    -99      0 0  -7.230  0.007    0   1   0 102   0   0  14    -99    -99  1828  3.334   3631 1  
    51005.7107    74395    West         300       0x101ff       2.0614              -99    -99  999 999 999 999 999 999  -1    -99    -99   -99    -99      0 0  -7.299  0.017    0   1   0  94   0   0  14    -99    -99 13974  3.947   3631 1  
    51009.8006    74637    West         300       0x101bf       1.5646              -99    -99  999 999 999 999 999 999  -1    -99    -99   -99    -99      0 0  -7.336  0.008    0   1   0 105   0   0  14    -99    -99  4024  3.371   3631 1  
    51017.6813    74842    West         300       0x101ff       2.0397              -99    -99  999 999 999 999 999 999  -1    -99    -99   -99    -99      0 0  -7.336  0.010    0   1   0  98   0   0  14    -99    -99  2398  3.999   3631 1  
    51025.7665    75070    West         300       0x101ff       1.5313              -99    -99  999 999 999 999 999 999  -1    -99    -99   -99    -99      0 0  -7.243  0.009    0   1   0  96   0   0  14    -99    -99  1695  4.275   3631 1  
    51033.7352    75261    West         300       0x101ff       1.5633              -99    -99  999 999 999 999 999 999  -1    -99    -99   -99    -99      0 0  -7.295  0.019    0   1   0  80   0   0  14    -99    -99 15557  4.330   3631 1  
    51039.7678    75486    West         300       0x101ff       1.4170              -99    -99  999 999 999 999 999 999  -1    -99    -99   -99    -99      0 0  -7.363  0.006    0   1   0 115   0   0  14    -99    -99  2751  2.660   3631 1  
    51048.6829    75639    West         300       0x101ff       1.6056              -99    -99  999 999 999 999 999 999  -1    -99    -99   -99    -99      0 0  -7.456  0.005    0   1   0 139   0   0  14    -99    -99  1825  2.609   3631 1  
    51049.7683    75746    West         300       0x101ff       1.3563              -99    -99  999 999 999 999 999 999  -1    -99    -99   -99    -99      0 0  -7.431  0.010    0   1   0 104   0   0  14    -99    -99  2935  2.509   3631 1  
    51051.7808    75830    West         300       0x101ff       1.3251              -99    -99  999 999 999 999 999 999  -1    -99    -99   -99    -99      0 0  -7.457  0.006    0   1   0  97   0   0  14    -99    -99  1819  3.239   3631 1  
    51053.6493    75963    West         300       0x101ff       1.6879              -99    -99  999 999 999 999 999 999  -1    -99    -99   -99    -99      0 0  -7.467  0.005    0   1   0 106   0   0  14    -99    -99  2066  2.458   3631 1  
    51054.7934    76080    West         300       0x101ff       1.2961              -99    -99  999 999 999 999 999 999  -1    -99    -99   -99    -99      0 0  -7.508  0.128   95   1   0  91   0   0  14    -99    -99  6620  2.430   3631 1  
    51057.6548    76271    West         300       0x101ff       1.6191              -99    -99  999 999 999 999 999 999  -1    -99    -99   -99    -99      0 0  -7.434  0.014    0   1   7 103   0   0  14    -99    -99  4168  5.076   3631 1  
    51062.5777    76458    West         300       0x101ff       1.9240              -99    -99  999 999 999 999 999 999  -1    -99    -99   -99    -99      0 0  -7.413  0.016   39   1   0  99   0   0  14    -99    -99 30414  3.015   3631 1  
    51072.7660    76680    West         300       0x101ff       1.2735              -99    -99  999 999 999 999 999 999  -1    -99    -99   -99    -99      0 0  -7.340  0.007    0   1   0 110   0   0  14    -99    -99  1864  3.252   3631 1  
    51074.6768    76787    West         300       0x101ff       1.4055              -99    -99  999 999 999 999 999 999  -1    -99    -99   -99    -99      0 0  -7.365  0.019    1   1   8 107   0   0  14    -99    -99  2991  5.437   3631 1  
    51082.5887    76862    West         300       0x101ff       1.6105              -99    -99  999 999 999 999 999 999  -1    -99    -99   -99    -99      0 0  -7.365  0.013    0   1   9 115   0   0  14    -99    -99  2221  5.344   3631 1  
    51083.5395    76931    West         300       0x101ff       1.8199              -99    -99  999 999 999 999 999 999  -1    -99    -99   -99    -99      0 0  -7.378  0.041   50   1   0  95   0   0  14    -99    -99  5369  3.317   3631 1  
    51085.5995    77051    West         300       0x101ff       1.5409              -99    -99  999 999 999 999 999 999  -1    -99    -99   -99    -99      0 0  -7.406  0.012    0   1   0 104   0   0  14    -99    -99  3257  4.798   3631 1  
    51087.5901    77192    West         300       0x101ff       1.5548              -99    -99  999 999 999 999 999 999  -1    -99    -99   -99    -99      0 0  -7.426  0.041    0   1  31  89   0   0  14    -99    -99  7082  7.091   3631 1  
    51089.7130    77301    West         300       0x101ff       1.2794              -99    -99  999 999 999 999 999 999  -1    -99    -99   -99    -99      0 0  -7.453  0.018    0   1   6  98   0   0  14    -99    -99  7940  4.999   3631 1  
    51097.5999    77365    West         300       0x101ff       1.4410              -99    -99  999 999 999 999 999 999  -1    -99    -99   -99    -99      0 0  -7.434  0.006    0   1   0 111   0   0  14    -99    -99  2116  2.410   3631 1  
    51099.7303    77458    West         300       0x101ff       1.2523              -99    -99  999 999 999 999 999 999  -1    -99    -99   -99    -99      0 0  -7.444  0.025    0   1  36 103   0   0  14    -99    -99  1996  7.737   3631 1  
    51102.5432    77613    West         300       0x101ff       1.5762              -99    -99  999 999 999 999 999 999  -1    -99    -99   -99    -99      0 0  -7.373  0.010    1   1   0 101   0   0  14    -99    -99  2206  4.524   3631 1  
    51106.6299    77722    West         300       0x101ff       1.3260              -99    -99  999 999 999 999 999 999  -1    -99    -99   -99    -99      0 0  -7.399  0.011    0   1   3 104   0   0  14    -99    -99  1892  5.065   3631 1  
    51109.6302    77844    West         300       0x101ff       1.3131              -99    -99  999 999 999 999 999 999  -1    -99    -99   -99    -99      0 0  -7.403  0.006    0   1   0 129   0   0  14    -99    -99  1738  2.571   3631 1  
    51111.6767    77981    West         300       0x101ff       1.2610              -99    -99  999 999 999 999 999 999  -1    -99    -99   -99    -99      0 0  -7.362  0.010    0   1   0  99   0   0  14    -99    -99  1819  4.229   3631 1  
    51114.4616    78101    West         300       0x101ff       1.7855              -99    -99  999 999 999 999 999 999  -1    -99    -99   -99    -99      0 0  -7.387  0.015   23   1   0  96   0   0  14    -99    -99  6178  2.900   3631 1  
    51119.5648    78236    West         300       0x101ff       1.3809              -99    -99  999 999 999 999 999 999  -1    -99    -99   -99    -99      0 0  -7.376  0.009    0   1   0  97   0   0  14    -99    -99 11485  2.446   3631 1  
    51127.5079    78371    West         300       0x101ff       1.4685              -99    -99  999 999 999 999 999 999  -1    -99    -99   -99    -99      0 0  -7.397  0.007    0   1   0 102   0   0  14    -99    -99  2353  3.033   3631 1  
    51136.4917    78479    West         300       0x101ff       1.4453              -99    -99  999 999 999 999 999 999  -1    -99    -99   -99    -99      0 0  -7.388  0.006    0   1   0  93   0   0  14    -99    -99  1920  2.957   3631 1  
    51140.6093    78590    West         300       0x101ff       1.2554              -99    -99  999 999 999 999 999 999  -1    -99    -99   -99    -99      0 0  -7.318  0.007    0   1   0 106   0   0  14    -99    -99  1603  3.092   3631 1  
    51146.7079    78707    West         300       0x101ff       1.3131              -99    -99  999 999 999 999 999 999  -1    -99    -99   -99    -99      0 0  -7.200  0.008    0   1   0 133   0   0  14    -99    -99  1480  3.534   3631 1  
    51152.5537    78835    West         300       0x101ff       1.2684              -99    -99  999 999 999 999 999 999  -1    -99    -99   -99    -99      0 0  -7.156  0.022    0   1   0  91   0   0  14    -99    -99 12253  3.180   3631 1  
    51158.6599    78984    West         300       0x101ff       1.2932              -99    -99  999 999 999 999 999 999  -1    -99    -99   -99    -99      0 0  -7.208  0.008    0   1   0 118   0   0  14    -99    -99  2124  3.193   3631 1  
    51170.7103    79127    East         300       0x101ff       1.4539           -8.250  0.004    0   1   0 163   0   0   5    -99    -99  1969  3.750   3631 1  -7.344  0.007    0   1   0 117   0   0  10    -99    -99  1395  3.580   3631 1  
    51176.5444    79262    East         300       0x101ff       1.2496           -8.234  0.004    0   1   0 121   0   0   5    -99    -99  5369  3.021   3631 1  -7.320  0.008    0   1   0 103   0   0  10    -99    -99  5397  2.843   3631 1  
    51180.6434    79368    East         300       0x101ff       1.3608           -8.213  0.005    0   1   0 103   0   0   5    -99    -99 14059  2.888   3631 1  -7.301  0.012    0   1   0 103   0   0  10    -99    -99 14151  2.776   3631 1  
    51183.5484    79494    West         300       0x101ff       1.2577              -99    -99  999 999 999 999 999 999  -1    -99    -99   -99    -99      0 0  -7.266  0.008    0   1   0 124   0   0  14    -99    -99  4791  2.710   3631 1  
    51188.4735    79611    West         300       0x101ff       1.2574              -99    -99  999 999 999 999 999 999  -1    -99    -99   -99    -99      0 0  -7.208  0.007    0   1   0 107   0   0  14    -99    -99  1622  3.301   3631 1  
    51205.5272    79841    East         300       0x101ff       1.2877           -8.019  0.044  -58   1   0  96   0   0   5    -99    -99 14609  2.425   3631 1  -6.896  0.107  -84   1   0  95   0   0  10    -99    -99 10666  2.309   3631 1  
    51223.6949    80061    East         300       0x101ff       2.0258           -8.205  0.003    0   1   0 150   0   0   5    -99    -99  3191  3.119   3631 1  -7.279  0.006    0   1   0 124   0   0  10    -99    -99  2096  3.008   3631 1  
    51227.6979    80182    East         300       0x001af       2.1149           -8.224  0.004    0   1   0 113   0   0   5    -99    -99  2401  4.477   3631 1  -7.296  0.008    0   1   0  90   0   0  10    -99    -99  1914  4.559   3631 1  
    51237.4845    80419    East         300       0x101ff       1.3481              -99    -99  999 999 999 999 999 999  -1    -99    -99   -99    -99      0 0  -7.367  0.030  -90   1   0  96   0   0  10    -99    -99 36132  2.154   3631 1  
    51241.5848    80516    East         300       0x101ff       1.7003           -8.275  0.005    0   1   0 148   0   0   5    -99    -99  8007  4.610   3631 1  -7.295  0.014    0   1   0 107   0   0  10    -99    -99 12374  4.396   3631 1  
    51249.6418    80839    East         300       0x101ff       2.1428           -8.289  0.004    0   1   0 134   0   0   5    -99    -99  2922  3.120   3631 1  -7.360  0.008    0   1   0 102   0   0  10    -99    -99  2551  3.065   3631 1  
    51251.5908    81015    East         300       0x101fb       1.8648           -8.300  0.003    0   1   0 190   0   0   5    -99    -99  2582  3.807   3631 1  -7.352  0.006    0   1   0 141   0   0  10    -99    -99  2069  3.592   3631 1  
    51262.4422    81273    East         300       0x101ff       1.4109           -8.332  0.003    0   1   0 141   0   0   5    -99    -99  4029  3.222   3631 1  -7.391  0.006    0   1   0 109   0   0  10    -99    -99  3941  3.058   3631 1  
    51277.6148    81560    East         300       0x101bf       2.5028           -8.336  0.004    0   1   0 113   0   0   5    -99    -99  3269  4.374   3631 1  -7.398  0.009    0   1   0  97   0   0  10    -99    -99  3182  4.627   3631 1  
    51281.4542    81906    East         300       0x101ff       1.6114           -8.337  0.004    0   1   0 105   0   0   5    -99    -99  2949  4.198   3631 1  -7.399  0.008    0   1   0 100   0   0  10    -99    -99  2086  4.222   3631 1  
    51287.4623    82303    East         300       0x101ff       1.7151           -8.369  0.006    0   1   0 129   0   0   5    -99    -99  2446  5.782   3631 1  -7.446  0.011    0   1  13  98   0   0  10    -99    -99  1875  5.931   3631 1  
    51290.4072    82606    East         300       0x101ff       1.5302           -8.350  0.003    0   1   0 119   0   0   5    -99    -99  3961  3.737   3631 1  -7.427  0.007    0   1   0 106   0   0  10    -99    -99  3338  3.777   3631 1  
    51294.4128    82969    East         300       0x101ff       1.5884           -8.356  0.003    0   1   0 112   0   0   5    -99    -99  5824  3.290   3631 1  -7.416  0.008    0   1   0  98   0   0  10    -99    -99  8317  3.277   3631 1  
    51299.5437    83220    East         300       0x101ff       2.4191              -99    -99  999 999 999 999 999 999  -1    -99    -99   -99    -99      0 0  -7.411  0.044  -82   1   0 103   0   0  10    -99    -99 44526  2.917   3631 1  
    51302.4590    83525    East         300       0x101ff       1.9072           -8.383  0.003    0   1   0 140   0   0   5    -99    -99  6489  2.801   3631 1  -7.459  0.006    0   1   0 117   0   0  10    -99    -99  5325  2.793   3631 1  
    51304.5301    83748    East         300       0x101ff       2.4200           -8.417  0.004    0   1   0 106   0   0   5    -99    -99  5081  4.006   3631 1  -7.503  0.009    0   1   0 100   0   0  10    -99    -99  4688  4.191   3631 1  
    51307.4759    83959    East         300       0x101ff       2.0937           -8.385  0.003    0   1   0 135   0   0   5    -99    -99  2994  3.391   3631 1  -7.452  0.006    0   1   0 111   0   0  10    -99    -99  1918  3.473   3631 1  
    51312.4453    84233    East         300       0x101ff       1.9873           -8.378  0.004    0   1   0 116   0   0   5    -99    -99  3789  4.110   3631 1  -7.454  0.007    0   1   0  96   0   0  10    -99    -99  2158  4.215   3631 1  
    51315.3978    84526    East         300       0x101ff       1.7717           -8.362  0.003    0   1   0 149   0   0   5    -99    -99  4523  2.642   3631 1  -7.422  0.006    0   1   0 132   0   0  10    -99    -99  2534  2.648   3631 1  
    51319.4912    84959    East         300       0x101ff       2.4351           -8.317  0.003    0   1   0 114   0   0   5    -99    -99  3517  3.280   3631 1  -7.398  0.007    0   1   0 106   0   0  10    -99    -99  3336  3.452   3631 1  
    51330.3957    85360    East         300       0x101ff       1.9853           -8.262  0.003    0   1   0 144   0   0   5    -99    -99  7915  2.048   3631 1  -7.303  0.006    0   1   0 125   0   0  10    -99    -99  6748  2.093   3631 1  
    51344.3800    85956    East         300       0x101ff       2.1278           -8.444  0.033   -2   1  31  97   0   0   5    -99    -99  4151  9.864   3631 1  -7.320  0.101  -23   1  53  95   0   0  10    -99    -99  3099  9.875   3631 1  
    51353.3821    86709    East         300       0x101ff       2.3153           -8.237  0.003    0   1   0 128   0   0   5    -99    -99  8591  2.249   3631 1  -7.317  0.007    0   1   0 124   0   0  10    -99    -99  8779  2.429   3631 1  
    51361.8306    87257    West         300       0x101ff       1.5828           -8.097  0.005    0   1   0 100   0   0   1    -99    -99  5851  4.179   3631 1  -7.166  0.013    0   1   0  96   0   0  14    -99    -99  7239  4.336   3631 1  
    51363.7947    87534    West         300       0x101ff       1.7073           -8.094  0.013    0   1   6  98   0   0   1    -99    -99  5431  6.871   3631 1  -7.166  0.031    0   1  32  94   0   0  14    -99    -99  5210  7.126   3631 1  
    51377.7958    87951    West         300       0x101ff       1.5508           -8.083  0.006    0   1   0 110   0   0   1    -99    -99  3232  4.601   3631 1  -7.171  0.012    0   1   0  92   0   0  14    -99    -99  2335  4.770   3631 1  
    51384.8180    88529    West         300       0x101ff       1.4272           -8.128  0.005    0   1   0 103   0   0   1    -99    -99  2408  4.508   3631 1  -7.246  0.010    0   1   0 108   0   0  14    -99    -99  2134  4.660   3631 1  
    51388.7360    88632    West         300       0x101ff       1.6651           -8.141  0.046    0   1   0  95   0   0   1    -99    -99 37295  5.601   3631 1     -99    -99  999 999 999 999 999 999  -1    -99    -99   -99    -99      0 0  
    51390.7337    88772    West         300       0x101ff       1.6519           -8.115  0.008    0   1   0  99   0   0   1    -99    -99  5773  5.412   3631 1  -7.240  0.022    0   1   7  94   0   0  14    -99    -99  9227  5.704   3631 1  
    51393.8065    89184    West         300       0x101ff       1.3955           -8.087  0.006    0   1   0 112   0   0   1    -99    -99  7557  3.181   3631 1  -7.214  0.012    0   1   0 102   0   0  14    -99    -99  6387  3.254   3631 1  
    51399.7955    89487    West         300       0x101bf       1.3836           -8.060  0.005    0   1   0  91   0   0   1    -99    -99  2871  3.912   3631 1  -7.118  0.010    0   1   0 103   0   0  14    -99    -99  2289  4.054   3631 1  
    51401.8227    89716    West         300       0x101ff       1.3231           -8.037  0.014    0  41   9  87   0   0   1    -99    -99  5059  6.847   3631 1  -7.127  0.032  -11   1  31 100   0   0  14    -99    -99  3954  7.116   3631 1  
    51404.8268    89839    West         300       0x101ff       1.3054           -8.034  0.007    0   1   0  93   0   0   1    -99    -99  8394  4.145   3631 1  -7.091  0.016    0   1   0 101 156   0  14    -99    -99  9448  4.310   3631 1  
    51405.8016    89969    West         300       0x101ff       1.3399           -8.012  0.004    0   1   0 126   0   0   1    -99    -99  2048  3.547   3631 1  -7.096  0.008    0   1   0  91   0   0  14    -99    -99  2110  3.523   3631 1  
    51408.7914    90240    West         300       0x101ff       1.3433           -8.016  0.004    0   1   0 104   0   0   1    -99    -99  2512  3.758   3631 1  -7.097  0.008    0   1   0 103   0   0  14    -99    -99  2209  3.822   3631 1  
    51411.8223    90487    West         300       0x101ff       1.2875           -8.031  0.008    0   1   0  98   0   0   1    -99    -99 11436  4.222   3631 1  -7.096  0.019    0   1   0 104   0   0  14    -99    -99 11544  4.389   3631 1  
    51413.8084    90658    West         300       0x101ff       1.2973           -8.036  0.004    0   1   0 123   0   0   1    -99    -99  2774  2.495   3631 1  -7.123  0.007    0   1   0 122   0   0  14    -99    -99  2558  2.483   3631 1  
    51414.7690    90767    West         300       0x101ff       1.3543           -8.049  0.004    0   1   0 135   0   0   1    -99    -99  6335  2.458   3631 1  -7.133  0.008    0   1   0 112   0   0  14    -99    -99  6836  2.517   3631 1  
    51419.7897    90969    West         300       0x101fb       1.3003           -8.080  0.004    0   1   0 139   0   0   1    -99    -99  6285  2.685   3631 1  -7.187  0.009    0   1   0 105   0   0  14    -99    -99  8788  2.673   3631 1  
    51421.8098    91205    West         300       0x101ff       1.2731           -8.083  0.008    0   1   0  98   0   0   1    -99    -99  6535  5.131   3631 1  -7.187  0.021    0   1   8 104   0   0  14    -99    -99  8007  5.360   3631 1  
    51426.7451    91388    West         300       0x101ff       1.3383           -8.138  0.006    0   1   0  95   0   0   1    -99    -99  3476  4.275   3631 1  -7.228  0.015    0   1 255 102 196   0  14    -99    -99  2754  4.365   3631 1  
    51427.7784    91479    West         300       0x001bf       1.2877           -8.127  0.005    0   1   0 107   0   0   1    -99    -99  2463  4.808   3631 1  -7.228  0.011    0   1   0 110   0   0  14    -99    -99  2186  4.908   3631 1  
    51430.6379    91565    West         300       0x101ff       1.5987           -8.144  0.009    0   1   0  96   0   0   1    -99    -99  4837  4.040   3631 1  -7.217  0.022    0   1   0  92   0   0  14    -99    -99  4897  4.158   3631 1  
    51431.7460    91640    West         300       0x101ff       1.3152           -8.157  0.005    0   1   0 100   0   0   1    -99    -99  2368  4.716   3631 1  -7.269  0.010    0   1   0 111   0   0  14    -99    -99  2059  4.849   3631 1  
    51432.7624    91746    West         300       0x101ff       1.2903           -8.169  0.005    0   1   0 115   0   0   1    -99    -99  2250  4.732   3631 1  -7.273  0.010    0   1   0  99   0   0  14    -99    -99  1968  4.797   3631 1  
    51433.7289    91846    West         300       0x101fb       1.3332           -8.191  0.003    0   1   0 119   0   0   1    -99    -99  2442  2.606   3631 1  -7.280  0.005    0   1   0 115   0   0  14    -99    -99  2068  2.605   3631 1  
    51435.7140    92018    West         300       0x101ff       1.3499           -8.214  0.003    0   1   0 140   0   0   1    -99    -99  2382  2.660   3631 1  -7.319  0.006    0   1   0 113   0   0  14    -99    -99  2157  2.618   3631 1  
    51440.6140    92197    West         300       0x101fb       1.5856           -8.266  0.003    0   1   0 155   0   0   1    -99    -99  4518  2.581   3631 1  -7.413  0.006    0   1   0 109   0   0  14    -99    -99  4637  2.596   3631 1  
    51443.6817    92350    West         300       0x101ff       1.3703           -8.288  0.004    0   1   0 117   0   0   1    -99    -99  6712  2.836   3631 1  -7.411  0.009    0   1   0  98   0   0  14    -99    -99  9933  2.863   3631 1  
    51446.5316    92431    West         300       0x101ff       1.8891           -8.273  0.008    0   1   0 120   0   0   1    -99    -99 20828  3.850   3631 1  -7.413  0.025    0   1   0  94 111   0  14    -99    -99 33945  3.986   3631 1  
    51458.6927    92616    West         300       0x101ff       1.2888           -8.256  0.003    0   1   0 158   0   0   1    -99    -99  2194  2.201   3631 1  -7.327  0.005    0   1   0 130   0   0  14    -99    -99  2044  2.137   3631 1  
    51463.5163    92748    West         300       0x101ff       1.7311           -8.299  0.007    0   1   0  96   0   0   1    -99    -99  4412  3.041   3631 1  -7.426  0.015    0   1   0  93   0   0  14    -99    -99  3924  3.166   3631 1  
    51468.6040    92885    West         300       0x101fb       1.3901           -8.349  0.005    0   1   0 109   0   0   1    -99    -99  3104  4.397   3631 1  -7.439  0.011    0   1   0 104   0   0  14    -99    -99  2998  4.510   3631 1  
    51471.5288    92984    West         300       0x101ff       1.5877           -8.380  0.003    0   1   0 134   0   0   1    -99    -99  4439  2.668   3631 1  -7.468  0.007    0   1   0 119   0   0  14    -99    -99  6628  2.735   3631 1  
    51472.6818    93099    West         300       0x101ff       1.2646           -8.380  0.004    0   1   0 124   0   0   1    -99    -99  4294  3.598   3631 1  -7.477  0.009    0   1   0 107   0   0  14    -99    -99  6576  3.639   3631 1  
    51478.5616    93206    West         300       0x101ff       1.4260           -8.405  0.004    0   1   0 118   0   0   1    -99    -99  6322  3.068   3631 1  -7.510  0.007    0   1   0 108   0   0  14    -99    -99  6354  3.115   3631 1  
    51479.7175    93308    West         300       0x101ff       1.2513           -8.394  0.004    0   1   0 133   0   0   1    -99    -99  4817  3.619   3631 1  -7.504  0.008    0   1   0 124   0   0  14    -99    -99  4668  3.746   3631 1  
    51484.4941    93385    West         300       0x101ff       1.5846           -8.416  0.003    0   1   0 147   0   0   1    -99    -99  2856  3.183   3631 1  -7.504  0.006    0   1   0 118   0   0  14    -99    -99  2486  3.332   3631 1  
    51488.6746    93491    West         300       0x101ff       1.2506           -8.385  0.003    0   1   0 157   0   0   1    -99    -99  2111  2.762   3631 1  -7.457  0.006    0   1 255 124 211   0  14    -99    -99  1832  2.831   3631 1  
    51491.7228    93602    West         300       0x101ff       1.2696           -8.358  0.004    0   1   0 110   0   0   1    -99    -99  2190  4.739   3631 1  -7.451  0.009    0   1   0 120   0   0  14    -99    -99  1853  4.883   3631 1  
    51494.5602    93719    West         300       0x101ff       1.3368           -8.382  0.003    0   1   0 161   0   0   1    -99    -99  2239  1.937   3631 1  -7.457  0.004    0   1   0 151   0   0  14    -99    -99  2378  1.869   3631 1  
    51501.6987    93834    West         300       0x101ff       1.2723           -8.407  0.004    0   1   0 117   0   0   1    -99    -99  2697  4.047   3631 1  -7.492  0.008    0   1   0 128   0   0  14    -99    -99  2146  4.065   3631 1  
    51507.6686    93929    West         300       0x101ff       1.2624           -8.374  0.008    0   1   0 135   0   0   1    -99    -99  8735  5.525   3631 1  -7.493  0.017    8   1   7 103   0   0  14    -99    -99  8179  5.397   3631 1  
    51512.5526    94026    West         300       0x101ff       1.2810           -8.345  0.003    0   1   0 144   0   0   1    -99    -99  2089  2.817   3631 1  -7.412  0.006    0   1   0 135   0   0  14    -99    -99  2151  2.764   3631 1  
    51513.6914    94122    West         300       0x101ff       1.2986           -8.332  0.003    0   1   0 152   0   0   1    -99    -99  2387  2.725   3631 1  -7.428  0.005    0   1   0 129   0   0  14    -99    -99  2265  2.762   3631 1  
    51515.5556    94222    West         300       0x101ff       1.2711           -8.442  0.062  -23   1   0  92   0   0   1    -99    -99  6434  5.944   3631 1     -99    -99  999 999 999 999 999 999  14    -99    -99  5977  5.889   3631 0  
    51530.5658    94481    West         300       0x101ff       1.2504           -8.359  0.159  -53   3   0  86   0   0  -1    -99    -99   -99    -99      0 1     -99    -99  999 999 999 999 999 999  -1    -99    -99   -99    -99      0 0  
    51533.6881    94574    East         300       0x101ff       1.3861           -8.272  0.009    0   1   0 130   0   0   5    -99    -99 19218  3.404   3631 1  -7.279  0.019   13   1   0 115   0   0  10    -99    -99 15348  3.271   3631 1  
    51542.6205    94677    West         300       0x101ff       1.3098           -8.314  0.005    0   1   0  97   0   0   1    -99    -99  3350  3.479   3631 1  -7.403  0.010    0   1   0 108   0   0  14    -99    -99  2852  3.585   3631 1  
