!  Star 38.4253.12                         RA  05 06 32.243   DEC  -71 42 30.68
#  348 observations from the production databases
#  Field inception date: 50062.0417
#  Pixel coordinate system: none
#
#  Template         magnitude        chip coordinates        west-chunk
#     Red:            -9.889          404.14, 1933.14             31
#    Blue:            -9.966          403.53, 1916.70             79
#
!         Date    Obsid    Pier    Exposure     Checklist      Airmass             rMag   rErr  rDS rTF rCP rX2 rMP rCR  rA  rXpix  rYpix  rSky  rFWHM  rTobs r    bMag   bErr  bDS bTF bCP bX2 bMP bCR  bA  bXpix  bYpix  bSky  bFWHM  bTobs b  
    48927.7098     1651    West         300       0x101bf       1.2469           -9.881  9.999    0   7   0 213 191   0   4    -99    -99  4596  3.752  13536 1 -10.010  0.001    0   1 255 212 191   0  10    -99    -99  3718  3.813  13536 1  
    48929.6853     1768    West         300       0x101bf       1.2419           -9.944  0.002    0   1 255 187 238   0   4    -99    -99  3870  3.082  13536 1 -10.035  0.002    0   1 255 188 237   0  10    -99    -99  3811  3.042  13536 1  
    48931.7462     1864    West         300       0x101bf       1.2845           -9.876  9.999    0   7   0  59 244   0   4    -99    -99  7525  3.759  13536 1  -9.984  0.001    0   1 255 191 208   0  10    -99    -99  6952  3.970  13536 1  
    48938.7387     2006    West         300       0x101bf       1.2994           -9.870  9.999    0   5 255 167   0   0   4    -99    -99 16523  5.278  13536 1  -9.972  0.002    0   1   0 170   0   0  10    -99    -99 16986  5.596  13536 1  
    48998.5876     2643    West         300       0x101bf       1.3164           -9.875  9.999    0   5 255  69 236   0   4    -99    -99  5422  3.632  13536 1 -10.059  0.001    0   1   0 221   0   0  10    -99    -99  8522  3.422  13536 1  
    49018.7321     3192    East         300       0x101bf       2.0936           -9.934  0.001    0   1   0 232   0   0   1    -99    -99  2151  3.892  13536 1  -9.998  0.002    0   1   0 227   0   0  15    -99    -99  1710  4.086  13536 1  
    49042.5059     3633    East         300       0x101bf       1.3897           -9.966  0.002    0   1 255 185 241   0   1    -99    -99  2360  2.374  13536 1 -10.064  0.002    0   1 255 201 247   0  15    -99    -99  1436  2.312  13536 1  
    49048.6993     3947    East         300       0x101bf       2.4606           -9.927  9.999    0   7   0 125   0   0   1    -99    -99  2437  9.294  13536 1 -10.053  0.007    0   1   0  96   0   0  15    -99    -99  1794  9.581  13536 1  
    49068.6634     4512    East         300       0x101bf       2.6094           -9.919  0.002    0   1   0 207   0   0   1    -99    -99  2728  3.823  13536 1  -9.984  0.002    0   1   0 199   0   0  15    -99    -99  2012  4.064  13536 1  
    49082.6344     4921    East         300       0x101bf       2.6804           -9.929  0.009    0   1   0  98   0   0   1    -99    -99 16772  8.034  13536 1  -9.992  0.012    0   1   0  96   0   0  15    -99    -99 23845  8.671  13536 1  
    49083.5899     4992    East         300       0x101bf       2.3440           -9.960  0.003    0   1   0 119   0   0   1    -99    -99 19821  5.815  13536 1 -10.014  0.005    0   1   0 110   0   0  15    -99    -99 30012  6.100  13536 1  
    49095.6050     5431    East         300       0x101bf       2.7319           -9.944  0.001    0   1   0 253   0   0   1    -99    -99  3051  2.815  13536 1 -10.037  0.002    0   1 255 216 198   0  15    -99    -99  2676  2.887  13536 1  
    49114.5474     6502    East         300       0x101bf       2.6804           -9.867  0.003    0   1   0 233 157   0   1    -99    -99 21691  4.692  13536 1  -9.964  0.003    0   1   0 115   0   0  15    -99    -99 18401  4.875  13536 1  
    49120.5610     6744    East         300       0x101bf       2.9216           -9.866  9.999    0   5 255 160   0   0   1    -99    -99  3440  9.545  13536 1  -9.973  0.009    0   1   0  97   0   0  15    -99    -99  2692  9.553  13536 1  
    49125.5454     7171    East         300       0x101bf       2.9091           -7.854  0.008   29   3   0 253 231   0   1    -99    -99  3497  3.539  13536 1  -9.967  0.002    0   1   0 186   0   0  15    -99    -99  2469  3.641  13536 1  
    49134.5323     7692    East         300       0x101bf       2.9961           -9.925  0.002    0   1   0 199  89   0   1    -99    -99  4771  3.711  13536 1 -10.004  0.002    0   1   0 210   0   0  15    -99    -99  2635  3.919  13536 1  
    49143.5066     8064    East         300       0x101bf       2.9873           -9.873  9.999    0   7   0 121   0   0   1    -99    -99 22450  4.758  13536 1 -10.035  0.004    0   1   0 133   0   0  15    -99    -99 20239  5.097  13536 1  
    49165.7912     9209    West         300       0x101bf       1.7759           -9.930  0.003    0   1   0 138 115   0   4    -99    -99  4602  4.497  13536 1 -10.001  0.003    0   1   0 124   0   0  10    -99    -99  4502  4.484  13536 1  
    49184.8406     9930    West         300       0x101bf       1.4024           -9.959  0.002    0   1   0 185   0   0   4    -99    -99  6519  4.384  13536 1 -10.044  0.002    0   1   0 165   0   0  10    -99    -99  4490  4.420  13536 1  
    49194.7836    10380    West         300       0x101bf       1.4844           -9.974  0.002    0   1   0 185   0   0   4    -99    -99  2349  5.238  13536 1 -10.053  0.002    0   1   0 157   0   0  10    -99    -99  2099  5.322  13536 1  
    49209.7202    11030    West         300       0x101bf       1.5629           -9.938  0.002    0   1   0 118 199   0   4    -99    -99  2833  5.303  13536 1  -9.976  0.002    0   1   0 130   0   0  10    -99    -99  2903  5.522  13536 1  
    49216.7187    11395    West         300       0x101bf       1.5024           -9.941  0.003    0   1 255  93 206   0   4    -99    -99  2516  6.209  13536 1  -9.999  0.003    0   1   0 100   0   0  10    -99    -99  2190  6.444  13536 1  
    49222.7810    11814    West         300       0x101bf       1.3161           -9.946  0.001    0   1   0 253 143   0   4    -99    -99  1961  3.488  13536 1 -10.010  0.001    0   1   0 253   0   0  10    -99    -99  2131  3.256  13536 1  
    49255.7217    12278    West         300       0x101bf       1.2761           -9.959  0.001    0   1   0 223 155   0   4    -99    -99  2289  3.735  13536 1     -99    -99  999 999 999 999 999 999  -1    -99    -99   -99    -99      0 0  
    49268.7102    12728    West         300       0x101bf       1.2553           -9.970  0.001    0   1   0 176   0   0   4    -99    -99  2956  3.655  13536 1 -10.045  0.001    0   1   0 191   0   0  10    -99    -99  3175  3.568  13536 1  
    49273.7359    12902    West         300       0x101bf       1.2418           -9.977  0.002    0   3 255 207 233   0   4    -99    -99  2314  2.732  13536 1 -10.079  0.002    0   1 255 196 232   0  10    -99    -99  2084  2.635  13536 1  
    49283.7083    13118    West         300       0x101bf       1.2417           -9.963  0.002    0   1 255 182 230   0   4    -99    -99  1868  2.768  13536 1 -10.081  0.001    0   1 255 253 204   0  10    -99    -99  1868  2.768  13536 1  
    49291.6887    13369    West         300       0x101bf       1.2417           -9.963  0.002    0   1   0 133 152   0   4    -99    -99 10043  3.879  13536 1 -10.039  0.002    0   1   0 169   0   0  10    -99    -99 12656  3.946  13536 1  
    49309.6280    13536    West         300       0x101bf       1.2429           -9.922  0.001    0   3 255 202 218   0   4    -99    -99  1856  2.620  13536 1  -9.994  0.002    0   1 255 186 234   0  10    -99    -99  1917  2.597  13536 1  
    49313.6340    13713    West         300       0x101bf       1.2420           -9.917  0.002    0   1   0 187 210   0   4    -99    -99  1957  4.717  13536 1  -9.975  0.001    0   1   0 235   0   0  10    -99    -99  1792  5.028  13536 1  
    49376.6833    14072    East         300       0x101bf       1.7042           -9.948  0.002    0   1   0 238   0   0   1    -99    -99  4628  4.061  13536 1 -10.004  0.002    0   1   0 234   0   0  15    -99    -99  2955  4.226  13536 1  
    49376.6974    14075    East         300       0x101bf       1.7722           -9.948  0.001    0   1   0 154 112   0   1    -99    -99  3028  3.857  13536 1 -10.008  0.001    0   1   0 160   0   0  15    -99    -99  1787  4.003  13536 1  
    49386.7146    14387    East         300       0x101bf       2.0269           -9.894  0.002    0   1   0 220   0   0   1    -99    -99  4340  3.566  13536 1  -9.962  0.002    0   1   0 193   0   0  15    -99    -99  3658  3.610  13536 1  
    49399.6598    14604    East         300       0x100bf       1.9073           -9.976  0.001    0   1   0 220 174   0   1    -99    -99  2459  4.262  13536 1     -99    -99  999 999 999 999 999 999  15    -99    -99  1922  4.369  13536 0  
    49412.4079    14907    East         300       0x101bf       2.1569           -9.988  0.001    0   1   0 233 191   0   1    -99    -99  8699  3.364  13536 1     -99    -99  999 999 999 999 999 999  15    -99    -99  9568  3.354  13536 0  
    49424.6703    15206    East         300       0x100bf       2.4669           -9.935  0.002    0   1   0 167 200   0   1    -99    -99  4144  5.884  13536 1     -99    -99  999 999 999 999 999 999  -1    -99    -99   -99    -99      0 0  
    49427.4330    15359    West         300       0x101bf       1.3505           -9.893  0.001    0   1 255 140 204   0   4    -99    -99  3433  3.021  13536 1  -9.971  0.001    0   1 255 171 195   0  10    -99    -99  2452  3.092  13536 1  
    49448.6290    16056    East         300       0x101bf       2.6619           -9.953  0.003    0   1   0 104   0   0   1    -99    -99  3550  7.074  13536 1 -10.020  0.004    0   1   0 104   0   0  15    -99    -99  2913  7.608  13536 1  
    49460.5939    16602    East         300       0x101bf       2.6417           -9.957  0.001    0   1   0 207  89   0   1    -99    -99  3165  3.948  13536 1 -10.031  0.002    0   1   0 194   0   0  15    -99    -99  2240  4.211  13536 1  
    49467.6097    17011    East         300       0x101bf       2.9247           -9.910  0.002    0   1   0 179   0   0   1    -99    -99 25369  3.833  13536 1  -9.983  0.003    0   1 255 145 177   0  15    -99    -99 33626  4.071  13536 1  
    49483.5696    17661    East         300       0x100bf       2.9580           -9.932  0.002    0   1   0 146   0   0   1    -99    -99  3508  4.554  13536 1  -9.975  0.002    0   1   0 149   0   0  15    -99    -99  2554  4.865  13536 1  
    49496.5271    18388    East         300       0x101af       2.9028           -9.970  0.006    0   1   0 134 196   0   1    -99    -99 22769  7.134  13536 1 -10.018  0.006    0   1   0 112   0   0  15    -99    -99 22917  7.385  13536 1  
    49500.5320    18530    East         300       0x101bf       3.0242           -9.944  0.002    0   1   0 144   0   0   1    -99    -99  7845  5.427  13536 1 -10.008  0.003    0   1   0 137   0   0  15    -99    -99  8575  5.651  13536 1  
    49514.4782    19128    East         300       0x101bf       2.9041           -9.928  0.002    0   1   0 161   0   0   1    -99    -99  2840  4.879  13536 1  -9.993  0.002    0   1   0 159   0   0  15    -99    -99  2065  5.180  13536 1  
    49532.4457    19785    East         300       0x001bb       3.0327           -9.883  0.002    0   1   0 164   0   0   1    -99    -99  4911  2.989  13536 1  -9.932  0.003    0   1   0 166   0   0  15    -99    -99  3537  3.285  13536 1  
    49549.7467    20934    West         300       0x101bf       1.7426           -9.979  0.002    0   1   0 146 203   0   4    -99    -99  2724  5.436  13536 1 -10.070  0.002    0   1   0 224   0   0  10    -99    -99  2131  5.421  13536 1  
    49549.7602    20937    West         300       0x101bf       1.6797           -9.978  0.002    0   1   0 147 185   0   4    -99    -99  2544  5.532  13536 1 -10.088  0.002    0   1   0 208   0   0  10    -99    -99  2073  5.489  13536 1  
    49554.7373    21234    West         300       0x101bf       1.7218           -9.984  0.002    0   1   0 161   0   0   4    -99    -99 14260  3.719  13536 1 -10.074  0.002    0   1   0 141   0   0  10    -99    -99 15427  3.587  13536 1  
    49567.7970    22022    West         300       0x101bb       1.3925           -9.934  0.001    0   1   0 156   0   0   4    -99    -99  2375  3.079  13536 1  -9.968  0.001    0   1   0 240   0   0  10    -99    -99  2086  3.054  13536 1  
    49574.7837    22523    West         300       0x101bb       1.3793           -9.932  0.002    0   1 255 194 244   0   4    -99    -99  2394  1.986  13536 1  -9.921  0.002    0   1 255 187 244   0  10    -99    -99  2203  1.848  13536 1  
    49580.7276    22883    West         300       0x101bf       1.4844           -9.918  0.002    0   1 255 156 212   0   4    -99    -99  2538  2.489  13536 1  -9.964  0.002    0   1 255 154 207   0  10    -99    -99  2728  2.469  13536 1  
    49592.7678    23544    West         300       0x101bf       1.3161           -9.869  9.999    0   5 255  80 227   0   4    -99    -99  3702  3.463  13536 1 -10.052  0.001    0   1   0 178   0   0  10    -99    -99  3420  3.497  13536 1  
    49610.6966    24433    West         300       0x101bf       1.3557           -9.968  0.002    0   1   0 174   0   0   4    -99    -99  3877  3.913  13536 1 -10.011  0.002    0   1   0 183   0   0  10    -99    -99  4501  3.841  13536 1  
    49618.7024    24871    West         300       0x101bf       1.3075           -9.923  0.002    0   1   0 140   0   0   4    -99    -99  5296  4.250  13536 1  -9.971  0.002    0   1   0 140   0   0  10    -99    -99  6215  4.236  13536 1  
    49634.6721    25507    West         300       0x101bf       1.2894           -9.938  0.002    0   3 255 178 243   0   4    -99    -99  1700  2.184  13536 1 -10.025  0.002    0   1 255 180 240   0  10    -99    -99  1967  2.065  13536 1  
    49648.6421    26030    West         300       0x101bf       1.2795           -9.952  0.002    0   1 255 172 242   0   4    -99    -99  4827  2.026  13536 1 -10.034  0.002    0   1 255 169 243   0  10    -99    -99  4976  1.951  13536 1  
    49666.6494    26359    West         300       0x101bf       1.2429           -9.871  9.999    0   7   0 162 230   0   4    -99    -99  1684  2.572  13536 1  -9.990  0.001    0   1 255 139 213   0  10    -99    -99  1698  2.524  13536 1  
    49687.6655    26697    West         300       0x101bf       1.2706           -9.988  0.001    0   1   0 150 166   0   4    -99    -99  1688  4.358  13536 1 -10.085  0.001    0   1   0 166   0   0  10    -99    -99  1753  4.555  13536 1  
    49699.5435    27162    West         300       0x101af       1.2482           -9.977  0.002    0   3 255 138 231   0   4    -99    -99  4880  3.179  13536 1 -10.040  0.002    0   1 255 128 223   0  10    -99    -99  6385  3.078  13536 1  
    49716.7341    27489    East         300       0x101bf       1.6253           -9.930  0.001    0   1   0 206   0   0   1    -99    -99  5825  3.564  13536 1  -9.992  0.001    0   1   0 175   0   0  15    -99    -99  3251  3.463  13536 1  
    49717.5076    27496    East         300       0x101bf       1.2417           -9.947  0.001    0   1 255 213 196   0   1    -99    -99  2183  2.906  13536 1  -9.994  0.002    0   1 255 253 227   0  15    -99    -99  1790  2.898  13536 1  
    49728.7205    27639    East         300       0x101bf       1.7092           -9.960  0.001    0   1   0 253   0   0   1    -99    -99  2313  2.609  13536 1 -10.033  0.002    0   1 255 239 228   0  15    -99    -99  1420  2.586  13536 1  
    49728.7340    27642    East         300       0x101bf       1.7752           -9.964  0.001    0   1 255 251 211   0  -1    -99    -99   -99    -99      0 1 -10.008  0.002    0   1 255 204 243   0  -1    -99    -99   -99    -99      0 1  
    49740.5702    27835    West         300       0x101bf       1.3395           -9.954  0.001    0   1   0 230   0   0   4    -99    -99  2635  3.535  13536 1 -10.022  0.001    0   1   0 193   0   0  10    -99    -99  2657  3.502  13536 1  
    49742.6311    27929    East         300       0x101bf       1.5073           -9.940  0.001    0   1   0 207 167   0   1    -99    -99  2942  3.893  13536 1     -99    -99  999 999 999 999 999 999  -1    -99    -99   -99    -99      0 0  
    49746.7010    28024    East         300       0x101bf       1.8612           -9.925  0.001    0   1 255 218 209   0   1    -99    -99  2107  2.725  13536 1     -99    -99  999 999 999 999 999 999  -1    -99    -99   -99    -99      0 0  
    49752.5303    28258    East         300       0x101bf       1.3258           -9.879  9.999    0   5 255 195   0   0   1    -99    -99  1860  4.232  13536 1  -9.977  0.001    0   1   0 178   0   0  15    -99    -99  1316  4.146  13536 1  
    49755.7463    28385    East         300       0x101af       2.3263           -9.951  0.001    0   1   0 191   0   0   1    -99    -99  2095  3.855  13536 1  -9.984  0.002    0   1   0 176   0   0  15    -99    -99  1625  3.943  13536 1  
    49788.4878    28832    East         300       0x101bf       1.4526           -9.891  9.999    0   7   0 136   0   0   1    -99    -99  4912  5.154  13536 1 -10.014  0.002    0   1   0 127   0   0  15    -99    -99  4645  5.532  13536 1  
    49795.7191    29151    East         300       0x101bf       2.9876           -9.925  0.002    0   1   0 179   0   0   1    -99    -99 10348  3.678  13536 1  -9.984  0.002    0   1   0 173   0   0  15    -99    -99 13043  3.907  13536 1  
    49797.6102    29210    East         300       0x101bf       2.1681           -9.919  0.001    0   1   0 217   0   0   1    -99    -99  5150  3.205  13536 1  -9.985  0.001    0   1   0 176   0   0  15    -99    -99  4754  3.251  13536 1  
    49808.5501    29755    East         300       0x101bf       1.9691           -9.920  0.001    0   1   0 145   0   0   1    -99    -99  1982  3.397  13536 1  -9.990  0.001    0   1   0 184   0   0  15    -99    -99  1511  3.423  13536 1  
    49826.6334    30340    East         300       0x101bf       2.9797           -9.943  0.002    0   1   0 190   0   0   1    -99    -99  8387  4.309  13536 1 -10.008  0.002    0   1 255 180 191   0  15    -99    -99  7496  4.565  13536 1  
    49873.4905    31567    East         300       0x101bf       2.8658           -9.944  0.001    0   1   0 229   0   0   1    -99    -99  3698  3.283  13536 1 -10.013  0.002    0   1   0 192   0   0  15    -99    -99  3379  3.271  13536 1  
    49927.8085    33636    West         300       0x101bf       1.3991           -9.976  0.004    0   1   0 118   0   0   4    -99    -99  4747  3.665  13536 1 -10.061  0.004    0   1   0 122   0   0  10    -99    -99  3777  3.719  13536 1  
    49927.8198    33638    West         300       0x101bf       1.3732           -9.980  0.002    0   1   0 129   0   0   4    -99    -99  3192  4.740  13536 1 -10.053  0.002    0   1   0 128   0   0  10    -99    -99  2285  4.910  13536 1  
    49937.6079    34257    West         300       0x101bf       2.2019           -9.980  0.003    0   1   0 107 191   0   4    -99    -99 10523  5.621  13536 1 -10.034  0.003    0   1   0 114   0   0  10    -99    -99 11443  5.886  13536 1  
    49939.7760    34518    West         300       0x101bf       1.3985           -9.758  0.001    0   9   0 253  78  40   4    -99    -99  9838  2.181  13536 1  -9.752  0.002    3   1   0 253 124  77  10    -99    -99 16654  2.114  13536 1  
    49942.8123    34824    West         300       0x101bf       1.3115           -9.920  0.001    0   1   0 253   0   0   4    -99    -99  4238  2.662  13536 1  -9.949  0.001    0   1   0 253   0   0  10    -99    -99  6963  2.549  13536 1  
    49947.5943    35187    West         300       0x100bf       2.1072           -9.925  0.002    0   1   0 180 169   0   4    -99    -99  2868  3.923  13536 1  -9.985  0.002    0   1   0 200   0   0  10    -99    -99  2261  3.794  13536 1  
    49953.7136    35637    West         300       0x100bf       1.4626           -9.920  0.001    0   1   0 216   0   0   4    -99    -99  1679  2.901  13536 1  -9.971  0.001    0   1   0 205   0   0  10    -99    -99  1848  2.652  13536 1  
    49966.8041    36240    West         300       0x101bf       1.2520           -9.990  0.003    0   1  30 237   0   0   4    -99    -99  3085  3.883  13536 1 -10.011  0.003    0   1  37 238   0   0  10    -99    -99  3044  3.721  13536 1  
    49970.7748    36420    West         300       0x101bf       1.2651           -9.902  0.001    0   1   0 253   0   0   4    -99    -99  5781  2.497  13536 1  -9.992  0.001    0   1   0 253   0   0  10    -99    -99  9822  2.584  13536 1  
    49982.6253    36810    West         300       0x101bf       1.4902           -9.921  0.001    0   1 255 253 216  35   4    -99    -99  2152  2.116  13536 1 -10.045  0.002    0   1 255 183 247   0  10    -99    -99  2094  1.852  13536 1  
    49987.6595    36960    West         300       0x101bf       1.3659           -9.949  0.001    0   1 255 253 219   0   4    -99    -99  1913  2.190  13536 1     -99    -99  999 999 999 999 999 999  -1    -99    -99   -99    -99      0 0  
    49998.6282    37323    West         300       0x101bf       1.3686           -9.923  0.001    0   1   0 253  90   0   4    -99    -99 11324  3.084  13536 1  -9.950  0.003    0   1 255 208 236   0  10    -99    -99 19398  2.888  13536 1  
    50013.7566    37709    West         300       0x101bf       1.2575           -9.917  0.001    0   1   0 193 114   0   4    -99    -99  3821  4.279  13536 1  -9.958  0.001    0   1   0 181   0   0  10    -99    -99  3686  4.148  13536 1  
    50072.6405    38708    West         300       0x101ff       1.3059           -9.997  0.002    0   1   0 130   0   0   4    -99    -99  1803  4.758  13536 1 -10.084  0.002    0   1   0 136   0   0  10    -99    -99  1591  4.983  13536 1  
    50107.6144    39181    East         300       0x101ff       1.4538           -9.907  0.001    0   1   0 170 134   0   1    -99    -99  2387  3.084  13536 1  -9.969  0.001    0   1   0 171   0   0  15    -99    -99  1256  3.110  13536 1  
    50127.6572    39650    East         300       0x001ff       1.8573           -9.925  0.001    0   1   0 153   0   0   1    -99    -99  1932  4.210  13536 1  -9.999  0.001    0   1   0 156   0   0  15    -99    -99  1453  4.306  13536 1  
    50159.6481    40502    East         300       0x101ff       2.3860           -9.887  0.003    0   1   0 154 203   0   1    -99    -99  2416  6.250  13536 1  -9.955  0.002    0   1   0 144   0   0  15    -99    -99  1714  6.500  13536 1  
    50181.6137    41363    East         300       0x101af       2.5931           -9.983  0.001    0   1   0 189   0   0   1    -99    -99  6617  3.347  13536 1 -10.046  0.001    0   1   0 198   0   0  15    -99    -99  5801  3.347  13536 1  
    50201.4926    42252    East         300       0x101ff       2.0871           -9.892  0.001    0   1   0 201   0   0   1    -99    -99  5752  3.000  13536 1  -9.939  0.001    0   1   0 164   0   0  15    -99    -99  6293  3.126  13536 1  
    50224.5315    43307    East         300       0x1017f       2.8824          -10.005  0.001    0   1   0 168   0   0   1    -99    -99  2665  4.264  13536 1 -10.072  0.002    0   1   0 168 118   0  15    -99    -99  1897  4.553  13536 1  
    50227.4592    43513    East         300       0x101ff       2.3609          -10.007  0.001    0   1   0 202   0   0   1    -99    -99  3755  3.498  13536 1 -10.096  0.001    0   1   0 216   0   0  15    -99    -99  2963  3.583  13536 1  
    50300.7508    46749    West         300       0x101ff       1.5012           -9.939  0.003    0   1   0 164 176   0   4    -99    -99  2654  8.564  13536 1  -9.993  0.003    0   1   0 148   0   0  10    -99    -99  3172  8.148  13536 1  
    50311.7898    47620    West         300       0x1017f       1.3313           -9.982  0.001    0   1   0 169 185   0   4    -99    -99  2369  4.629  13536 1 -10.046  0.001    0   1   0 176   0   0  10    -99    -99  2007  4.655  13536 1  
    50348.7639    48860    West         300       0x101ff       1.2486           -9.961  0.002    0   1   0 132   0   0   4    -99    -99  2598  5.126  13536 1 -10.015  0.002    0   1   0 132   0   0  10    -99    -99  2455  5.391  13536 1  
    50368.7313    49426    West         300       0x000bf       1.2419           -9.954  0.002    0   1   0 125   0   0   4    -99    -99  2339  5.232  13536 1 -10.026  0.002    0   1   0 219   0   0  10    -99    -99  1726  5.392  13536 1  
    50374.7328    49708    West         300       0x101ff       1.2420           -9.945  0.001    0   1   0 156 185   0   4    -99    -99  1781  4.499  13536 1 -10.004  0.001    0   1   0 168   0   0  10    -99    -99  1730  4.481  13536 1  
    50376.7169    49770    West         300       0x101ff       1.2414           -9.942  0.001    0   1   0 149 109   0   4    -99    -99  2250  3.586  13536 1  -9.999  0.001    0   1   0 168   0   0  10    -99    -99  2036  3.575  13536 1  
    50389.6880    50144    West         300       0x0013f       1.2416           -9.719  0.001    0   1   0 253 150  64   4    -99    -99  2409  2.258  13536 1  -9.606  0.001    0   1   0 253 158 100  10    -99    -99  2689  1.976  13536 1  
    50401.5999    50438    West         300       0x101ff       1.2610           -9.937  0.001    0   1   0 131 124   0   4    -99    -99  1679  4.531  13536 1  -9.999  0.001    0   1   0 142   0   0  10    -99    -99  1788  4.334  13536 1  
    50410.6984    50727    West         300       0x101ff       1.2839           -9.960  0.001    0   1 255 253 207  60   4    -99    -99  6819  2.644  13536 1 -10.103  0.002    0   1 255 176 245   0  10    -99    -99  7864  2.462  13536 1  
    50426.7245    51207    East         300       0x101ff       1.4103           -9.928  0.001    0   1   0 253   0   0   1    -99    -99  2677  2.815  13536 1 -10.074  0.001    0   1 255 253 205   0  15    -99    -99  1903  2.649  13536 1  
    50433.6326    51471    East         300       0x101ff       1.2795           -9.917  0.002    0   1   0 119   0   0   1    -99    -99  2553  4.706  13536 1  -9.945  0.002    0   1   0 198   0   0  15    -99    -99  1886  4.799  13536 1  
    50444.7234    51800    East         300       0x101ff       1.5574           -9.911  0.002    0   1   0 194   0   0   1    -99    -99 10709  3.770  13536 1  -9.954  0.002    0   1   0 179   0   0  15    -99    -99 11036  3.352  13536 1  
    50455.7437    52146    East         300       0x101ff       1.7757           -9.950  0.002    0   1   0 147   0   0   1    -99    -99  5920  4.447  13536 1 -10.020  0.002    0   1   0 136   0   0  15    -99    -99  5919  4.309  13536 1  
    50456.6477    52188    East         300       0x101ff       1.4236           -9.906  0.001    0   1   0 253   0   0   1    -99    -99  1650  2.564  13536 1 -10.054  0.002    0   1 255 253 228   0  15    -99    -99  1229  2.320  13536 1  
    50468.7445    52535    East         300       0x101ff       1.9803           -9.992  0.001    0   1   0 191   0   0   1    -99    -99  2472  3.277  13536 1 -10.082  0.001    0   1   0 205   0   0  15    -99    -99  2061  3.375  13536 1  
    50480.6270    52746    East         300       0x101ff       1.5523           -9.916  0.003    0   1   0  89   0   0   1    -99    -99  4032  3.583  13536 1  -9.960  0.003    0   1   0 106   0   0  15    -99    -99  2866  3.670  13536 1  
    50485.6704    52879    East         300       0x000ba       1.8205           -9.891  0.002    0   1   0 133   0   0   1    -99    -99  2266  2.328  13536 1  -9.922  0.002    0   1   0 156   0   0  15    -99    -99  1998  2.309  13536 1  
    50492.7157    53012    East         300       0x000af       2.2297           -9.847  0.007    0   1   0 105   0   0  -1    -99    -99   -99    -99      0 1     -99    -99  999 999 999 999 999 999  -1    -99    -99   -99    -99      0 0  
    50495.4951    53115    East         300       0x101ff       1.3244           -9.805  0.001    0   1   0 253  58   1   1    -99    -99  4312  2.772  13536 1  -9.905  0.001    0   1   0 246   0   0  15    -99    -99  3559  2.783  13536 1  
    50497.7362    53257    East         300       0x1017f       2.4943           -9.876  0.001    0   1   0 164 131   0   1    -99    -99  1981  3.732  13536 1  -9.925  0.002    0   1   0 184   0   0  15    -99    -99  1607  3.801  13536 1  
    50504.5193    53412    East         300       0x101fb       1.4307           -9.885  0.002    0   1   0 205 199   0   1    -99    -99  5311  4.229  13536 1  -9.967  0.002    0   1   0 253   0   0  15    -99    -99  7161  4.323  13536 1  
    50510.5710    53550    East         300       0x101ff       1.6700           -9.784  0.001    0   1   0 253 187  82   1    -99    -99  2116  2.566  13536 1  -9.992  0.001    0   1   0 253   0   0  15    -99    -99  1338  2.547  13536 1  
    50519.6358    53750    East         300       0x101ff       2.1851           -9.929  0.003    0   1   0 134   0   0   1    -99    -99  2509  6.126  13536 1 -10.000  0.003    0   1   0 146   0   0  15    -99    -99  1624  6.296  13536 1  
    50522.5253    53924    East         300       0x101ff       1.6150           -9.979  0.002    0   1 255 172 221   0   1    -99    -99  2554  4.178  13536 1 -10.016  0.002    0   1   0 180   0   0  15    -99    -99  1583  4.275  13536 1  
    50527.5614    54158    East         300       0x101ff       1.8517           -9.924  0.002    0   1   0 181 174   0   1    -99    -99  6064  4.460  13536 1  -9.995  0.002    0   1   0 124   0   0  15    -99    -99  8430  4.533  13536 1  
    50530.6354    54308    East         300       0x101ff       2.4086           -9.917  0.004    0   1   0  96 170   0   1    -99    -99 10236  7.444  13536 1  -9.941  0.006    0   1   0 102   0   0  15    -99    -99 21396  7.673  13536 1  
    50534.5211    54532    East         300       0x101ff       1.7423           -9.888  0.002    0   1   0 221 191   0   1    -99    -99  7199  3.424  13536 1  -9.958  0.002    0   1   0 194   0   0  15    -99    -99  6652  3.549  13536 1  
    50539.6364    54757    East         300       0x101fb       2.6160           -9.901  0.001    0   1   0 227   0   0   1    -99    -99  2773  2.786  13536 1  -9.962  0.001    0   1   0 191   0   0  15    -99    -99  2497  2.858  13536 1  
    50542.6223    54910    East         300       0x00137       2.5673           -9.871  0.004    0   1   0 122 188   0   1    -99    -99  2221  7.760  13536 1  -9.935  0.004    0   1   0  98   0   0  15    -99    -99  1729  8.105  13536 1  
    50546.5754    55248    East         300       0x101ff       2.2826           -9.919  0.001    0   1   0 241 162   0   1    -99    -99  2344  2.710  13536 1  -9.984  0.001    0   1   0 208   0   0  15    -99    -99  1631  2.796  13536 1  
    50551.4636    55521    East         300       0x1017f       1.6902           -9.866  0.001    0   1   0 247 193   0   1    -99    -99  3045  3.247  13536 1 -10.006  0.001    0   1   0 159   0   0  15    -99    -99  2014  3.185  13536 1  
    50554.4371    55714    East         300       0x101bf       1.6115           -9.917  0.001    0   1   0 253   0   0   1    -99    -99  4556  2.554  13536 1 -10.024  0.001    0   1   0 249   0   0  15    -99    -99  4461  2.644  13536 1  
    50563.4609    56008    East         300       0x101ff       1.8405           -9.799  0.002    0   1   0 253 202   0   1    -99    -99  7904  2.597  13536 1  -9.900  0.002    0   1   0 253 128  84  15    -99    -99  6881  2.651  13536 1  
    50566.5319    56276    East         300       0x101ff       2.3684           -9.944  0.001    0   1   0 190   0   0   1    -99    -99  4327  3.192  13536 1 -10.015  0.001    0   1   0 191   0   0  15    -99    -99  3508  3.325  13536 1  
    50572.5088    56733    East         300       0x101ff       2.3174           -9.917  0.002    0   1   0 136   0   0   1    -99    -99  3097  2.961  13536 1  -9.983  0.002    0   1   0 165   0   0  15    -99    -99  2068  2.906  13536 1  
    50577.4540    56983    East         300       0x101ff       2.0262           -9.908  0.002    0   1   0 133   0   0   1    -99    -99  2292  5.502  13536 1  -9.967  0.002    0   1   0 144   0   0  15    -99    -99  1685  5.793  13536 1  
    50581.4204    57266    East         300       0x101ff       1.8879           -9.908  0.001    0   1   0 247   0   0   1    -99    -99  3824  2.684  13536 1  -9.965  0.001    0   1   0 182   0   0  15    -99    -99  2996  2.759  13536 1  
    50595.3968    57559    East         300       0x101ff       1.9760           -9.905  0.001    0   1   0 157   0   0   1    -99    -99  2922  3.840  13536 1  -9.960  0.002    0   1   0 187   0   0  15    -99    -99  1923  4.151  13536 1  
    50600.4414    57963    East         300       0x101ff       2.3871           -9.911  0.001    0   1   0 132   0   0   1    -99    -99  3952  3.258  13536 1  -9.971  0.001    0   1   0 175   0   0  15    -99    -99  2062  3.462  13536 1  
    50605.8254    58395    West         300       0x101ff       1.9000           -9.931  0.002    0   1   0 152 111   0   4    -99    -99  2340  4.868  13536 1  -9.988  0.002    0   1   0 164   0   0  10    -99    -99  1952  4.900  13536 1  
    50610.4030    58752    East         300       0x101ff       2.3010           -9.929  0.003    0   1   0 114   0   0   1    -99    -99  5757  3.707  13536 1  -9.996  0.004    0   1   0 119   0   0  15    -99    -99  4431  3.900  13536 1  
    50614.4398    58963    East         300       0x101ff       2.6840           -9.942  0.002    0   1   0 161   0   0   1    -99    -99  5068  5.579  13536 1 -10.010  0.003    0   1   0 174   0   0  15    -99    -99  6130  5.815  13536 1  
    50617.8172    59381    West         300       0x101ff       1.7672           -9.974  0.001    0   1   0 157 139   0   4    -99    -99  2591  3.638  13536 1 -10.039  0.001    0   1   0 246   0   0  10    -99    -99  2044  3.563  13536 1  
    50622.7977    59675    West         300       0x101ff       1.7979           -9.908  0.001    0   1   0 253 203   0   4    -99    -99  7584  2.540  13536 1 -10.048  0.002    0   1 255 180 213   0  10    -99    -99  9825  2.483  13536 1  
    50638.8154    60492    West         300       0x101ff       1.5340           -9.903  0.004    0   1 255 107 195   0   4    -99    -99  2478  7.509  13536 1  -9.970  0.003    0   1   0 113   0   0  10    -99    -99  1812  7.648  13536 1  
    50644.7463    60787    West         300       0x101ff       1.7536           -9.920  0.002    0   1   0 116 171   0   4    -99    -99  2813  4.764  13536 1  -9.977  0.002    0   1   0 126   0   0  10    -99    -99  2227  4.647  13536 1  
    50647.7053    60999    West         300       0x101ff       1.9307           -9.927  0.002    0   1   0 149 106   0   4    -99    -99 10710  3.405  13536 1  -9.976  0.002    0   1   0 161   0   0  10    -99    -99 11660  3.466  13536 1  
    50647.8117    61022    West         300       0x000bf       1.4670           -9.933  0.002    0   1 255 178 226   0   4    -99    -99  4900  3.572  13536 1  -9.978  0.001    0   1   0 179   0   0  10    -99    -99  4294  3.286  13536 1  
    50648.6984    61097    West         300       0x101ff       1.9567           -9.905  0.002    0   1   0 121 219   0   4    -99    -99 14176  3.833  13536 1  -9.977  0.002    0   1   0 140   0   0  10    -99    -99 18416  3.645  13536 1  
    50648.8077    61121    West         300       0x101ff       1.4706           -9.923  0.002    0   1   0 152 168   0   4    -99    -99  9295  3.656  13536 1  -9.977  0.002    0   1   0 152   0   0  10    -99    -99 11831  3.434  13536 1  
    50656.7476    61658    West         300       0x101ff       1.6032           -9.934  0.002    0   1   0 116 195   0   4    -99    -99  3113  4.363  13536 1  -9.999  0.002    0   1   0 131   0   0  10    -99    -99  2553  4.363  13536 1  
    50657.6260    61719    West         300       0x101ff       2.2804           -9.940  0.002    0   1   0 132 164   0   4    -99    -99  3247  4.723  13536 1  -9.975  0.002    0   1   0 235   0   0  10    -99    -99  2092  4.930  13536 1  
    50658.6568    61825    West         300       0x101ff       2.0462           -9.967  0.002    0   1   0 140 224   0   4    -99    -99  3028  3.317  13536 1 -10.025  0.001    0   1   0 173   0   0  10    -99    -99  2266  3.467  13536 1  
    50658.8054    61855    West         300       0x101ff       1.4029           -9.933  0.002   -8   1   0 253 128   0   4    -99    -99  1711  5.872  13536 1 -10.000  0.001   -4   1   0 253   0   0  10    -99    -99  1588  5.183  13536 1  
    50659.6256    61921    West         300       0x101ff       2.2437           -9.963  0.001    0   1   0 207   0   0   4    -99    -99  3504  2.803  13536 1 -10.019  0.001    0   1   0 206   0   0  10    -99    -99  2231  3.008  13536 1  
    50660.6230    62025    West         300       0x101ff       2.2428           -9.968  0.002    0   1   0 130 144   0   4    -99    -99  4229  3.864  13536 1 -10.024  0.002    0   1   0 161   0   0  10    -99    -99  2579  4.034  13536 1  
    50661.6241    62112    West         300       0x101ff       2.2140           -9.964  0.002    0   1   0 128   0   0   4    -99    -99  3262  5.931  13536 1 -10.018  0.003    0   1   0 131   0   0  10    -99    -99  2243  6.309  13536 1  
    50661.7634    62142    West         300       0x000bf       1.4979           -9.948  0.002    0   1   0 138 132   0   4    -99    -99  3117  5.551  13536 1 -10.016  0.002    0   1   0 138   0   0  10    -99    -99  2042  5.786  13536 1  
    50668.7003    62462    West         300       0x101ff       1.6635           -9.967  0.003    0   1   0 159 161   0   4    -99    -99  2925  6.394  13536 1 -10.045  0.002    0   1   0 162   0   0  10    -99    -99  1899  6.976  13536 1  
    50669.8093    62595    West         300       0x1017f       1.3318          -10.000  0.001    0   3 255 249 212   0   4    -99    -99  2476  2.526  13536 1 -10.040  0.001    0   1 255 251 206   0  10    -99    -99  1890  2.591  13536 1  
    50674.7006    62909    West         300       0x101ff       1.5947           -9.967  0.002    0   1 255 149 223   0   4    -99    -99  4230  4.226  13536 1 -10.042  0.002    0   1   0 186   0   0  10    -99    -99  3909  4.277  13536 1  
    50678.5886    63186    West         300       0x101ff       2.1376           -9.987  0.002    0   1 255 170 227   0   4    -99    -99 17529  3.444  13536 1 -10.038  0.002    0   1 255 156 198   0  10    -99    -99 32460  3.255  13536 1  
    50680.5646    63384    West         300       0x101ff       2.2709           -9.953  0.002    0   1   0 176 224   0   4    -99    -99  8883  2.879  13536 1 -10.012  0.002    0   1   0 177   0   0  10    -99    -99 15543  2.964  13536 1  
    50681.7849    63543    West         300       0x101ff       1.3179           -9.953  0.002    0   1 255 139 221   0   4    -99    -99  4393  3.951  13536 1 -10.009  0.002    0   1   0 153   0   0  10    -99    -99  6645  3.871  13536 1  
    50684.6096    63729    West         300       0x101ff       1.9009           -9.917  0.006    0   1   0  88   0   0   4    -99    -99  2821  9.708  13536 1  -9.973  0.006    0   1   0  90   0   0  10    -99    -99  2424  9.643  13536 1  
    50687.2581    63854    West         300       0x00110       1.5347           -9.920  0.001    0   1   0 173 208   0   4    -99    -99  2454  3.077  13536 1  -9.978  0.001    0   1   0 183   0   0  10    -99    -99  2094  2.878  13536 1  
    50689.6246    63997    West         300       0x101ff       1.7481           -9.918  0.001    0   1   0 149   0   0   4    -99    -99  2179  2.921  13536 1  -9.975  0.001    0   1   0 166   0   0  10    -99    -99  2146  2.838  13536 1  
    50700.6811    64176    West         300       0x101ff       1.4274           -9.889  0.001    0   1   0 202 205   0   4    -99    -99  2157  2.626  13536 1  -9.955  0.001    0   1 255 180 210   0  10    -99    -99  2126  2.424  13536 1  
    50704.6017    64321    West         300       0x101ff       1.6647           -9.906  0.002    0   1   0 228   0   0   4    -99    -99  7151  3.240  13536 1  -9.954  0.002    0   1   0 150   0   0  10    -99    -99  9207  3.198  13536 1  
    50707.6279    64401    West         300       0x101ff       1.5307           -9.934  0.002    0   1 255 102 223   0   4    -99    -99 12562  3.549  13536 1  -9.972  0.002    0   1   0 116   0   0  10    -99    -99 27865  3.646  13536 1  
    50716.5718    64560    West         300       0x101ff       1.6521           -9.934  0.001    0   1   0 243   0   0   4    -99    -99  2245  2.596  13536 1  -9.997  0.001    0   1   0 191   0   0  10    -99    -99  2001  2.678  13536 1  
    50718.5936    64673    West         300       0x101ff       1.5459           -9.936  0.002    0   1   0 186 109   0   4    -99    -99  2862  3.067  13536 1 -10.009  0.002    0   1   0 192   0   0  10    -99    -99  2782  3.081  13536 1  
    50719.7361    64768    West         300       0x101ff       1.2556           -9.958  0.002    0   1 255 138 226   0   4    -99    -99  1899  3.508  13536 1 -10.029  0.001    0   1   0 152   0   0  10    -99    -99  1760  3.441  13536 1  
    50721.6410    64913    West         300       0x101fb       1.3851           -9.986  0.001    0   3 255 231 220   0   4    -99    -99  1762  2.436  13536 1 -10.037  0.002    0   1 255 232 235   0  10    -99    -99  2072  2.340  13536 1  
    50724.5801    65064    West         300       0x101ff       1.5360           -9.978  0.002    0   1   0  96 198   0   4    -99    -99  1924  5.684  13536 1 -10.057  0.002    0   1   0 101   0   0  10    -99    -99  1956  6.078  13536 1  
    50725.6663    65166    West         300       0x101ff       1.3154           -9.985  0.002    0   1   0 134   0   0   4    -99    -99  2789  2.471  13536 1 -10.049  0.002    0   1   0 200   0   0  10    -99    -99  2841  2.297  13536 1  
    50732.6135    65419    West         300       0x101ff       1.3795           -9.948  0.002    0   1   0 120 159   0   4    -99    -99  4112  4.308  13536 1  -9.998  0.002    0   1   0 126   0   0  10    -99    -99  5247  4.180  13536 1  
    50733.6433    65495    West         300       0x101ff       1.3173           -9.954  0.002    0   1   0 129 212   0   4    -99    -99  4017  3.868  13536 1  -9.998  0.002    0   1   0 138   0   0  10    -99    -99  6404  3.812  13536 1  
    50734.7305    65581    West         300       0x101ff       1.2417           -9.950  0.001    0   1   0 168   0   0   4    -99    -99  3502  3.416  13536 1 -10.008  0.002    0   1   0 171   0   0  10    -99    -99  4829  3.446  13536 1  
    50736.6151    65701    West         300       0x101ff       1.3529           -9.941  0.002    0   1   0 140   0   0   4    -99    -99 10309  4.017  13536 1  -9.997  0.002    0   1   0 137   0   0  10    -99    -99 17844  4.001  13536 1  
    50737.6891    65789    West         300       0x101ff       1.2542           -9.920  0.002    0   1   0 139   0   0   4    -99    -99  9302  4.573  13536 1  -9.967  0.002    0   1   0 127   0   0  10    -99    -99 13864  4.689  13536 1  
    50743.5294    66041    West         300       0x101ff       1.5317           -9.903  0.001    0   1   0 175   0   0   4    -99    -99  2286  3.144  13536 1  -9.945  0.001    0   1   0 196   0   0  10    -99    -99  2410  3.136  13536 1  
    50744.7249    66150    West         300       0x101ff       1.2429           -9.912  0.001    0   1   0 176   0   0   4    -99    -99  2338  2.930  13536 1  -9.951  0.001    0   1   0 187   0   0  10    -99    -99  2282  2.807  13536 1  
    50746.5658    66253    West         300       0x101ff       1.4015           -9.902  0.001    0   1   0 220   0   0   4    -99    -99  2288  2.948  13536 1  -9.923  0.001    0   1   0 253   9   1  10    -99    -99  2345  2.728  13536 1  
    50748.5762    66337    West         300       0x101ff       1.3655           -9.907  0.002    0   1   0 119 204   0   4    -99    -99  2285  3.980  13536 1  -9.953  0.002    0   1   0 113   0   0  10    -99    -99  2422  3.980  13536 1  
    50767.5405    66463    West         300       0x101bf       1.3340          -10.019  0.002    0   3 255 253 238   0   4    -99    -99 11479  2.837  13536 1 -10.007  0.002    0   1 255 200 236   0  10    -99    -99 11709  2.664  13536 1  
    50769.6982    66578    West         300       0x101bb       1.2660           -9.950  0.001    0   1   0 209   0   0   4    -99    -99  6038  3.750  13536 1 -10.010  0.001    0   1   0 212   0   0  10    -99    -99  5671  3.693  13536 1  
    50771.6812    66677    West         300       0x101bf       1.2565           -9.948  0.001    0   1   0 232  82   0   4    -99    -99  3389  3.179  13536 1 -10.011  0.001    0   1 255 192 202   0  10    -99    -99  3842  3.088  13536 1  
    50775.6974    66780    West         300       0x101bf       1.2817           -9.938  0.002    0   1   0 143 129   0   4    -99    -99  2644  5.672  13536 1 -10.005  0.002    0   1   0 165   0   0  10    -99    -99  2268  5.711  13536 1  
    50777.7043    66900    West         300       0x101bf       1.2972           -9.948  0.001    0   1   0 163   0   0   4    -99    -99  2338  4.371  13536 1 -10.010  0.001    0   1   0 175   0   0  10    -99    -99  1824  4.423  13536 1  
    50785.5505    67020    West         300       0x101ff       1.2594           -9.924  0.004    0   1   0 114   0   0   4    -99    -99  3861  3.205  13536 1  -9.999  0.004    0   1   0 104   0   0  10    -99    -99  3752  3.239  13536 1  
    50796.5315    67136    West         300       0x101ff       1.2520           -9.931  0.002    0   1 255 177 237   0   4    -99    -99 11754  2.682  13536 1 -10.022  0.002    0   1 255 171 238   0  10    -99    -99 11943  2.480  13536 1  
    50802.5317    67298    West         300       0x101ff       1.2445           -9.958  0.001    0   1   0 244 111   0   4    -99    -99  2243  3.515  13536 1 -10.007  0.001    0   1   0 224   0   0  10    -99    -99  1919  3.346  13536 1  
    50804.6021    67405    West         300       0x101ff       1.2655           -9.951  0.001    0   1   0 158   0   0   4    -99    -99  2557  3.154  13536 1  -9.993  0.001    0   1   0 190   0   0  10    -99    -99  2057  3.089  13536 1  
    50809.4854    67516    West         300       0x101ff       1.2590           -9.932  0.001    0   1   0 117 153   0   4    -99    -99  2750  3.618  13536 1  -9.995  0.001    0   1   0 182   0   0  10    -99    -99  2409  3.604  13536 1  
    50812.6739    67628    East         300       0x101ff       1.4273           -9.910  0.001    0   1   0 208   0   0   1    -99    -99  2877  2.737  13536 1  -9.979  0.001    0   1   0 185   0   0  15    -99    -99  2012  2.740  13536 1  
    50825.5706    67783    East         300       0x105ff       1.2939           -9.709  0.001    9   1   0 253   0   0   1    -99    -99 13396  2.342  13536 1  -9.794  0.002    9   1   0 253 126  72  15    -99    -99 15502  2.408  13536 1  
    50832.4731    67887    East         300       0x105ff       1.2404           -9.947  0.001    0   1   0 253   0   0   1    -99    -99  2008  3.858  13536 1 -10.034  0.001    0   1   0 241   0   0  15    -99    -99  1920  3.285  13536 1  
    50839.7064    68120    East         300       0x105ff       1.8517           -9.929  0.001    0   1   0 154   0   0   1    -99    -99  1380  3.860  13536 1  -9.989  0.001    0   1   0 171   0   0  15    -99    -99  1247  3.962  13536 1  
    50842.5274    68245    East         300       0x105ff       1.2980           -9.795  0.001    0   1   0 253   0   0   1    -99    -99  1936  2.389  13536 1  -9.911  0.001    0   1   0 253   0   0  15    -99    -99  1487  2.420  13536 1  
    50845.6092    68363    East         300       0x105ff       1.5020           -9.839  0.001    0   1   0 253 105  53   1    -99    -99  2277  2.461  13536 1  -9.936  0.001    0   1   0 253   0   0  15    -99    -99  1450  2.395  13536 1  
    50860.6194    68615    East         300       0x105ff       1.7024           -9.930  0.002    0   1   0 170   0   0   1    -99    -99  4130  5.244  13536 1  -9.983  0.002    0   1   0 150   0   0  15    -99    -99  4384  5.374  13536 1  
    50862.6349    68747    East         300       0x105ff       1.8058           -9.985  0.002    0   1   0 253 220   0   1    -99    -99  3068  3.408  13536 1 -10.000  0.001    0   1   0 192   0   0  15    -99    -99  2733  3.543  13536 1  
    50864.6912    68874    East         300       0x105ff       2.1892           -9.940  0.001    0   1   0 164   0   0   1    -99    -99  2867  3.370  13536 1 -10.004  0.001    0   1   0 179   0   0  15    -99    -99  2399  3.483  13536 1  
    50866.6135    68981    East         300       0x105ff       1.7524           -9.931  0.002    0   1   0 170   0   0   1    -99    -99  2122  4.722  13536 1  -9.985  0.002    0   1   0 177   0   0  15    -99    -99  1414  5.192  13536 1  
    50868.7147    69110    East         300       0x001fb       2.4518           -9.927  0.001    0   1   0 153   0   0   1    -99    -99  2196  3.307  13536 1  -9.984  0.001    0   1   0 183   0   0  15    -99    -99  1715  3.346  13536 1  
    50874.5714    69316    East         300       0x105ff       1.6590           -9.916  0.001    0   1   0 174   0   0   1    -99    -99  2326  3.531  13536 1  -9.981  0.001    0   1   0 194   0   0  15    -99    -99  1559  3.739  13536 1  
    50878.5837    69466    East         300       0x105ff       1.7672           -9.926  0.004    0   1   0  95   0   0   1    -99    -99  4390  4.125  13536 1  -9.993  0.004    0   1   0 101   0   0  15    -99    -99  2963  4.246  13536 1  
    50880.6763    69554    East         300       0x105ff       2.4068           -9.893  0.002    0   1   0 196 197   0   1    -99    -99  3124  4.670  13536 1  -9.997  0.002    0   1   0 149   0   0  15    -99    -99  1991  4.911  13536 1  
    50882.6002    69695    East         300       0x105fb       1.9167           -9.920  0.001    0   1   0 253   0   0   1    -99    -99  7361  2.880  13536 1  -9.999  0.001    0   1   0 224   0   0  15    -99    -99 10260  3.107  13536 1  
    50888.5837    69967    East         300       0x105fb       1.9164           -9.952  0.002    0   1   0 131   0   0   1    -99    -99  6632  5.096  13536 1 -10.010  0.002    0   1   0 133   0   0  15    -99    -99  7533  5.225  13536 1  
    50909.4769    70193    East         300       0x105ff       1.6642              -99    -99  999 999 999 999 999 999  -1    -99    -99   -99    -99      0 0  -9.957  0.002    0   1   0 190   0   0  15    -99    -99  6611  3.465  13536 1  
    50917.4736    70531    East         300       0x105ff       1.7505              -99    -99  999 999 999 999 999 999  -1    -99    -99   -99    -99      0 0  -9.986  0.002    0   1   0 199   0   0  15    -99    -99  6886  3.447  13536 1  
    50931.5196    70895    East         300       0x105ff       2.2742              -99    -99  999 999 999 999 999 999  -1    -99    -99   -99    -99      0 0 -10.032  0.002    0   1   0 158   0   0  15    -99    -99  1888  4.755  13536 1  
    50942.4042    71223    East         300       0x001bf       1.7454              -99    -99  999 999 999 999 999 999  -1    -99    -99   -99    -99      0 0 -10.035  0.002    0   1   0 150   0   0  15    -99    -99  9313  4.353  13536 1  
    50954.4667    71683    East         300       0x105ff       2.3505              -99    -99  999 999 999 999 999 999  -1    -99    -99   -99    -99      0 0  -9.967  0.002    0   1   0 168   0   0  15    -99    -99  2058  4.992  13536 1  
    50961.8166    72236    West         300       0x105ff       2.1083           -9.919  0.002    0   1   0 178   0   0   4    -99    -99  3771  4.993  13536 1  -9.961  0.002    0   1   0 181   0   0  10    -99    -99  2288  5.111  13536 1  
    50974.3786    72737    East         300       0x105ff       2.1080              -99    -99  999 999 999 999 999 999  -1    -99    -99   -99    -99      0 0  -9.982  0.003    0   1   0 138   0   0  15    -99    -99 12388  4.886  13536 1  
    50981.4117    73077    East         300       0x105ff       2.4996              -99    -99  999 999 999 999 999 999  -1    -99    -99   -99    -99      0 0  -9.930  0.002    0   1   0 253   0   0  15    -99    -99  2454  3.891  13536 1  
    50992.3670    73502    East         300       0x105ff       2.3841              -99    -99  999 999 999 999 999 999  -1    -99    -99   -99    -99      0 0  -9.974  0.002    0   1   0 182   0   0  15    -99    -99  2401  4.129  13536 1  
    50996.3505    73785    East         300       0x105ff       2.3403              -99    -99  999 999 999 999 999 999  -1    -99    -99   -99    -99      0 0  -9.931  0.001    0   1   0 253   0   0  15    -99    -99  4694  2.731  13536 1  
    51003.7513    74204    West         300       0x105ff       1.8096           -9.829  0.021    4   1   0  78 181   0   4    -99    -99 31220  8.634  13536 1     -99    -99  999 999 999 999 999 999  -1    -99    -99   -99    -99      0 0  
    51009.7917    74635    West         300       0x101bf       1.5587           -9.910  0.001    0   1   0 139  80   0   4    -99    -99  3648  3.465  13536 1  -9.957  0.001    0   1   0 145   0   0  10    -99    -99  4243  3.330  13536 1  
    51016.7257    74812    West         300       0x105ff       1.7590           -9.896  0.002    0   1   0 210 224   0   4    -99    -99  2744  2.705  13536 1  -9.967  0.001    0   1   0 196   0   0  10    -99    -99  1992  2.653  13536 1  
    51024.7478    74962    West         300       0x105ff       1.5694           -9.938  0.002    0   1   0 145   0   0   4    -99    -99  2078  4.301  13536 1  -9.997  0.002    0   1   0 221   0   0  10    -99    -99  1963  4.323  13536 1  
    51025.7547    75068    West         300       0x105ff       1.5489           -9.956  0.002    0   1   0 145 168   0   4    -99    -99  2090  5.219  13536 1 -10.006  0.002    0   1   0 219   0   0  10    -99    -99  1827  5.459  13536 1  
    51026.8047    75134    West         300       0x105ff       1.3843           -9.954  0.011    0   1   0  75 152   0   4    -99    -99  6097  3.005  13536 1     -99    -99  999 999 999 999 999 999  -1    -99    -99   -99    -99      0 0  
    51033.7794    75271    West         300       0x105ff       1.3985           -9.946  0.002    0   1 255  91 226   0   4    -99    -99  8117  3.730  13536 1 -10.005  0.002    0   1   0 109   0   0  10    -99    -99 14659  3.655  13536 1  
    51034.5938    75341    West         300       0x105ff       2.2736           -9.976  0.002    0   3 255 253 212   0   4    -99    -99 11938  2.421  13536 1  -9.982  0.002    0   1   0 253   0   0  10    -99    -99 19636  2.445  13536 1  
    51039.7634    75485    West         300       0x105ff       1.3980           -9.922  0.001    0   1   0 214   0   0   4    -99    -99  3154  2.785  13536 1  -9.996  0.001    0   1 255 156 206   0  10    -99    -99  2845  2.664  13536 1  
    51048.6785    75638    West         300       0x105ff       1.5832           -9.991  0.001    0   1 255 239 208   0   4    -99    -99  2345  2.506  13536 1 -10.003  0.002    0   1 255 243 234   0  10    -99    -99  1896  2.277  13536 1  
    51049.6439    75719    West         300       0x105ff       1.7187           -9.972  0.001    0   1   0 182   0   0   4    -99    -99  2677  2.785  13536 1 -10.016  0.001    0   1   0 217   0   0  10    -99    -99  2268  2.617  13536 1  
    51051.6478    75803    West         300       0x105ff       1.6760           -9.968  0.001    0   1   0 143   0   0   4    -99    -99  2338  3.976  13536 1 -10.027  0.001    0   1   0 137   0   0  10    -99    -99  2042  3.869  13536 1  
    51052.7839    75902    West         300       0x105ff       1.2944           -9.976  0.002    0   1   0 100 172   0   4    -99    -99  2451  3.874  13536 1 -10.034  0.002    0   1   0 121   0   0  10    -99    -99  2309  3.900  13536 1  
    51054.6365    76053    West         300       0x105ff       1.6900           -9.963  0.006    0   1   0  98   0   0   4    -99    -99  7599  2.376  13536 1 -10.023  0.006    0   1   0  91   0   0  10    -99    -99  6711  2.260  13536 1  
    51056.5471    76155    West         300       0x105ff       2.1765           -9.979  0.002    0   1   0 157 162   0   4    -99    -99  5510  3.760  13536 1 -10.031  0.002    0   1   0 165   0   0  10    -99    -99  4927  3.883  13536 1  
    51061.6207    76381    West         300       0x105ff       1.6748           -9.963  0.002    0   1   0  94 135   0   4    -99    -99  9641  3.602  13536 1 -10.021  0.002    0   1   0 116   0   0  10    -99    -99 18441  3.805  13536 1  
    51063.6079    76540    West         300       0x105ff       1.7081           -9.957  0.001    0   1   0 131   0   0   4    -99    -99  9304  3.096  13536 1 -10.002  0.002    0   1   0 129   0   0  10    -99    -99 17535  2.977  13536 1  
    51073.5542    76716    West         300       0x105ff       1.8407           -9.950  0.002    0   1   0 176   0   0   4    -99    -99  2853  4.182  13536 1  -9.976  0.002    0   1   0 178   0   0  10    -99    -99  2448  3.997  13536 1  
    51082.5798    76860    West         300       0x105ff       1.6052           -9.892  0.002    0   1   0 124 168   0   4    -99    -99  2157  4.775  13536 1  -9.921  0.002    0   1   0 236   0   0  10    -99    -99  2299  4.777  13536 1  
    51082.7237    76890    West         300       0x105ff       1.2695           -9.900  0.001    0   1   0 226 171   0   4    -99    -99  1912  2.783  13536 1  -9.956  0.001    0   1   0 234   0   0  10    -99    -99  1870  2.499  13536 1  
    51083.5307    76929    West         300       0x105ff       1.8201           -9.908  0.001    0   1   0 158   0   0   4    -99    -99  3632  2.928  13536 1  -9.959  0.002    0   1   0 147   0   0  10    -99    -99  3242  2.845  13536 1  
    51085.5901    77049    West         300       0x105ff       1.5364           -9.909  0.002    0   1   0 163 213   0   4    -99    -99  3303  4.058  13536 1  -9.960  0.002    0   1   0 176   0   0  10    -99    -99  3498  4.215  13536 1  
    51087.5794    77190    West         300       0x105ff       1.5558           -9.921  0.004    0   1   0 106   0   0   4    -99    -99  7061  6.571  13536 1  -9.960  0.004    0   1   0 215   0   0  10    -99    -99  7714  6.839  13536 1  
    51089.7042    77299    West         300       0x105ff       1.2700           -9.930  0.002    0   1   0 116 212   0   4    -99    -99  5283  4.432  13536 1  -9.982  0.002    0   1   0 111   0   0  10    -99    -99  8813  4.564  13536 1  
    51097.5901    77363    West         300       0x105ff       1.4355           -9.890  0.001    0   1   0 253   0   0  -1    -99    -99   -99    -99      0 1 -10.021  0.002    0   1 255 175 220   0  10    -99    -99  2025  2.102  13536 1  
    51099.7170    77455    West         300       0x105ff       1.2444           -9.960  0.005    0   1   0  87 178   0   4    -99    -99  2226  8.792  13536 1  -9.995  0.005    0   1   0  91   0   0  10    -99    -99  2032  8.832  13536 1  
    51102.5214    77609    West         300       0x105ff       1.6207           -9.972  0.002    0   1   0 217   0   0   4    -99    -99  2460  5.832  13536 1 -10.026  0.002    0   1   0 202   0   0  10    -99    -99  2293  5.736  13536 1  
    51106.5938    77714    West         300       0x105ff       1.3673           -9.962  0.002    0   1   0 121 195   0   4    -99    -99  2468  5.453  13536 1 -10.027  0.002    0   1   0 185   0   0  10    -99    -99  2029  5.334  13536 1  
    51108.7547    77831    West         300       0x105ff       1.2551           -9.950  0.002    0   1 255 141 236   0   4    -99    -99  3508  2.507  13536 1 -10.029  0.002    0   1 255 162 214   0  10    -99    -99  3169  2.395  13536 1  
    51110.7452    77931    West         300       0x105ff       1.2526           -9.929  0.002    0   1 255 158 225   0   4    -99    -99  1908  3.507  13536 1  -9.996  0.001    0   1   0 163   0   0  10    -99    -99  1609  3.449  13536 1  
    51113.6853    78076    West         300       0x105ff       1.2427           -9.936  0.002    0   1 255 130 214   0   4    -99    -99  1994  4.794  13536 1  -9.996  0.002    0   1   0 138   0   0  10    -99    -99  1544  4.834  13536 1  
    51118.6227    78184    West         300       0x105ff       1.2721           -9.937  0.002    0   1   0 122   0   0   4    -99    -99  4716  3.829  13536 1 -10.001  0.002    0   1   0 117   0   0  10    -99    -99  7842  3.846  13536 1  
    51120.6619    78305    West         300       0x105ff       1.2438           -9.897  0.001    0   1   0 253  78   0   4    -99    -99 11090  2.551  13536 1  -9.995  0.003    0   1 255 125 237   0  10    -99    -99 13983  2.379  13536 1  
    51132.5525    78442    West         300       0x105ff       1.3129           -9.933  0.002    0   1   0 245   0   0   4    -99    -99  1923  4.439  13536 1  -9.980  0.002    0   1   0 235   0   0  10    -99    -99  1872  4.232  13536 1  
    51138.7059    78535    West         300       0x105ff       1.2863           -9.927  0.002    0   1   0 122   0   0   4    -99    -99  2174  3.773  13536 1  -9.970  0.002    0   1   0 131   0   0  10    -99    -99  1627  3.946  13536 1  
    51142.7031    78645    West         300       0x105ff       1.2968           -9.916  0.001    0   1   0 253   0   0   4    -99    -99  2056  3.033  13536 1  -9.983  0.001    0   1   0 129   0   0  10    -99    -99  1525  3.045  13536 1  
    51147.7145    78751    West         300       0x105ff       1.3363           -9.931  0.001    0   1   0 180   0   0   4    -99    -99  2150  3.005  13536 1  -9.976  0.001    0   1   0 184   0   0  10    -99    -99  1535  2.884  13536 1  
    51157.6108    78918    West         300       0x105ff       1.2495           -9.949  0.001    0   1   0 190   0   0   4    -99    -99  2134  3.609  13536 1 -10.015  0.002    0   1   0 164   0   0  10    -99    -99  2000  3.551  13536 1  
    51170.6219    79107    East         300       0x105fb       1.2900              -99    -99  999 999 999 999 999 999  -1    -99    -99   -99    -99      0 0  -9.976  0.001    0   1   0 214   0   0  15    -99    -99  1346  2.684  13536 1  
    51172.6769    79218    East         300       0x105ff       1.4014              -99    -99  999 999 999 999 999 999  -1    -99    -99   -99    -99      0 0  -9.982  0.002    0   1   0 145   0   0  15    -99    -99  1242  2.656  13536 1  
    51180.5312    79343    East         300       0x105ff       1.2421              -99    -99  999 999 999 999 999 999  -1    -99    -99   -99    -99      0 0  -9.907  0.002    0   1   0 253   0   0  15    -99    -99 12270  2.236  13536 1  
    51181.7375    79439    East         300       0x105ff       1.6952              -99    -99  999 999 999 999 999 999  -1    -99    -99   -99    -99      0 0  -9.882  0.002    0   1   0 253   0   0  15    -99    -99 13449  2.168  13536 1  
    51184.5555    79547    West         300       0x105ff       1.2616           -9.867  0.003    0   1 255 187 220   0   4    -99    -99  5032  4.032  13536 1  -9.961  0.002    0   1   0 175   0   0  10    -99    -99  5198  3.889  13536 1  
    51189.7245    79673    East         300       0x105ff       1.7368              -99    -99  999 999 999 999 999 999  -1    -99    -99   -99    -99      0 0  -9.933  0.004    0   1   0 116   0   0  15    -99    -99  3846  2.646  13536 1  
    51195.6677    79782    East         300       0x105ff       1.5648              -99    -99  999 999 999 999 999 999  -1    -99    -99   -99    -99      0 0  -9.941  0.002    0   1   0 177   0   0  15    -99    -99  1598  2.840  13536 1  
    51207.7163    79903    East         300       0x105ff       1.9612              -99    -99  999 999 999 999 999 999  -1    -99    -99   -99    -99      0 0  -9.976  0.002    0   1   0 228   0   0  15    -99    -99  3858  3.851  13536 1  
    51223.5959    80040    East         300       0x105ff       1.5833              -99    -99  999 999 999 999 999 999  -1    -99    -99   -99    -99      0 0  -9.943  0.001    0   1   0 241   0   0  15    -99    -99  1601  2.730  13536 1  
    51227.6118    80166    East         300       0x105ff       1.6952              -99    -99  999 999 999 999 999 999  -1    -99    -99   -99    -99      0 0  -9.938  0.001    0   1   0 186   0   0  15    -99    -99  1536  3.796  13536 1  
    51237.4474    80415    East         300       0x105ff       1.2973              -99    -99  999 999 999 999 999 999  -1    -99    -99   -99    -99      0 0  -9.765  0.001    0   1   0 253 126  73  15    -99    -99 10661  2.467  13536 1  
    51241.5804    80515    East         300       0x105ff       1.7276              -99    -99  999 999 999 999 999 999  -1    -99    -99   -99    -99      0 0  -9.965  0.002    0   1   0 253   0   0  15    -99    -99 10885  4.504  13536 1  
    51246.6645    80710    East         300       0x105ff       2.3424              -99    -99  999 999 999 999 999 999  -1    -99    -99   -99    -99      0 0  -9.987  0.001    0   1   0 190   0   0  15    -99    -99  3373  2.977  13536 1  
    51249.6555    80842    East         300       0x105ff       2.3361              -99    -99  999 999 999 999 999 999  -1    -99    -99   -99    -99      0 0  -9.982  0.003    0   1   0 158   0   0  15    -99    -99  2814  4.437  13536 1  
    51251.6040    81018    East         300       0x105ff       2.0115              -99    -99  999 999 999 999 999 999  -1    -99    -99   -99    -99      0 0  -9.979  0.002    0   1   0 242   0   0  15    -99    -99  2506  3.271  13536 1  
    51262.4511    81275    East         300       0x105ff       1.4551              -99    -99  999 999 999 999 999 999  -1    -99    -99   -99    -99      0 0  -9.952  0.001    0   1   0 243   0   0  15    -99    -99  3457  2.791  13536 1  
    51277.6253    81563    East         300       0x101bf       2.7104           -9.880  0.002    0   1   0 231   0   0   1    -99    -99  3126  5.028  13536 1  -9.920  0.002    0   1   0 199   0   0  15    -99    -99  3060  4.982  13536 1  
    51281.4763    81911    East         300       0x105ff       1.7533           -9.906  0.002    0   1   0 150   0   0   1    -99    -99  2582  5.257  13536 1  -9.933  0.002    0   1   0 216   0   0  15    -99    -99  1831  5.254  13536 1  
    51287.4800    82307    East         300       0x105ff       1.8587           -9.891  0.002    0   1   0 178   0   0   1    -99    -99  2208  5.685  13536 1  -9.933  0.002    0   1   0 213   0   0  15    -99    -99  1738  5.757  13536 1  
    51290.4262    82610    East         300       0x105ff       1.6369           -9.917  0.002    0   1   0 168   0   0   1    -99    -99  3632  4.358  13536 1  -9.972  0.002    0   1   0 183   0   0  15    -99    -99  2962  4.452  13536 1  
    51294.4353    82974    East         300       0x105ff       1.7262           -9.906  0.002    0   1   0 155   0   0   1    -99    -99  9788  3.851  13536 1  -9.963  0.002    0   1   0 148   0   0  15    -99    -99 10196  3.858  13536 1  
    51300.3904    83267    East         300       0x105ff       1.6025           -9.934  0.002    0   1 255 179 226   0   1    -99    -99  6866  2.879  13536 1  -9.994  0.001    0   1 255 194 198   0  15    -99    -99  5364  2.892  13536 1  
    51303.4347    83653    East         300       0x105ff       1.8502           -9.964  0.001    0   1   0 200   0   0   1    -99    -99  4283  2.796  13536 1 -10.011  0.002    0   1   0 198   0   0  15    -99    -99  2761  2.739  13536 1  
    51306.4595    83895    East         300       0x105ff       2.0487           -9.970  0.002    0   1   0 162   0   0   1    -99    -99  3462  3.977  13536 1 -10.028  0.002    0   1   0 171   0   0  15    -99    -99  2030  4.027  13536 1  
    51309.4289    84064    East         300       0x105ff       1.9094           -9.990  0.001    0   1 255 187 198   0   1    -99    -99  2788  3.009  13536 1 -10.035  0.001    0   1   0 198   0   0  15    -99    -99  1818  3.066  13536 1  
    51314.3775    84412    East         300       0x105ff       1.7117           -9.943  0.002    0   1 255 203 241   0   1    -99    -99  3500  2.224  13536 1  -9.952  0.001    0   1 255 253 216  62  15    -99    -99  1708  2.224  13536 1  
    51318.4573    84900    East         300       0x105ff       2.2630           -9.932  0.003    0   1   0 116   0   0   1    -99    -99  5232  3.610  13536 1  -9.948  0.003    0   1   0 201   0   0  15    -99    -99  3520  3.670  13536 1  
    51329.4355    85282    East         300       0x105ff       2.3259           -9.881  0.002    0   1   0 129   0   0   1    -99    -99 11613  4.710  13536 1  -9.909  0.002    0   1   0 196   0   0  15    -99    -99 10898  4.876  13536 1  
    51344.3667    85953    East         300       0x105ff       2.1228           -9.949  0.005    0   1   0  95   0   0   1    -99    -99  3286  8.944  13536 1  -9.988  0.006    0   1   0 112   0   0  15    -99    -99  2144  9.422  13536 1  
    51353.8252    86819    West         300       0x001bf       1.6515           -9.976  0.002    0   1   0 176 207   0   4    -99    -99  2707  4.945  13536 1 -10.037  0.002    0   1   0 164   0   0  10    -99    -99  2127  4.907  13536 1  
    51362.8106    87388    West         300       0x105ff       1.6103           -9.938  0.001    0   1   0 174   0   0   4    -99    -99  6256  4.092  13536 1 -10.001  0.002    0   1   0 170   0   0  10    -99    -99  6752  4.084  13536 1  
    51363.8347    87543    West         300       0x105ff       1.5122           -9.947  0.002    0   1   0 148   0   0   4    -99    -99  6493  4.937  13536 1  -9.998  0.002    0   1   0 146   0   0  10    -99    -99  5926  5.044  13536 1  
    51375.8354    87853    West         300       0x105fb       1.4145           -9.933  0.002    0   1 255 181 217   0   4    -99    -99  4599  4.568  13536 1  -9.992  0.002    0   1   0 185   0   0  10    -99    -99  3449  4.597  13536 1  
    51377.8312    87959    West         300       0x105ff       1.4115           -9.921  0.002    0   1   0 114 130   0   4    -99    -99  3599  5.674  13536 1  -9.999  0.002    0   1   0 182   0   0  10    -99    -99  2710  5.820  13536 1  
    51384.8131    88528    West         300       0x105ff       1.4089           -9.931  0.001    0   1   0 185   0   0   4    -99    -99  2424  4.662  13536 1  -9.981  0.002    0   1   0 217   0   0  10    -99    -99  2123  4.675  13536 1  
    51386.7475    88603    West         300       0x105ff       1.6006           -9.940  0.002    0   1   0 166 180   0   4    -99    -99 11512  3.853  13536 1  -9.991  0.002    0   1   0 150   0   0  10    -99    -99 13590  3.820  13536 1  
    51388.7299    88631    West         300       0x105ff       1.6498           -9.915  0.010    0   1   0 101   0   0   4    -99    -99 50511  5.077  13536 1  -9.952  0.011    5   1   0 187   0   0  10    -99    -99 40688  5.248  13536 1  
    51389.7406    88641    West         300       0x105ff       1.5952           -9.881  0.003    0   1   0 253 123   0   4    -99    -99  9112  6.133  13536 1  -9.987  0.003    0   1   0 107   0   0  10    -99    -99 12873  6.303  13536 1  
    51390.7293    88771    West         300       0x105ff       1.6295           -9.933  0.002    0   1   0 123 169   0   4    -99    -99  5699  6.270  13536 1  -9.990  0.003    0   1   0 115   0   0  10    -99    -99  9585  6.360  13536 1  
    51393.7933    89181    West         300       0x105fb       1.3973           -9.917  0.001    0   1   0 196 183   0   4    -99    -99  5150  3.596  13536 1  -9.973  0.001    0   1   0 194   0   0  10    -99    -99  4598  3.495  13536 1  
    51399.7910    89486    West         300       0x101bf       1.3654           -9.916  0.007    0   1   0  91 105   0   4    -99    -99  4737  3.978  13536 1 -10.002  0.007    0   1   0 100   0   0  10    -99    -99  4190  4.031  13536 1  
    51400.6828    89585    West         300       0x105ff       1.7144           -9.910  0.002    0   1   0 195 214   0   4    -99    -99  3003  3.517  13536 1  -9.976  0.001    0   1   0 186   0   0  10    -99    -99  2721  3.437  13536 1  
    51401.6810    89685    West         300       0x105ff       1.7096           -9.929  0.002    0   1   0 164   0   0   4    -99    -99  4355  4.088  13536 1  -9.987  0.002    0   1   0 167   0   0  10    -99    -99  3714  4.084  13536 1  
    51404.6862    89808    West         300       0x105ff       1.6498           -9.915  0.002    0   1   0 188   0   0   4    -99    -99  2501  4.783  13536 1  -9.980  0.002    0   1   0 185   0   0  10    -99    -99  2262  4.903  13536 1  
    51404.8223    89838    West         300       0x105ff       1.2902           -9.924  0.001    0   1   0 192   0   0   4    -99    -99  3840  4.028  13536 1  -9.978  0.001    0   1   0 168   0   0  10    -99    -99  4290  4.070  13536 1  
    51405.6644    89938    West         300       0x105ff       1.7369           -9.937  0.002    0   1 255 171 217   0   4    -99    -99  2245  4.370  13536 1  -9.976  0.001    0   1   0 182   0   0  10    -99    -99  2357  4.347  13536 1  
    51405.7972    89968    West         300       0x105ff       1.3233           -9.923  0.001    0   1   0 194   0   0   4    -99    -99  2004  3.676  13536 1  -9.990  0.001    0   1   0 182 196   0  10    -99    -99  2131  3.605  13536 1  
    51408.7283    90226    West         300       0x105ff       1.4606           -9.946  0.002    0   1 255 178 216   0   4    -99    -99  2301  4.739  13536 1  -9.974  0.002    0   1   0 218   0   0  10    -99    -99  2317  4.694  13536 1  
    51409.6570    90264    West         300       0x105ff       1.7199           -9.932  0.003    0   1   0 124 208   0   4    -99    -99  4625  4.778  13536 1  -9.985  0.003    0   1   0 133   0   0  10    -99    -99  4547  4.915  13536 1  
    51413.6397    90627    West         300       0x105fb       1.7503           -9.924  0.002    0   1   0 141   0   0   4    -99    -99 11861  2.994  13536 1  -9.974  0.002    0   1   0 134   0   0  10    -99    -99 11869  2.962  13536 1  
    51413.8040    90657    West         300       0x105ff       1.2826           -9.916  0.001    0   1   0 216   0   0   4    -99    -99  2653  2.771  13536 1  -9.976  0.001    0   1   0 225   0   0  10    -99    -99  2404  2.710  13536 1  
    51414.6226    90736    West         300       0x105ff       1.8238           -9.910  0.002    0   3 255 219 223   0   4    -99    -99 13502  2.627  13536 1  -9.966  0.002    0   1 255 223 204   0  10    -99    -99 15483  2.571  13536 1  
    51414.7646    90766    West         300       0x105ff       1.3370           -9.908  0.002    0   1 255 165 241   0   4    -99    -99  6806  2.323  13536 1  -9.963  0.002    0   1 255 244 221   0  10    -99    -99  7574  2.234  13536 1  
    51415.6463    90854    West         300       0x105ff       1.6935           -9.920  0.002    0   1 255 253 213   0   4    -99    -99 10114  2.493  13536 1     -99    -99  999 999 999 999 999 999  -1    -99    -99   -99    -99      0 0  
    51419.7853    90968    West         300       0x105ff       1.2853           -9.920  0.001    0   1   0 215 129   0   4    -99    -99  6603  3.251  13536 1  -9.975  0.001    0   1   0 208   0   0  10    -99    -99  9182  3.154  13536 1  
    51421.8054    91204    West         300       0x105ff       1.2601           -9.917  0.002    0   1   0 148   0   0   4    -99    -99  5049  4.987  13536 1  -9.977  0.002    0   1   0 138   0   0  10    -99    -99  5761  5.136  13536 1  
    51426.7407    91387    West         300       0x105ff       1.3216           -9.922  0.001    0   1   0 185   0   0   4    -99    -99  3033  4.001  13536 1  -9.991  0.001    0   1   0 176   0   0  10    -99    -99  2372  3.979  13536 1  
    51427.7740    91478    West         300       0x001bf       1.2736           -9.918  0.002    0   1   0 187   0   0   4    -99    -99  2378  4.944  13536 1  -9.987  0.002    0   1   0 171   0   0  10    -99    -99  2189  4.947  13536 1  
    51429.5851    91530    West         300       0x105ff       1.8052           -9.905  0.002    0   1   0 149 160   0   4    -99    -99  3150  4.327  13536 1  -9.969  0.002    0   1   0 154 101   0  10    -99    -99  3074  4.371  13536 1  
    51430.6334    91564    West         300       0x105ff       1.5767           -9.924  0.002    0   1   0 136 112   0   4    -99    -99  3149  4.548  13536 1  -9.985  0.002    0   1   0 123   0   0  10    -99    -99  3267  4.539  13536 1  
    51431.6028    91609    West         300       0x105ff       1.6922           -9.920  0.002    0   1   0 126 162   0   4    -99    -99  2535  6.346  13536 1  -9.985  0.002    0   1   0 198   0   0  10    -99    -99  2356  6.380  13536 1  
    51431.7415    91639    West         300       0x105ff       1.2996           -9.920  0.002    0   1   0 127   0   0   4    -99    -99  2364  5.098  13536 1  -9.981  0.002    0   1   0 114   0   0  10    -99    -99  2054  5.236  13536 1  
    51432.5953    91713    West         300       0x105ff       1.7142           -9.915  0.002    0   1   0 148 123   0   4    -99    -99  2580  4.462  13536 1  -9.986  0.002    0   1   0 202   0   0  10    -99    -99  2521  4.526  13536 1  
    51432.7580    91745    West         300       0x105ff       1.2760           -9.929  0.002    0   1   0 180   0   0   4    -99    -99  2243  5.307  13536 1  -9.978  0.002    0   1   0 157   0   0  10    -99    -99  1985  5.331  13536 1  
    51433.5903    91815    West         300       0x105ff       1.7252           -9.923  0.001    0   1   0 179   0   0   4    -99    -99  2474  4.016  13536 1  -9.987  0.001    0   1   0 221   0   0  10    -99    -99  2429  4.035  13536 1  
    51433.7245    91845    West         300       0x105ff       1.3168           -9.922  0.001    0   1   0 253 144   0   4    -99    -99  2424  2.824  13536 1  -9.988  0.001    0   1 255 181 209   0  10    -99    -99  2099  2.730  13536 1  
    51434.6006    91930    West         300       0x105ff       1.6655           -9.919  0.001    0   1   0 223   0   0   4    -99    -99  2808  3.824  13536 1  -9.981  0.001    0   1   0 218   0   0  10    -99    -99  2611  3.780  13536 1  
    51439.6066    92115    West         300       0x105ff       1.5849           -9.934  0.001    0   1   0 145   0   0   4    -99    -99  3612  3.931  13536 1 -10.001  0.002    0   1   0 127   0   0  10    -99    -99  3405  3.966  13536 1  
    51440.7174    92219    West         300       0x105ff       1.2990           -9.930  0.001    0   1   0 188   0   0   4    -99    -99  2274  3.400  13536 1 -10.004  0.001    0   1   0 184   0   0  10    -99    -99  2279  3.304  13536 1  
    51443.5443    92319    West         300       0x105ff       1.8188           -9.913  0.002    0   1   0 253   0   0   4    -99    -99 14543  3.192  13536 1 -10.001  0.002    0   1   0 157   0   0  10    -99    -99 17610  3.128  13536 1  
    51443.6772    92349    West         300       0x105ff       1.3525           -9.945  0.001    0   1   0 151 120   0   4    -99    -99  7012  3.261  13536 1 -10.005  0.002    0   1   0 150   0   0  10    -99    -99 10572  3.185  13536 1  
    51444.7481    92378    West         300       0x105ff       1.2562           -9.944  0.002    0   1   0 105   0   0   4    -99    -99  6294  4.391  13536 1  -9.993  0.002    0   1   0 103   0   0  10    -99    -99  9655  4.477  13536 1  
    51446.5271    92430    West         300       0x105ff       1.8673           -9.924  0.002    0   1   0 148   0   0   4    -99    -99 21301  3.372  13536 1  -9.983  0.002    0   1   0 138   0   0  10    -99    -99 35091  3.321  13536 1  
    51458.6883    92615    West         300       0x105ff       1.2747           -9.978  0.002    0   3 255 253 242   0   4    -99    -99  2154  2.498  13536 1  -9.995  0.002    0   1 255 210 246   0  10    -99    -99  2029  2.338  13536 1  
    51463.5054    92746    West         300       0x105ff       1.7389           -9.949  0.004    0   1   0 118 202   0   4    -99    -99  5796  3.630  13536 1  -9.998  0.004    0   1   0 120   0   0  10    -99    -99  4898  3.609  13536 1  
    51468.5996    92884    West         300       0x105ff       1.3717           -9.913  0.002    0   1   0 160 200   0   4    -99    -99  3261  4.331  13536 1  -9.976  0.002    0   1   0 171   0   0  10    -99    -99  3112  4.304  13536 1  
    51471.5111    92980    West         300       0x105ff       1.6167           -9.898  0.001    0   1   0 172 214   0   4    -99    -99  4984  3.009  13536 1  -9.956  0.001    0   1   0 150   0   0  10    -99    -99  7338  2.932  13536 1  
    51472.6243    93086    West         300       0x105ff       1.3070           -9.910  0.002    0   1   0 160 192   0   4    -99    -99  4930  4.351  13536 1  -9.969  0.002    0   1   0 152   0   0  10    -99    -99  8233  4.333  13536 1  
    51477.5839    93163    West         300       0x105ff       1.3534           -9.916  0.002    0   1   0 139   0   0   4    -99    -99  9224  4.554  13536 1  -9.978  0.002    0   1   0 116   0   0  10    -99    -99  9641  4.562  13536 1  
    51479.4635    93258    West         300       0x105ff       1.7306           -9.924  0.001    0   1   0 190   0   0   4    -99    -99  3090  3.978  13536 1  -9.982  0.001    0   1   0 172   0   0  10    -99    -99  2899  3.897  13536 1  
    51482.6712    93364    West         300       0x105fb       1.2435           -9.926  0.003    0   1   0 126   0   0   4    -99    -99  3254  4.603  13536 1 -10.003  0.003    0   1   0 120   0   0  10    -99    -99  2949  4.723  13536 1  
    51485.5753    93442    West         300       0x105ff       1.3287           -9.950  0.002    0   1   0 196 216   0   4    -99    -99  2005  3.472  13536 1  -9.984  0.002    0   1   0 225   0   0  10    -99    -99  2016  3.384  13536 1  
    51489.5970    93544    West         300       0x105ff       1.2818           -9.900  0.002    0   1   0 156 183   0   4    -99    -99  3494  3.564  13536 1  -9.980  0.002    0   1   0 156   0   0  10    -99    -99  3384  3.529  13536 1  
    51492.6423    93646    West         300       0x1057f       1.2439           -9.890  0.002    0   1   0 223 115   0   4    -99    -99  2017  5.239  13536 1  -9.966  0.002    0   1   0 210   0   0  10    -99    -99  2074  5.162  13536 1  
    51495.5450    93769    West         300       0x105ff       1.3340           -9.920  0.003    0   1   0 124 187   0   4    -99    -99  5149  3.950  13536 1  -9.996  0.003    0   1   0 131   0   0  10    -99    -99  4797  3.926  13536 1  
    51505.5197    93864    West         300       0x001bf       1.3304           -9.905  0.002    0   1   0 199 217   0   4    -99    -99 14854  3.376  13536 1  -9.995  0.001    0   1   0 224   0   0  10    -99    -99 14989  3.228  13536 1  
    51510.5675    93980    West         300       0x105fb       1.2564           -9.914  0.001    0   1   0 253 136   0   4    -99    -99  1927  3.408  13536 1  -9.981  0.001    0   1   0 253   0   0  10    -99    -99  1926  3.208  13536 1  
    51512.7072    94061    West         300       0x105fb       1.3243           -9.922  0.002    0   1   0 236 227   0   4    -99    -99  2715  2.668  13536 1  -9.974  0.001    0   1   0 235   0   0  10    -99    -99  2919  2.576  13536 1  
    51514.6111    94170    West         300       0x105ff       1.2424           -9.916  0.001    0   1   0 208 101   0   4    -99    -99  2050  3.389  13536 1  -9.974  0.001    0   1   0 190   0   0  10    -99    -99  1748  3.279  13536 1  
    51515.6875    94250    West         300       0x105ff       1.3063           -9.918  0.001    0   1   0 227   0   0   4    -99    -99  2022  3.570  13536 1  -9.983  0.001    0   1   0 220   0   0  10    -99    -99  1592  3.548  13536 1  
    51525.5782    94377    West         300       0x105ff       1.2420           -9.949  0.002    0   1   0 194 218   0   4    -99    -99  2171  3.561  13536 1  -9.998  0.001    0   1   0 183   0   0  10    -99    -99  2125  3.509  13536 1  
    51531.5669    94491    East         300       0x105ff       1.2414           -9.920  0.002    0   1   0 139   0   0   1    -99    -99  4954  4.621  13536 1  -9.978  0.002    0   1   0 146   0   0  15    -99    -99  5447  4.833  13536 1  
    51541.5712    94631    West         300       0x105ff       1.2573           -9.942  0.001    0   1   0 135 206   0   4    -99    -99  1774  3.472  13536 1  -9.981  0.001    0   1   0 176   0   0  10    -99    -99  1515  3.503  13536 1  
    51546.5556    94734    East         300       0x105ff       1.2547           -9.899  0.002    0   1   0 253   0   0   1    -99    -99  2468  3.362  13536 1  -9.953  0.002    0   1   0 253   0   0  15    -99    -99  2150  3.086  13536 1  
