!  Star 4.6968.2808                        RA  05 23 28.395   DEC  -68 12 24.48
#  326 observations from the production databases
#  Field inception date: 50235.0833
#  Pixel coordinate system: none
#
#  Template         magnitude        chip coordinates        west-chunk
#     Red:           -11.969         2001.41,  862.96             36
#    Blue:           -12.789         1974.90,  859.59             81
#
!         Date    Obsid    Pier    Exposure     Checklist      Airmass             rMag   rErr  rDS rTF rCP rX2 rMP rCR  rA  rXpix  rYpix  rSky  rFWHM  rTobs r    bMag   bErr  bDS bTF bCP bX2 bMP bCR  bA  bXpix  bYpix  bSky  bFWHM  bTobs b  
    48841.6287      746    West         300       0x101bf       2.2318              -99    -99  999 999 999 999 999 999   5    -99    -99 15421  5.544  15442 0     -99    -99  999 999 999 999 999 999  11    -99    -99 12715  5.672  15442 0  
    48842.6604      784    West         300       0x101bf       1.9477              -99    -99  999 999 999 999 999 999   5    -99    -99 15471  5.644  15442 0     -99    -99  999 999 999 999 999 999  11    -99    -99 14239  5.937  15442 0  
    48843.6243      819    West         300       0x101bf       2.2217              -99    -99  999 999 999 999 999 999  -1    -99    -99   -99    -99      0 0     -99    -99  999 999 999 999 999 999  -1    -99    -99   -99    -99      0 0  
    48850.6506      884    West         300       0x101bf       1.8685              -99    -99  999 999 999 999 999 999   5    -99    -99 14742  4.418  15442 0     -99    -99  999 999 999 999 999 999  -1    -99    -99   -99    -99      0 0  
    48885.7748     1171    West         300       0x101bf       1.1997          -12.259  0.002    0  13 255 253 232   0   5    -99    -99  5505  3.661  15442 1 -13.161  0.002    0  13 255 216 234   0  11    -99    -99  4873  3.927  15442 1  
    48908.5674     1352    West         300       0x101bf       1.5072              -99    -99  999 999 999 999 999 999   5    -99    -99 18627  3.087  15442 0     -99    -99  999 999 999 999 999 999  11    -99    -99 23533  2.647  15442 0  
    48915.7092     1425    West         300       0x101bf       1.1916          -11.937  0.003    0  13   0 131   0   0   5    -99    -99  5026  7.182  15442 1 -14.205  9.999    0  13   0 159   0   0  11    -99    -99  4756  7.609  15442 1  
    48917.6559     1485    West         300       0x101bf       1.2287          -12.221  0.001    0  13 255 231 222   0   5    -99    -99  3867  3.608  15442 1 -13.009  9.999    0  13   0 243 229   0  11    -99    -99  3856  3.563  15442 1  
    48919.6642     1551    West         300       0x101bf       1.2138              -99    -99  999 999 999 999 999 999   5    -99    -99  5892  2.707  15442 0     -99    -99  999 999 999 999 999 999  11    -99    -99  5929  2.765  15442 0  
    48927.6091     1630    West         300       0x101bf       1.2560              -99    -99  999 999 999 999 999 999   5    -99    -99  4497  4.234  15442 0     -99    -99  999 999 999 999 999 999  11    -99    -99  4221  4.196  15442 0  
    48928.6936     1700    West         300       0x101bf       1.1878          -11.960  9.999    0  13   0 169  59  24   5    -99    -99  4122  3.378  15442 1 -12.839  0.001    0  13   0 236   0   0  11    -99    -99  4047  3.539  15442 1  
    48929.5893     1747    West         300       0x101bf       1.2809              -99    -99  999 999 999 999 999 999   5    -99    -99  6419  4.241  15442 0     -99    -99  999 999 999 999 999 999  11    -99    -99  7326  4.232  15442 0  
    48931.5943     1830    West         300       0x101bf       1.2623              -99    -99  999 999 999 999 999 999   5    -99    -99  7801  3.065  15442 0     -99    -99  999 999 999 999 999 999  11    -99    -99 10610  3.152  15442 0  
    48938.6486     1987    West         300       0x101bf       1.1908          -12.207  9.999    0  53   0 178   0   0   5    -99    -99 14079  3.890  15442 1 -13.289  9.999    0  13   0  11 225   0  11    -99    -99 14746  4.044  15442 1  
    48939.7008     2048    West         300       0x101bf       1.1992          -12.497  9.999    0  13   0 253 249   0   5    -99    -99 11784  4.099  15442 1 -13.243  9.999    0  13   0 148 224   0  11    -99    -99 12192  4.068  15442 1  
    48965.6452     2234    West         300       0x101bf       1.2100          -12.593  9.999    0  13   0 169   0   0   5    -99    -99 14948  3.619  15442 1 -13.502  9.999    0  13   0 150   0   0  11    -99    -99 16041  3.606  15442 1  
    48966.6388     2280    West         300       0x101bf       1.2069          -12.835  0.002    0  13   0 203   0   0   5    -99    -99 13012  4.186  15442 1 -13.926  9.999    0  13   0 193   0   0  11    -99    -99 13841  4.574  15442 1  
    48996.6167     2589    West         300       0x101bf       1.2894          -12.213  9.999    0  13   0 167 250   0   5    -99    -99  9680  3.046  15442 1 -13.043  9.999    0  13   0 154 234   0  11    -99    -99 13369  2.939  15442 1  
    49015.6978     3073    East         300       0x101bf       1.7937              -99    -99  999 999 999 999 999 999  -1    -99    -99   -99    -99      0 0 -13.511  0.002    0  13   0 162   0   0  14    -99    -99  1674  3.949  15442 1  
    49045.7098     3851    East         300       0x101bf       2.5999              -99    -99  999 999 999 999 999 999  -1    -99    -99   -99    -99      0 0 -13.787  0.002    0  13   0 235   0   0  14    -99    -99  1652  6.065  15442 1  
    49059.4759     4130    East         300       0x101bf       1.3596              -99    -99  999 999 999 999 999 999  -1    -99    -99   -99    -99      0 0 -13.270  0.002    0  13   0 209   0   0  14    -99    -99  1658  3.596  15442 1  
    49068.4199     4462    East         300       0x101bf       1.2863              -99    -99  999 999 999 999 999 999  -1    -99    -99   -99    -99      0 0 -12.255  0.002    0  13 255 169 253   0  14    -99    -99  1689  2.284  15442 1  
    49094.5297     5318    East         300       0x101bf       2.1398              -99    -99  999 999 999 999 999 999  -1    -99    -99   -99    -99      0 0 -12.986  0.002    0  13   0 174   0   0  14    -99    -99  2165  3.246  15442 1  
    49114.5151     6495    East         300       0x101bf       2.5207              -99    -99  999 999 999 999 999 999  -1    -99    -99   -99    -99      0 0 -14.000  0.005    0  13   0 121   0   0  14    -99    -99 16229  5.027  15442 1  
    49123.5066     6955    East         300       0x101bf       2.6974              -99    -99  999 999 999 999 999 999  -1    -99    -99   -99    -99      0 0 -13.553  0.001    0  13   0 207   0   0  14    -99    -99  2336  4.455  15442 1  
    49126.5027     7276    East         300       0x101bf       2.7522              -99    -99  999 999 999 999 999 999  -1    -99    -99   -99    -99      0 0 -13.140  9.999    0  13   0 197 232   0  14    -99    -99  2284  3.521  15442 1  
    49135.4968     7785    East         300       0x101bf       2.9794              -99    -99  999 999 999 999 999 999  -1    -99    -99   -99    -99      0 0 -13.271  9.999    0  13   0 133   0   0  14    -99    -99  4489  3.797  15442 1  
    49144.4662     8119    East         300       0x101bf       2.9057              -99    -99  999 999 999 999 999 999  -1    -99    -99   -99    -99      0 0 -12.776  0.014    0  13   0 109   0   0  14    -99    -99 14180  8.703  15442 1  
    49164.8446     9124    West         300       0x101bf       1.6065          -11.965  0.003    0  13   0 103   0   0   5    -99    -99 13992  4.832  15442 1 -13.786  0.002    0  13   0 253   0   0  11    -99    -99  5874  5.004  15442 1  
    49184.7993     9921    West         300       0x101bf       1.5631          -12.380  0.001    0  13   0 253   0   0   5    -99    -99  2838  3.513  15442 1 -13.125  9.999    0  13   0 253   0   0  11    -99    -99  2456  3.330  15442 1  
    49189.8163    10270    West         300       0x101bf       1.4419          -12.479  9.999    0  13   0 250 210   0   5    -99    -99  2383  3.628  15442 1 -13.289  9.999    0  13   0 186   0   0  11    -99    -99  2075  3.509  15442 1  
    49208.7556    10961    West         300       0x101bf       1.4772          -11.959  9.999    0  13   0 127   0   0   5    -99    -99 11210  4.691  15442 1 -12.782  9.999    0  13   0  93   0   0  11    -99    -99  9970  4.708  15442 1  
    49215.7722    11331    West         300       0x101bf       1.3624          -11.970  0.003    0  13   0 161   0   0   5    -99    -99  2905  6.017  15442 1 -12.781  9.999    0  13   0 135 141   0  11    -99    -99  2441  6.354  15442 1  
    49222.7303    11805    West         300       0x101bf       1.4312          -12.371  9.999    0  13   0 243   0   0   5    -99    -99  2100  3.545  15442 1 -12.959  9.999    0  13   0 219 218   0  11    -99    -99  2496  3.018  15442 1  
    49255.6751    12269    West         300       0x101bf       1.3323          -12.291  0.001    0  13 255 253 200   0   5    -99    -99  4399  3.208  15442 1 -13.187  0.002    0  13 255 219 219   0  11    -99    -99  4902  3.195  15442 1  
    49260.6228    12526    West         300       0x101bf       1.4451          -12.628  9.999    0  13   0 182 242   0   5    -99    -99 12073  3.664  15442 1 -13.242  9.999    0  13   0 218 234 133  11    -99    -99 22679  3.112  15442 1  
    49268.6639    12718    West         300       0x101bf       1.2798          -12.308  9.999    0  13   0 199   0   0   5    -99    -99  2869  3.345  15442 1 -13.008  9.999    0  13   0 203   0   0  11    -99    -99  3080  3.043  15442 1  
    49273.6607    12893    West         300       0x101bf       1.2612          -12.324  9.999    0  13   0 253 245   0   5    -99    -99  2448  3.261  15442 1 -13.127  0.002    0  13 255 253 232   0  11    -99    -99  2417  3.140  15442 1  
    49283.6682    13109    West         300       0x101bf       1.2153          -12.442  9.999    0  13   0 225   0   0   5    -99    -99  1874  3.454  15442 1 -13.232  9.999    0  13   0 225 226   0  11    -99    -99  2032  3.319  15442 1  
    49291.6175    13359    West         300       0x101bf       1.2514          -12.752  0.002    0  13   0 200   0   0   5    -99    -99 16243  3.999  15442 1 -13.615  9.999    0  13   0 160   0   0  11    -99    -99 16661  3.913  15442 1  
    49307.7272    13495    West         300       0x101bf       1.2287          -12.118  0.001    0  13   0 232   0   0   5    -99    -99  2539  2.917  15442 1 -12.829  0.001    0  13 255 230 235   0  11    -99    -99  1935  2.817  15442 1  
    49313.5861    13703    West         300       0x101bf       1.2153          -12.397  0.002    0  13   0 173   0   0   5    -99    -99  3208  3.588  15442 1 -13.314  9.999    0  13   0 189   0   0  11    -99    -99  3638  3.610  15442 1  
    49376.5901    14057    West         300       0x101bf       1.3167          -11.778  9.999    0  13   0 253 245   0   5    -99    -99  6233  2.406  15442 1 -12.573  9.999    0  13   0 183   0   0  11    -99    -99  6093  2.480  15442 1  
    49386.6664    14378    East         300       0x101bf       1.7019              -99    -99  999 999 999 999 999 999  -1    -99    -99   -99    -99      0 0 -13.387  0.002    0  13   0 210   0   0  14    -99    -99  2808  3.962  15442 1  
    49399.6141    14595    East         300       0x101bf       1.6144              -99    -99  999 999 999 999 999 999  -1    -99    -99   -99    -99      0 0 -13.629  0.002    0  13   0 173   0   0  14    -99    -99  1680  4.147  15442 1  
    49409.7101    14843    East         300       0x100bf       2.5598              -99    -99  999 999 999 999 999 999  -1    -99    -99   -99    -99      0 0 -14.331  9.999    0  13   0 184   0   0  14    -99    -99 31192  4.435  15442 1  
    49424.6274    15197    East         300       0x101bf       2.1593              -99    -99  999 999 999 999 999 999  -1    -99    -99   -99    -99      0 0 -12.771  0.002    0  13   0 171   0   0  14    -99    -99  2691  6.538  15442 1  
    49429.4084    15442    West         300       0x101bf       1.2481              -99    -99  999 999 999 999 999 999   5    -99    -99  3269  2.646  15442 0     -99    -99  999 999 999 999 999 999  11    -99    -99  2934  2.719  15442 0  
    49448.5931    16048    East         300       0x101bf       2.4525              -99    -99  999 999 999 999 999 999  -1    -99    -99   -99    -99      0 0 -12.758  0.006    0  13   0 102   0   0  14    -99    -99  2516  5.990  15442 1  
    49451.6303    16288    East         300       0x101bf       2.9809              -99    -99  999 999 999 999 999 999  -1    -99    -99   -99    -99      0 0 -12.763  0.011    0  13   0 107   0   0  14    -99    -99  3203  3.730  15442 1  
    49467.5894    17007    East         300       0x101bf       3.0117              -99    -99  999 999 999 999 999 999  -1    -99    -99   -99    -99      0 0 -14.477  0.005    0  13   0 118   0   0  14    -99    -99 35880  4.656  15442 1  
    49518.8353    19357    West         300       0x101bf       1.8270          -11.965  0.002    0  13   0 137   0   0   5    -99    -99  7944  5.080  15442 1 -13.618  0.002    0  13   0 147 150   0  11    -99    -99  3995  4.864  15442 1  
    49520.8290    19466    West         300       0x101bf       1.8329          -11.964  0.002    0  13   0 237   0   0   5    -99    -99  3667  7.119  15442 1 -12.765  9.999    0  13   0 153   0   0  11    -99    -99  2718  7.499  15442 1  
    49532.7827    19814    West         300       0x101bf       1.9244          -11.961  9.999    0  13   0 136   0   0   5    -99    -99  8736  3.380  15442 1 -12.774  9.999    0  13   0 149   0   0  11    -99    -99  8545  3.474  15442 1  
    49546.7558    20723    West         300       0x101bf       1.8475          -12.593  0.002    0  13 255 253 234   0   5    -99    -99  2953  4.068  15442 1 -13.383  9.999    0  13   0 154   0   0  11    -99    -99  2423  3.950  15442 1  
    49553.7304    21176    West         300       0x101bf       1.8888          -11.966  0.002    0  13   0 133   0   0   5    -99    -99  9839  4.953  15442 1 -13.806  9.999    0  13   0 126   0   0  11    -99    -99 10028  4.833  15442 1  
    49559.7957    21615    West         300       0x101bf       1.4709          -12.431  0.001    0  13 255 187 220   0   5    -99    -99  4922  3.626  15442 1 -13.339  9.999    0  13   0 147 222   0  11    -99    -99  6827  3.528  15442 1  
    49572.7859    22356    West         300       0x101bb       1.3864          -11.965  0.022    0  13  32  66 163   0   5    -99    -99  2493  4.470  15442 1 -13.738  9.999    0  13   0 199   0   0  11    -99    -99  2054  4.624  15442 1  
    49579.7223    22801    West         300       0x101bf       1.5456          -11.463  0.002    0  13 255 216 253   0   5    -99    -99  3043  2.137  15442 1 -12.121  9.999    0  13   0 227 226   0  11    -99    -99  2565  1.992  15442 1  
    49591.7571    23460    West         300       0x101bf       1.3257          -11.967  9.999    0  13   0 193   0   0   5    -99    -99  3870  4.728  15442 1 -13.790  0.002    0  13   0 253   0   0  11    -99    -99  3913  4.926  15442 1  
    49607.6956    24246    West         300       0x101bf       1.3715          -11.969  0.001    0  13   0 212 163   0   5    -99    -99  2480  3.684  15442 1 -13.281  0.001    0  13   0 209   0   0  11    -99    -99  2615  3.603  15442 1  
    49616.7313    24721    West         300       0x101bf       1.2452          -11.962  9.999    0  13   0 217   0   0   5    -99    -99  5931  5.932  15442 1 -14.158  0.003    0  13   0 123 181   0  11    -99    -99  9501  6.204  15442 1  
    49630.6977    25394    West         300       0x101bf       1.2387          -11.901  9.999    0  13   0 243 239   0   5    -99    -99  2004  2.650  15442 1 -12.701  9.999    0  13   0 195 212   0  11    -99    -99  2087  2.582  15442 1  
    49639.7164    25759    West         300       0x101bf       1.1973          -11.736  9.999    0  13 255 189 245   0   5    -99    -99  1867  2.374  15442 1 -12.414  9.999    0  13   0 203 240   0  11    -99    -99  1858  2.219  15442 1  
    49649.6878    26104    West         300       0x101bf       1.1980          -11.590  0.002    0  13 255 174 240   0   5    -99    -99  4149  2.265  15442 1 -12.219  9.999    0  13   0 159 218   0  11    -99    -99  4162  2.101  15442 1  
    49691.4986    26843    West         300       0x001bf       1.2940          -12.625  0.001    0  13   0 253   0   0   5    -99    -99  1906  3.641  15442 1 -13.109  9.999    0  13   0 253   0   0  11    -99    -99  2385  3.224  15442 1  
    49691.5257    26847    West         300       0x101bf       1.2466          -12.274  0.003    0  13 255 154 246   0   5    -99    -99  1807  3.067  15442 1 -12.930  9.999    0  13   0 253 227   0  11    -99    -99  2131  2.903  15442 1  
    49692.5431    26907    West         300       0x101bf       1.2210          -12.174  0.001    0  13 255 205 229   0   5    -99    -99  1960  2.920  15442 1 -12.956  9.999    0  13   0 190   0   0  11    -99    -99  2157  2.935  15442 1  
    49696.5241    27024    West         300       0x101bf       1.2304          -12.033  0.002    0  13 255 186 233   0   5    -99    -99  2715  2.799  15442 1 -12.830  9.999    0  13   0 225 177   0  11    -99    -99  3971  2.776  15442 1  
    49697.5396    27086    West         300       0x101bf       1.2110          -11.814  9.999    0  13   0 208 253   0   5    -99    -99  3623  2.436  15442 1 -12.398  9.999    0  13   0 220 238   0  11    -99    -99  4860  2.329  15442 1  
    49700.6941    27232    West         300       0x101bf       1.2982          -11.998  9.999    0  13   0 142   0   0   5    -99    -99  2164  7.499  15442 1 -14.260  0.005    0  13   0 146   0   0  11    -99    -99  1946  7.452  15442 1  
    49703.5624    27306    West         300       0x101bf       1.1893          -12.353  0.002    0  13 255 253 225  59   5    -99    -99 20675  3.022  15442 1 -13.252  9.999    0  13   0 160 187   0  11    -99    -99 19074  2.997  15442 1  
    49703.5757    27309    West         300       0x101bf       1.1880          -12.239  0.002    0  13 255 195 230   0   5    -99    -99 13773  3.043  15442 1 -13.239  0.002    0  13 255 216 228   0  11    -99    -99 14519  3.081  15442 1  
    49705.5159    27394    West         300       0x101bf       1.2126          -12.307  0.002    0  13 255 209 226   0   5    -99    -99 10980  3.163  15442 1 -13.155  0.002    0  13 255 253 228   1  11    -99    -99 11708  3.108  15442 1  
    49716.6941    27480    East         300       0x101bf       1.4114              -99    -99  999 999 999 999 999 999  -1    -99    -99   -99    -99      0 0 -13.099  0.002    0  13   0 168   0   0  14    -99    -99  1394  3.277  15442 1  
    49728.6807    27630    East         300       0x101bf       1.4783              -99    -99  999 999 999 999 999 999  -1    -99    -99   -99    -99      0 0 -12.266  9.999    0  13   0 211 244   0  14    -99    -99  1325  2.282  15442 1  
    49740.5303    27826    West         300       0x101bf       1.2156          -12.479  0.001    0  13 255 186 216   0   5    -99    -99  2556  3.477  15442 1 -13.391  9.999    0  13   0 175   0   0  11    -99    -99  1800  3.597  15442 1  
    49751.7611    28243    East         300       0x101bf       2.4330              -99    -99  999 999 999 999 999 999  -1    -99    -99   -99    -99      0 0 -13.675  0.002    0  13   0 142   0   0  14    -99    -99  4245  4.773  15442 1  
    49755.6005    28359    East         300       0x101bf       1.4550              -99    -99  999 999 999 999 999 999  -1    -99    -99   -99    -99      0 0 -12.542  0.002    0  13 255 174 238   0  14    -99    -99  1274  2.564  15442 1  
    49760.6880    28465    East         300       0x101bf       1.9999              -99    -99  999 999 999 999 999 999  -1    -99    -99   -99    -99      0 0 -13.701  0.002    0  13   0 181   0   0  14    -99    -99  5058  4.465  15442 1  
    49765.7688    28604    East         300       0x101bf       2.9639              -99    -99  999 999 999 999 999 999  -1    -99    -99   -99    -99      0 0 -14.297  0.002    0  13   0 148   0   0  14    -99    -99 19511  5.601  15442 1  
    49768.7603    28664    East         300       0x101bf       2.9596              -99    -99  999 999 999 999 999 999  -1    -99    -99   -99    -99      0 0 -13.819  0.003    0  13   0 149   0   0  14    -99    -99  7044  4.731  15442 1  
    49787.6613    28796    East         300       0x101bf       2.4181              -99    -99  999 999 999 999 999 999  -1    -99    -99   -99    -99      0 0 -13.030  0.002    0  13   0 174   0   0  14    -99    -99  1743  3.415  15442 1  
    49789.6661    28921    East         300       0x101bf       2.5256              -99    -99  999 999 999 999 999 999  -1    -99    -99   -99    -99      0 0 -13.473  0.002    0  13   0 146   0   0  14    -99    -99  6778  4.097  15442 1  
    49791.6483    29013    East         300       0x101bf       2.3977              -99    -99  999 999 999 999 999 999  -1    -99    -99   -99    -99      0 0 -14.198  0.006    0  13   0 107   0   0  14    -99    -99 19589  5.513  15442 1  
    49795.6869    29146    East         300       0x101bf       2.9635              -99    -99  999 999 999 999 999 999  -1    -99    -99   -99    -99      0 0 -13.331  9.999    0  13   0 117   0   0  14    -99    -99 14310  3.673  15442 1  
    49799.6758    29306    East         300       0x101bf       2.9607              -99    -99  999 999 999 999 999 999  -1    -99    -99   -99    -99      0 0 -12.809  9.999    0  13 255 191 167   0  14    -99    -99  3913  6.577  15442 1  
    49802.6136    29482    East         300       0x101bf       2.3503              -99    -99  999 999 999 999 999 999  -1    -99    -99   -99    -99      0 0 -12.888  0.002    0  13 255 243 222   0  14    -99    -99  1979  3.190  15442 1  
    49805.6351    29586    East         300       0x101af       2.6679              -99    -99  999 999 999 999 999 999  -1    -99    -99   -99    -99      0 0 -13.134  0.001    0  13   0 228   0   0  14    -99    -99  2073  3.724  15442 1  
    49807.6237    29695    East         300       0x101bf       2.6014              -99    -99  999 999 999 999 999 999  -1    -99    -99   -99    -99      0 0 -13.704  0.004    0  13   0 117   0   0  14    -99    -99  1986  6.126  15442 1  
    49809.4651    29809    East         300       0x101bf       1.5002              -99    -99  999 999 999 999 999 999  -1    -99    -99   -99    -99      0 0 -13.131  0.002    0  13   0 190   0   0  14    -99    -99  1395  3.490  15442 1  
    49818.6254    30073    East         300       0x101af       2.9797              -99    -99  999 999 999 999 999 999  -1    -99    -99   -99    -99      0 0 -13.651  0.004    0  13   0 134   0   0  14    -99    -99  9816  4.669  15442 1  
    49832.5654    30588    East         300       0x101bf       2.7143              -99    -99  999 999 999 999 999 999  -1    -99    -99   -99    -99      0 0 -12.659  0.002    0  13 255 242 233   0  14    -99    -99  2149  2.827  15442 1  
    49873.4747    31564    East         300       0x101bf       2.9748              -99    -99  999 999 999 999 999 999  -1    -99    -99   -99    -99      0 0 -13.319  9.999    0  13   0 163   0   0  14    -99    -99  3731  4.355  15442 1  
    49927.7527    33627    West         300       0x101af       1.6210          -11.975  9.999    0  13   0  99   0   0   5    -99    -99  3852  4.261  15442 1 -12.807  9.999    0  13   0 111   0   0  11    -99    -99  2855  4.384  15442 1  
    49933.7289    34024    West         300       0x101bf       1.6579          -12.218  0.001    0  13   0 253   0   0   5    -99    -99  2178  3.135  15442 1 -12.867  9.999    0  13   0 206 229   0  11    -99    -99  1739  3.155  15442 1  
    49936.7068    34176    West         300       0x101bf       1.7331          -12.610  0.002    0  13   0 170   0   0   5    -99    -99  5757  4.008  15442 1 -13.379  9.999    0  13   0 147   0   0  11    -99    -99  5451  4.103  15442 1  
    49939.6187    34487    West         300       0x101bf       2.3395          -12.527  0.002    0  13   0 177   0   0   5    -99    -99 18556  3.390  15442 1 -13.257  0.002    0  13   0 120   0   0  11    -99    -99 27441  3.324  15442 1  
    49942.6637    34791    West         300       0x101bf       1.9006          -11.893  0.001    0  13   0 253   0   0   5    -99    -99  5825  2.592  15442 1 -12.577  0.002    0  13 255 159 207   0  11    -99    -99  9855  2.496  15442 1  
    49944.6869    35003    West         300       0x101bf       1.7228          -12.134  0.001    0  13 255 222 202   0   5    -99    -99  3951  3.089  15442 1 -12.802  0.002    0  13   0 146   0   0  11    -99    -99  5306  3.085  15442 1  
    49946.7136    35122    West         300       0x101bf       1.5621          -11.975  0.002    0  13   0 191 185   0   5    -99    -99  2873  5.289  15442 1 -13.543  9.999    0  13   0 183   0   0  11    -99    -99  2939  5.013  15442 1  
    49948.7073    35307    West         300       0x101bf       1.5657          -11.962  0.002    0  13   0 154   0   0   5    -99    -99  2709  5.370  15442 1 -13.567  0.002    0  13   0 126   0   0  11    -99    -99  2243  5.450  15442 1  
    49952.6650    35550    West         300       0x101bf       1.7228          -11.998  0.001    0  13   0 251   0   0   5    -99    -99  2586  2.857  15442 1 -12.664  9.999    0  13   0 165   0   0  11    -99    -99  2438  2.824  15442 1  
    49955.7522    35774    West         300       0x101bf       1.3459          -11.963  0.002    0  13   0 146   0   0   5    -99    -99  2465  5.319  15442 1 -13.531  9.999    0  13   0 111 179   0  11    -99    -99  2035  5.568  15442 1  
    49957.7821    35909    West         300       0x101bf       1.2700          -11.724  9.999    0  13   0 253 104   0   5    -99    -99  2031  2.441  15442 1 -12.382  9.999    0  13   0 253  52   0  11    -99    -99  1892  2.395  15442 1  
    49961.7813    36063    West         300       0x101bf       1.2531          -11.977  9.999    0  13   0 214 239   0   5    -99    -99  2137  3.348  15442 1 -12.997  0.002    0  13   0 213   0   0  11    -99    -99  1816  3.262  15442 1  
    49966.6462    36209    West         300       0x101bf       1.6209          -12.270  0.001    0  13   0 171   0   0   5    -99    -99  6093  3.361  15442 1 -13.037  9.999    0  13   0 163 171   0  11    -99    -99  8761  3.320  15442 1  
    49970.7348    36411    West         300       0x101bf       1.2923          -11.967  9.999    0  13   0 253   0   0   5    -99    -99  6242  2.726  15442 1 -12.833  9.999    0  13   0 201 205   0  11    -99    -99 10651  2.821  15442 1  
    49982.5852    36801    West         300       0x101bf       1.7112          -12.308  0.001    0  13   0 235   0   0   5    -99    -99  2490  3.232  15442 1 -12.943  0.001    0  13   0 222   0   0  11    -99    -99  2427  2.948  15442 1  
    49987.6197    36951    West         300       0x101bf       1.4883          -11.606  9.999    0  13   0 207   0   0   5    -99    -99  2375  2.228  15442 1 -12.319  9.999    0  13   0 244 246   0  11    -99    -99  2501  2.174  15442 1  
    49996.7562    37210    West         300       0x101bf       1.1902          -12.142  0.001    0  13   0 253   0   0   5    -99    -99  3817  3.023  15442 1 -13.034  9.999    0  13   0 174  85   0  11    -99    -99  4488  3.109  15442 1  
    50007.7509    37627    West         300       0x101bf       1.1888          -11.976  0.002    0  13   0 147   0   0   5    -99    -99  2443  6.705  15442 1 -14.282  9.999    0  13   0 126   0   0  11    -99    -99  2591  6.863  15442 1  
    50022.6545    37861    West         300       0x101bf       1.2065          -12.885  9.999    0  13   0 160   0   0   5    -99    -99  2176  4.607  15442 1 -13.772  9.999    0  13   0 137 186   0  11    -99    -99  2673  4.516  15442 1  
    50038.6910    38095    West         300       0x101bf       1.1975          -12.118  9.999    0  13   0 184 240   0   5    -99    -99  2673  2.883  15442 1 -12.919  9.999    0  13   0 209 206   0  11    -99    -99  2384  2.897  15442 1  
    50061.6511    38474    West         300       0x101bf       1.2154          -12.787  9.999    0  13   0 169   0   0   5    -99    -99  5323  4.155  15442 1 -13.726  9.999    0  13   0 206 224   0  11    -99    -99  5956  4.167  15442 1  
    50102.6509    39115    East         300       0x100af       1.4573              -99    -99  999 999 999 999 999 999  -1    -99    -99   -99    -99      0 0     -99    -99  999 999 999 999 999 999  -1    -99    -99   -99    -99      0 0  
    50125.7129    39528    East         300       0x101bf       2.1998              -99    -99  999 999 999 999 999 999  -1    -99    -99   -99    -99      0 0 -13.602  0.003    0  13   0 115   0   0  14    -99    -99  3970  5.121  15442 1  
    50154.6285    40292    East         300       0x100bf       2.1549              -99    -99  999 999 999 999 999 999  -1    -99    -99   -99    -99      0 0 -12.472  0.002    0  13 255 253 252   0  14    -99    -99  3076  2.557  15442 1  
    50172.6427    40939    East         300       0x101bf       2.8135              -99    -99  999 999 999 999 999 999  -1    -99    -99   -99    -99      0 0 -12.765  0.008    0  13   0 112   0   0  14    -99    -99  7259  7.232  15442 1  
    50219.5065    43002    East         300       0x101bf       2.7204              -99    -99  999 999 999 999 999 999  -1    -99    -99   -99    -99      0 0 -13.434  0.001    0  13 255 248 217   0  14    -99    -99  2019  4.427  15442 1  
    50233.4404    44150    East         300       0x001bf       2.4155              -99    -99  999 999 999 999 999 999  -1    -99    -99   -99    -99      0 0 -13.203  0.003    0  13   0 141   0   0  14    -99    -99 14313  3.492  15442 1  
    50277.8434    46380    West         300       0x101bf       1.4239          -12.574  0.001    0  13   0 144   0   0   5    -99    -99  5324  3.904  15442 1 -13.520  9.999    0  13   0 142   0   0  11    -99    -99  7606  3.910  15442 1  
    50364.6023    49261    West         300       0x101bf       1.4360          -11.973  9.999    0  13   0 218 201   0   5    -99    -99  2199  2.739  15442 1 -12.553  9.999    0  13   0  45 239   0  11    -99    -99  2475  2.467  15442 1  
    50364.7212    49285    West         300       0x101bf       1.2038          -11.977  0.002    0  53   0 128   0   0   5    -99    -99  2968  4.102  15442 1 -13.428  9.999    0  13   0 131   0   0  11    -99    -99  3014  4.059  15442 1  
    50371.7324    49649    West         300       0x101bf       1.1892          -11.980  0.002    0  13   0 195   0   0   5    -99    -99  3895  3.152  15442 1 -12.818  0.002    0  13   0 181 151   0  11    -99    -99  3977  3.017  15442 1  
    50385.7582    50052    West         300       0x101bf       1.2101          -13.165  9.999    0  13 255 214   0   0   5    -99    -99 18013  4.679  15442 1 -13.936  0.001    0  13   0 209   0   0  11    -99    -99 16994  4.329  15442 1  
    50397.7449    50331    West         300       0x101ff       1.2308          -12.836  0.001    0  13   0 183   0   0   5    -99    -99  5685  4.517  15442 1 -13.792  0.001    0  13   0 231   0   0  11    -99    -99  6254  4.588  15442 1  
    50409.6833    50668    West         300       0x101ff       1.2027          -12.447  0.001    0  13 255 186 188   0   5    -99    -99  4902  3.389  15442 1 -13.228  0.001    0  13 255 196 221   0  11    -99    -99  6644  3.330  15442 1  
    50419.7254    51006    West         300       0x101ff       1.2979          -12.053  0.002    0  13 255 161 241   0   5    -99    -99  4289  2.837  15442 1 -12.951  0.002    0  13   0 123   0   0  11    -99    -99  3921  2.946  15442 1  
    50431.7335    51388    East         300       0x101ff       1.4025              -99    -99  999 999 999 999 999 999  -1    -99    -99   -99    -99      0 0 -12.821  0.002    0  13   0 226   0   0  14    -99    -99  7180  2.353  15442 1  
    50440.6491    51720    East         300       0x101ff       1.2618              -99    -99  999 999 999 999 999 999  -1    -99    -99   -99    -99      0 0 -14.077  9.999    0  13   0 161   0   0  14    -99    -99  9057  5.658  15442 1  
    50455.6208    52121    East         300       0x001bf       1.2847              -99    -99  999 999 999 999 999 999  -1    -99    -99   -99    -99      0 0 -13.238  0.002    0  13   0 134   0   0  14    -99    -99  1247  3.637  15442 1  
    50467.7225    52466    East         300       0x101ff       1.7960              -99    -99  999 999 999 999 999 999  -1    -99    -99   -99    -99      0 0 -12.773  0.001    0  13 255 253 227   0  14    -99    -99  1497  2.977  15442 1  
    50480.5853    52738    East         300       0x101ff       1.3609              -99    -99  999 999 999 999 999 999  -1    -99    -99   -99    -99      0 0 -12.931  0.001    0  13 255 253 197   0  14    -99    -99  1513  3.314  15442 1  
    50485.6458    52874    East         300       0x000ff       1.6421              -99    -99  999 999 999 999 999 999  -1    -99    -99   -99    -99      0 0 -12.585  0.002    0  13 255 253 226   0  14    -99    -99  1674  2.719  15442 1  
    50492.6980    53008    East         300       0x000af       2.1129              -99    -99  999 999 999 999 999 999  -1    -99    -99   -99    -99      0 0     -99    -99  999 999 999 999 999 999  -1    -99    -99   -99    -99      0 0  
    50494.7064    53092    East         300       0x101ff       2.2341              -99    -99  999 999 999 999 999 999  -1    -99    -99   -99    -99      0 0 -13.663  0.002    0  13   0 223   0   0  14    -99    -99  1660  5.225  15442 1  
    50497.5397    53219    East         300       0x101ff       1.3632              -99    -99  999 999 999 999 999 999  -1    -99    -99   -99    -99      0 0 -12.898  0.002    0  13 255 253 229   0  14    -99    -99  6074  3.039  15442 1  
    50501.6994    53369    East         300       0x101ff       2.3492              -99    -99  999 999 999 999 999 999  -1    -99    -99   -99    -99      0 0     -99    -99  999 999 999 999 999 999  14    -99    -99 32960  4.382  15442 0  
    50507.7293    53489    East         300       0x101ff       2.8628              -99    -99  999 999 999 999 999 999  -1    -99    -99   -99    -99      0 0 -13.675  9.999    0  13   0 129   0   0  14    -99    -99  5797  4.873  15442 1  
    50518.5789    53670    East         300       0x101ff       1.7700              -99    -99  999 999 999 999 999 999  -1    -99    -99   -99    -99      0 0 -12.979  9.999    0  13   0 146   0   0  14    -99    -99  1306  3.356  15442 1  
    50521.5476    53846    East         300       0x101ff       1.6425              -99    -99  999 999 999 999 999 999  -1    -99    -99   -99    -99      0 0 -13.411  0.001    0  13   0 253   0   0  14    -99    -99  1287  4.299  15442 1  
    50525.5772    54031    East         300       0x101ff       1.8811              -99    -99  999 999 999 999 999 999  -1    -99    -99   -99    -99      0 0 -13.072  0.001    0  13 255 253 215   0  14    -99    -99  4168  3.459  15442 1  
    50529.5660    54241    East         300       0x101ff       1.8791              -99    -99  999 999 999 999 999 999  -1    -99    -99   -99    -99      0 0 -13.124  9.999    0  13   0 199 238   0  14    -99    -99 16699  3.220  15442 1  
    50532.5127    54405    East         300       0x101ff       1.6185              -99    -99  999 999 999 999 999 999  -1    -99    -99   -99    -99      0 0 -13.307  0.004    0  13   0 133   0   0  14    -99    -99 16850  3.668  15442 1  
    50534.6443    54559    East         300       0x101ff       2.7268              -99    -99  999 999 999 999 999 999  -1    -99    -99   -99    -99      0 0 -12.772  0.003    0  13   0 159   0   0  14    -99    -99 13337  5.603  15442 1  
    50539.6187    54753    East         300       0x101ff       2.5896              -99    -99  999 999 999 999 999 999  -1    -99    -99   -99    -99      0 0 -13.031  0.002    0  13   0 193   0   0  14    -99    -99  2340  3.460  15442 1  
    50542.5632    54900    East         300       0x101ff       2.1268              -99    -99  999 999 999 999 999 999  -1    -99    -99   -99    -99      0 0 -13.688  0.003    0  13   0 122   0   0  14    -99    -99  1591  5.046  15442 1  
    50545.5795    55151    East         300       0x101ff       2.3515              -99    -99  999 999 999 999 999 999  -1    -99    -99   -99    -99      0 0 -12.768  0.002    0  13   0 192   0   0  14    -99    -99  1859  7.268  15442 1  
    50548.4658    55418    East         300       0x101ff       1.6033              -99    -99  999 999 999 999 999 999  -1    -99    -99   -99    -99      0 0 -13.290  0.001    0  13   0 250   0   0  14    -99    -99  1845  4.227  15442 1  
    50552.5484    55640    East         300       0x101ff       2.2384              -99    -99  999 999 999 999 999 999  -1    -99    -99   -99    -99      0 0 -12.778  0.003    0  13   0 150   0   0  14    -99    -99  2305  3.844  15442 1  
    50554.5892    55748    East         300       0x101bf       2.7206              -99    -99  999 999 999 999 999 999  -1    -99    -99   -99    -99      0 0 -13.400  9.999    0  13   0 181   0   0  14    -99    -99  5199  4.724  15442 1  
    50563.4432    56004    East         300       0x101ff       1.6970              -99    -99  999 999 999 999 999 999  -1    -99    -99   -99    -99      0 0 -12.974  0.001    0  13 255 253 199   0  14    -99    -99  6381  3.269  15442 1  
    50566.4828    56271    East         300       0x101ff       2.0084              -99    -99  999 999 999 999 999 999  -1    -99    -99   -99    -99      0 0 -13.166  0.001    0  13   0 253   0   0  14    -99    -99  1826  3.757  15442 1  
    50572.4955    56730    East         300       0x101ff       2.2542              -99    -99  999 999 999 999 999 999  -1    -99    -99   -99    -99      0 0 -12.650  0.001    0  13 255 253 227   0  14    -99    -99  1798  2.843  15442 1  
    50577.4407    56980    East         300       0x101ff       1.9192              -99    -99  999 999 999 999 999 999  -1    -99    -99   -99    -99      0 0 -12.769  0.002    0  13   0 196   0   0  14    -99    -99  2239  6.370  15442 1  
    50580.4579    57212    East         300       0x00137       2.1150              -99    -99  999 999 999 999 999 999  -1    -99    -99   -99    -99      0 0 -13.164  0.001    0  13 255 253 239   0  14    -99    -99  2043  3.655  15442 1  
    50593.3708    57470    East         300       0x101ff       1.7506              -99    -99  999 999 999 999 999 999  -1    -99    -99   -99    -99      0 0 -13.872  0.001    0  13   0 243   0   0  14    -99    -99  1368  5.765  15442 1  
    50600.3963    57953    East         300       0x101ff       2.0578              -99    -99  999 999 999 999 999 999  -1    -99    -99   -99    -99      0 0 -12.773  0.001    0  13 255 253 226   0  14    -99    -99  2045  3.021  15442 1  
    50605.8298    58396    West         300       0x101ff       2.0357          -11.973  0.002    0  13   0 151   0   0   5    -99    -99  2886  5.248  15442 1 -13.792  9.999    0  13   0 159   0   0  11    -99    -99  2731  5.272  15442 1  
    50610.3898    58749    East         300       0x101ff       2.2354              -99    -99  999 999 999 999 999 999  -1    -99    -99   -99    -99      0 0 -12.774  0.003    0  13   0 193   0   0  14    -99    -99  4407  4.507  15442 1  
    50614.8317    59066    West         300       0x1017f       1.8458          -11.972  0.002    0  13   0 143   0   0   5    -99    -99  3141  5.799  15442 1 -13.966  9.999    0  13   0 229   0   0  11    -99    -99  2795  5.663  15442 1  
    50619.7442    59501    West         200       0x101ff       2.4668          -11.954  0.002    0  13   0 179   0   0   5    -99    -99 12945  3.573  15442 1 -13.383  0.003    0  13   0 199   0   0  11    -99    -99 14443  3.758  15442 1  
    50631.7608    59954    West         300       0x101ff       2.0201          -11.966  9.999    0  13   0 218   0   0   5    -99    -99  2857  5.439  15442 1 -13.915  0.002    0  13   0 193   0   0  11    -99    -99  2323  5.602  15442 1  
    50647.7633    61012    West         300       0x101ff       1.7150          -12.285  0.001    0  13   0 227   0   0   5    -99    -99  8584  3.141  15442 1 -13.077  0.001    0  13   0 221   0   0  11    -99    -99  9646  3.028  15442 1  
    50652.6647    61491    West         300       0x101ff       2.3597          -12.187  0.001    0  13   0 224   0   0   5    -99    -99  6420  3.018  15442 1 -12.920  9.999    0  13   0 196 207   0  11    -99    -99 11198  2.788  15442 1  
    50657.8215    61760    West         300       0x101ff       1.3682          -11.865  0.002    0  13 255 216 252   0   5    -99    -99  2729  2.559  15442 1 -12.464  9.999    0  13   0 144   0   0  11    -99    -99  2377  2.360  15442 1  
    50660.7947    62061    West         300       0x101ff       1.4248          -11.964  0.002    0  13   0 137   0   0   5    -99    -99  3044  4.543  15442 1 -13.765  9.999    0  13   0 162   0   0  11    -99    -99  2197  4.605  15442 1  
    50662.8058    62255    West         300       0x000bf       1.3741          -11.966  9.999    0  13   0 228   0   0   5    -99    -99  2274  3.972  15442 1 -13.501  9.999    0  13   0 147   0   0  11    -99    -99  2104  3.986  15442 1  
    50670.6759    62686    West         300       0x101ff       1.8650          -11.973  0.002    0  13   0 127   0   0   5    -99    -99  3230  4.537  15442 1 -13.657  0.001    0  13   0 190   0   0  11    -99    -99  2354  4.482  15442 1  
    50674.7759    62925    West         300       0x101ff       1.3660          -12.536  0.001    0  13   0 146   0   0   5    -99    -99  2254  3.899  15442 1 -13.469  0.002    0  13   0 169 225   0  11    -99    -99  2067  3.924  15442 1  
    50678.6861    63207    West         300       0x101ff       1.6749          -12.904  0.002    0  13   0 222   0   0   5    -99    -99 12870  4.359  15442 1 -14.083  0.002    0  13   0 211   0   0  11    -99    -99 25290  4.819  15442 1  
    50680.6876    63411    West         300       0x101ff       1.6392          -12.121  0.002    0  13 255 199 242   0   5    -99    -99  6638  2.862  15442 1 -13.128  9.999    0  13   0 243 244   0  11    -99    -99 12631  3.016  15442 1  
    50682.6470    63613    West         300       0x101ff       1.8395          -11.965  9.999    0  13   0 220   0   0   5    -99    -99  5578  4.855  15442 1 -13.860  0.004    0  13   0 113   0   0  11    -99    -99  7199  4.911  15442 1  
    50684.8005    63770    West         300       0x101ff       1.2549          -11.965  9.999    0  13   0 222 152   0   5    -99    -99  3394  5.795  15442 1 -13.969  0.002    0  13   0 119   0   0  11    -99    -99  3150  5.830  15442 1  
    50689.7484    64025    West         300       0x101ff       1.3312          -11.743  0.001    0  13   0 253   0   0   5    -99    -99  2349  2.519  15442 1 -12.495  0.002    0  13 255 167 240   0  11    -99    -99  2218  2.350  15442 1  
    50701.7418    64218    West         300       0x101ff       1.2759          -11.928  9.999    0  13   0 225   0   0   5    -99    -99  2533  2.737  15442 1 -12.750  9.999    0  13   0 159   0   0  11    -99    -99  2237  2.724  15442 1  
    50704.7258    64349    West         300       0x101ff       1.2906          -11.852  9.999    0  13   0 253   0   0   5    -99    -99  4010  2.549  15442 1 -12.295  9.999    0  13   0 216   0   0  11    -99    -99  4451  2.140  15442 1  
    50715.6374    64539    West         300       0x101ff       1.4487          -11.965  0.001    0  13   0 139   0   0   5    -99    -99  2154  4.360  15442 1 -13.689  0.003    0  13   0  83   0   0  11    -99    -99  1982  4.436  15442 1  
    50718.5361    64660    West         300       0x101fb       1.9254          -11.955  0.001    0  13   0 198   0   0   5    -99    -99  3338  4.330  15442 1 -13.600  0.003    0  13   0 126   0   0  11    -99    -99  3002  4.514  15442 1  
    50719.6786    64755    West         300       0x101ff       1.3037          -12.370  0.001    0  13   0 192   0   0   5    -99    -99  1881  3.446  15442 1 -13.203  0.002    0  13   0 122   0   0  11    -99    -99  2159  3.386  15442 1  
    50721.5922    64902    West         300       0x101ff       1.5616          -11.393  0.001    0  13   0 253 120  75   5    -99    -99  2119  2.115  15442 1 -12.146  9.999    0  13   0 253 246   0  11    -99    -99  2454  2.019  15442 1  
    50722.7329    65000    West         300       0x101ff       1.2104          -11.963  0.001    0  53   0 189   0   0   5    -99    -99  2123  3.619  15442 1 -13.079  0.002    0  13   0 179   0   0  11    -99    -99  2204  3.656  15442 1  
    50725.5355    65137    West         300       0x101ff       1.8026          -11.968  0.002    0  13   0 183   0   0   5    -99    -99  3659  3.188  15442 1 -13.044  0.002    0  13   0 122   0   0  11    -99    -99  3439  3.236  15442 1  
    50730.6154    65294    West         300       0x101ff       1.3877          -11.254  0.001    0  13 255 253 228  15   5    -99    -99  2367  1.913  15442 1 -11.751  0.002    0  13 255 148 250   0  11    -99    -99  2734  1.707  15442 1  
    50731.7345    65374    West         300       0x101ff       1.1931          -11.965  0.001    0  53   0 253   0   0   5    -99    -99  1612  4.559  15442 1 -13.442  9.999    0  13   0 143 173   0  11    -99    -99  1718  4.715  15442 1  
    50733.5987    65487    West         300       0x101ff       1.4140          -11.984  0.001    0  13   0 188   0   0   5    -99    -99  4657  3.929  15442 1 -13.534  0.003    0  13   0 106   0   0  11    -99    -99  7647  3.801  15442 1  
    50734.6949    65573    West         300       0x101ff       1.2153              -99    -99  999 999 999 999 999 999   5    -99    -99  4719  4.130  15442 0 -13.709  0.002    0  13   0 216   0   0  11    -99    -99  7957  4.268  15442 1  
    50736.5694    65691    West         300       0x101ff       1.4876          -12.243  0.002    0  13 255 194 244   0   5    -99    -99 12204  2.928  15442 1 -13.117  0.002    0  13   0 128   0   0  11    -99    -99 21551  2.789  15442 1  
    50737.6364    65778    West         300       0x101ff       1.2896          -11.965  0.002    0  53   0 172   0   0   5    -99    -99 11520  4.787  15442 1 -14.068  0.002    0  13   0 183   0   0  11    -99    -99 17684  5.031  15442 1  
    50740.7032    65905    West         300       0x1017f       1.1964          -12.393  0.001    0  53   0 176   0   0   5    -99    -99  4773  3.451  15442 1 -13.320  0.003    0  13   0 111   0   0  11    -99    -99  5071  3.485  15442 1  
    50743.5161    66038    West         300       0x101ff       1.6366          -11.954  0.002    0  13 255 209 229   0   5    -99    -99  2896  2.825  15442 1 -12.818  0.002    0  13   0 138   0   0  11    -99    -99  2992  2.819  15442 1  
    50744.7104    66147    West         300       0x101ff       1.1893          -11.817  0.001    0  53 255 253 215   0   5    -99    -99  2480  2.519  15442 1 -12.311  9.999    0  13   0 253 159   0  11    -99    -99  2470  2.559  15442 1  
    50746.5968    66260    West         300       0x101ff       1.3219          -12.141  0.001    0  13   0 199   0   0   5    -99    -99  2185  3.112  15442 1 -12.875  9.999    0  13   0 173   0   0  11    -99    -99  2424  2.912  15442 1  
    50748.6082    66341    West         300       0x101ff       1.2860          -11.965  0.001    0  13   0 226   0   0   5    -99    -99  1956  3.460  15442 1 -13.256  9.999    0  13   0 192   0   0  11    -99    -99  2159  3.508  15442 1  
    50767.5538    66466    West         300       0x101bf       1.2910          -12.129  0.002    0  13 255 253 236   0   5    -99    -99 10888  2.723  15442 1 -12.776  9.999    0  13   0 195 252   0  11    -99    -99 12040  2.659  15442 1  
    50770.4753    66588    West         300       0x101bf       1.4923          -12.283  0.002    0  13 255 253 251   0   5    -99    -99  2867  3.225  15442 1 -13.057  0.001    0  13   0 191   0   0  11    -99    -99  2638  3.058  15442 1  
    50771.7121    66684    West         300       0x101bf       1.2204          -12.185  9.999    0  13   0 253 242   0   5    -99    -99  3499  2.927  15442 1 -12.921  0.002    0  13 255 213 244   0  11    -99    -99  3912  2.921  15442 1  
    50776.5032    66798    West         300       0x101bf       1.3508          -12.690  0.001    0  13   0 253   0   0   5    -99    -99  2248  3.983  15442 1 -13.525  9.999    0  13   0 219   0   0  11    -99    -99  2537  3.808  15442 1  
    50779.6883    66921    West         300       0x101bb       1.2182          -12.315  0.001    0  13   0 253 140  85   5    -99    -99  2259  3.195  15442 1 -13.158  9.999    0  13   0 213 239   0  11    -99    -99  2006  3.238  15442 1  
    50785.6745    67022    West         300       0x101ff       1.2211          -11.971  9.999    0  13   0  66   0   0   5    -99    -99  2449  3.635  15442 1 -13.417  0.001    0  13   0 253   0   0  11    -99    -99  2137  3.902  15442 1  
    50796.5447    67139    West         300       0x101ff       1.1996          -12.057  0.002    0  13 255 215 235   0   5    -99    -99 13571  2.622  15442 1 -12.560  0.002    0  13 255 177 249   0  11    -99    -99 12984  2.428  15442 1  
    50802.5273    67297    West         300       0x101fb       1.2003          -12.365  0.001    0  13 255 237 191   0   5    -99    -99  2334  3.318  15442 1 -13.237  0.001    0  13 255 253 200   0  11    -99    -99  2113  3.281  15442 1  
    50804.5843    67401    West         300       0x101ff       1.1925          -12.190  9.999    0  13   0 205 240   0   5    -99    -99  2532  3.024  15442 1 -13.120  0.001    0  13 255 253 224   0  11    -99    -99  2049  3.179  15442 1  
    50809.4516    67509    West         300       0x101ff       1.2673          -12.742  0.001    0  13   0 209   0   0   5    -99    -99  3425  3.922  15442 1 -13.460  9.999    0  13   0 253   0   0  11    -99    -99  3288  3.750  15442 1  
    50812.6206    67618    West         300       0x101ff       1.2467          -12.100  9.999    0  13   0 183   0   0   5    -99    -99  2379  2.913  15442 1 -12.956  9.999    0  13   0 168   0   0  11    -99    -99  2339  2.934  15442 1  
    50818.7181    67736    East         300       0x101ff       1.5689              -99    -99  999 999 999 999 999 999  -1    -99    -99   -99    -99      0 0 -13.206  0.001    0  13   0 253 203   0  14    -99    -99  1562  3.597  15442 1  
    50830.6145    67855    East         300       0x101ff       1.3303              -99    -99  999 999 999 999 999 999  -1    -99    -99   -99    -99      0 0 -13.717  0.002    0  13   0 212   0   0  14    -99    -99  4750  4.626  15442 1  
    50834.6566    67956    East         300       0x101ff       1.4955              -99    -99  999 999 999 999 999 999  -1    -99    -99   -99    -99      0 0 -13.079  9.999    0  13   0 232 230   0  14    -99    -99  2069  3.508  15442 1  
    50836.6923    68058    East         300       0x001ff       1.6841              -99    -99  999 999 999 999 999 999  -1    -99    -99   -99    -99      0 0 -13.454  0.001    0  13   0 253   0   0  14    -99    -99  1713  4.705  15442 1  
    50840.6692    68160    East         300       0x101ff       1.6216              -99    -99  999 999 999 999 999 999  -1    -99    -99   -99    -99      0 0 -12.844  0.002    0  13   0 211   0   0  14    -99    -99  1347  3.069  15442 1  
    50842.7410    68277    East         300       0x101ff       2.1277              -99    -99  999 999 999 999 999 999  -1    -99    -99   -99    -99      0 0 -13.279  0.002    0  13   0 173   0   0  14    -99    -99  1753  4.150  15442 1  
    50845.6896    68379    East         300       0x101ff       1.8108              -99    -99  999 999 999 999 999 999  -1    -99    -99   -99    -99      0 0 -13.059  0.002    0  13   0 191   0   0  14    -99    -99  1553  3.521  15442 1  
    50856.6834    68523    East         300       0x101ff       1.9742              -99    -99  999 999 999 999 999 999  -1    -99    -99   -99    -99      0 0 -13.140  9.999    0  13   0 219 241   0  14    -99    -99 16409  3.336  15442 1  
    50860.6381    68619    East         300       0x101ff       1.7477              -99    -99  999 999 999 999 999 999  -1    -99    -99   -99    -99      0 0 -13.888  0.003    0  13   0 144   0   0  14    -99    -99  4974  5.146  15442 1  
    50862.6155    68743    East         300       0x101ff       1.6536              -99    -99  999 999 999 999 999 999  -1    -99    -99   -99    -99      0 0 -13.061  0.002    0  13   0 171   0   0  14    -99    -99  2736  3.350  15442 1  
    50863.7599    68828    East         300       0x1017f       2.9326              -99    -99  999 999 999 999 999 999  -1    -99    -99   -99    -99      0 0 -12.748  0.009    0  13   0  99   0   0  14    -99    -99  4742  7.337  15442 1  
    50866.4739    68953    East         300       0x101ff       1.2480              -99    -99  999 999 999 999 999 999  -1    -99    -99   -99    -99      0 0 -13.222  9.999    0  13   0 172   0   0  14    -99    -99  1693  3.668  15442 1  
    50868.6309    69093    East         300       0x101ff       1.8380              -99    -99  999 999 999 999 999 999  -1    -99    -99   -99    -99      0 0 -12.576  9.999    0  13   0 208 247   0  14    -99    -99  1563  2.688  15442 1  
    50870.6658    69242    East         300       0x101ff       2.1383              -99    -99  999 999 999 999 999 999  -1    -99    -99   -99    -99      0 0 -12.737  9.999    0  13   0 190   0   0  14    -99    -99  1895  3.953  15442 1  
    50875.5170    69377    East         300       0x1017b       1.4000              -99    -99  999 999 999 999 999 999  -1    -99    -99   -99    -99      0 0 -13.243  0.002    0  13   0 228   0   0  14    -99    -99  1733  3.617  15442 1  
    50879.5295    69499    East         300       0x101ff       1.4795              -99    -99  999 999 999 999 999 999  -1    -99    -99   -99    -99      0 0 -13.416  0.002    0  13   0 148   0   0  14    -99    -99  3574  4.101  15442 1  
    50881.5553    69603    East         300       0x101ff       1.6130              -99    -99  999 999 999 999 999 999  -1    -99    -99   -99    -99      0 0 -12.946  0.002    0  13   0 149   0   0  14    -99    -99  6843  3.130  15442 1  
    50884.6009    69828    East         300       0x101ff       1.9306              -99    -99  999 999 999 999 999 999  -1    -99    -99   -99    -99      0 0 -13.629  0.004    0  13   0 135   0   0  14    -99    -99 20314  4.253  15442 1  
    50908.4751    70086    East         300       0x001bf       1.5828              -99    -99  999 999 999 999 999 999  -1    -99    -99   -99    -99      0 0 -13.095  9.999    0  13   0 201 233   0  14    -99    -99  4422  3.648  15442 1  
    50910.5398    70301    East         300       0x1017f       2.0052              -99    -99  999 999 999 999 999 999  -1    -99    -99   -99    -99      0 0 -13.150  0.003    0  13   0 140   0   0  14    -99    -99 10261  3.631  15442 1  
    50919.5341    70677    East         300       0x101ff       2.1592              -99    -99  999 999 999 999 999 999  -1    -99    -99   -99    -99      0 0 -13.009  0.002    0  13   0 184   0   0  14    -99    -99  5457  3.286  15442 1  
    50933.4779    70986    East         300       0x101ff       2.0125              -99    -99  999 999 999 999 999 999  -1    -99    -99   -99    -99      0 0 -13.300  0.001    0  13   0 186   0   0  14    -99    -99  2197  3.920  15442 1  
    50942.4513    71233    East         300       0x001bf       1.9974              -99    -99  999 999 999 999 999 999  -1    -99    -99   -99    -99      0 0 -13.465  0.002    0  13   0 139   0   0  14    -99    -99 12374  3.888  15442 1  
    50954.4529    71680    East         300       0x101ff       2.2910              -99    -99  999 999 999 999 999 999  -1    -99    -99   -99    -99      0 0 -12.767  0.005    0  13   0 113   0   0  14    -99    -99  2288  7.014  15442 1  
    50961.8116    72235    West         300       0x101ff       2.4184          -11.955  0.002    0  13   0 197   0   0   5    -99    -99  4039  5.610  15442 1 -13.934  9.999    0  13   0 205   0   0  11    -99    -99  2633  5.804  15442 1  
    50974.3514    72731    East         300       0x101ff       1.9081              -99    -99  999 999 999 999 999 999  -1    -99    -99   -99    -99      0 0 -13.665  0.003    0  13   0 133   0   0  14    -99    -99 10274  4.400  15442 1  
    50982.3591    73178    East         300       0x101ff       2.1351              -99    -99  999 999 999 999 999 999  -1    -99    -99   -99    -99      0 0 -12.576  0.002    0  13   0 200   0   0  14    -99    -99  2471  2.695  15442 1  
    50992.8121    73553    West         300       0x101ff       1.7463          -11.967  0.002    0  13   0 155   0   0   5    -99    -99  6025  4.276  15442 1 -13.482  9.999    0  13   0 139 180   0  11    -99    -99  6281  4.207  15442 1  
    50998.7647    73973    West         300       0x101ff       1.9479          -11.979  9.999    0  13   0 253 201   0   5    -99    -99  4170  4.067  15442 1 -12.807  9.999    0  13   0 130   0   0  11    -99    -99  3324  4.045  15442 1  
    51005.3726    74323    East         300       0x101ff       2.9468              -99    -99  999 999 999 999 999 999  -1    -99    -99   -99    -99      0 0 -12.867  9.999    0  13   0 253 244   0  14    -99    -99  3951  3.250  15442 1  
    51024.8153    74977    West         300       0x101ff       1.3693          -11.972  0.001    0  53   0 203   0   0   5    -99    -99  2061  4.613  15442 1 -13.794  0.002    0  13   0 125   0   0  11    -99    -99  2025  4.650  15442 1  
    51033.6794    75249    West         300       0x101ff       1.8752          -12.975  0.002    0  13   0 171   0   0   5    -99    -99 13244  4.734  15442 1 -13.975  9.999    0  13   0 253   0   0  11    -99    -99 21648  4.592  15442 1  
    51047.8154    75579    West         300       0x101ff       1.2401          -12.399  9.999    0  13   0 144   0   0   5    -99    -99  3176  3.461  15442 1 -13.244  9.999    0  13   0 200 236   0  11    -99    -99  3207  3.404  15442 1  
    51053.7125    75976    West         300       0x101ff       1.4550          -11.672  9.999    0  13   0 253   1   0   5    -99    -99  2784  2.335  15442 1 -11.974  9.999    0  13   0 248 252   0  11    -99    -99  2322  2.172  15442 1  
    51057.5973    76258    West         300       0x101ff       1.9928          -11.977  9.999    0  13   0 253 181   0   5    -99    -99  5905  4.825  15442 1 -13.722  9.999    0  13   0 115   0   0  11    -99    -99  5882  4.900  15442 1  
    51062.6265    76467    West         300       0x101ff       1.7138          -12.516  0.001    0  13   0 232   0   0   5    -99    -99 13749  3.438  15442 1 -13.279  0.003    0  13 255 148 230   0  11    -99    -99 29093  3.012  15442 1  
    51072.7483    76676    West         300       0x101ff       1.2385          -12.382  9.999    0  13   0 197   0   0   5    -99    -99  2422  3.488  15442 1 -13.196  9.999    0  13   0 192 217   0  11    -99    -99  2047  3.381  15442 1  
    51074.7689    76802    West         300       0x101ff       1.2094          -11.963  0.005    0  13   0 115   0   0   5    -99    -99  5352  3.635  15442 1 -12.784  9.999    0  13   0 154   0   0  11    -99    -99  5304  3.724  15442 1  
    51084.6696    76997    West         300       0x101ff       1.3225          -11.979  0.002    0  13   0 164   0   0   5    -99    -99  1922  5.086  15442 1 -13.804  0.002    0  13   0 131   0   0  11    -99    -99  2216  5.146  15442 1  
    51086.5327    77104    West         300       0x101ff       1.8883          -12.216  0.001    0  13   0 200   0   0   5    -99    -99  5476  3.149  15442 1 -12.927  9.999    0  13   0 247 204   0  11    -99    -99  6166  2.932  15442 1  
    51089.5395    77263    West         300       0x101ff       1.7912          -11.977  0.002    0  13   0 150   0   0   5    -99    -99  8384  5.231  15442 1 -13.986  9.999    0  13   0 114   0   0  11    -99    -99 14111  5.148  15442 1  
    51097.7409    77393    West         300       0x101ff       1.1897          -11.915  9.999    0  13   0 251 248   0   5    -99    -99  3145  2.623  15442 1 -12.735  9.999    0  13   0  83   0   0  11    -99    -99  2951  2.590  15442 1  
    51100.6017    77501    West         300       0x1017f       1.3860          -11.978  0.002    0  13   0 168   0   0   5    -99    -99  2085  4.821  15442 1 -13.593  9.999    0  13   0 137   0   0  11    -99    -99  2113  4.629  15442 1  
    51102.6686    77637    West         300       0x101ff       1.2353          -11.978  0.001    0  13   0 236   0   0   5    -99    -99  1760  3.585  15442 1 -13.253  9.999    0  13   0 249 242   0  11    -99    -99  1994  3.571  15442 1  
    51106.7006    77738    West         300       0x101ff       1.1959          -11.980  0.001    0  13   0 220   0   0   5    -99    -99  2063  4.720  15442 1 -13.586  9.999    0  13   0 151 185   0  11    -99    -99  1882  4.471  15442 1  
    51109.7011    77860    West         300       0x101ff       1.1919          -12.102  0.001    0  13 255 251 198   0   5    -99    -99  2360  2.821  15442 1 -12.732  9.999    0  13   0 192   0   0  11    -99    -99  1750  2.692  15442 1  
    51111.7530    77996    West         300       0x101ff       1.1980          -11.972  0.001    0  13   0 179   0   0   5    -99    -99  2304  4.442  15442 1 -13.613  0.001    0  13   0 176   0   0  11    -99    -99  3088  4.453  15442 1  
    51114.5158    78112    West         300       0x101ff       1.5589          -11.962  0.002    0  13 255 217 203   0   5    -99    -99  7147  2.737  15442 1 -12.802  9.999    0  13   0 231   0   0  11    -99    -99  6597  2.672  15442 1  
    51119.6057    78245    West         300       0x101ff       1.2596          -12.137  0.001    0  13   0 218   0   0   5    -99    -99  6730  2.929  15442 1 -12.825  0.002    0  13 255 253 229   0  11    -99    -99 11433  2.693  15442 1  
    51127.5437    78379    West         300       0x101ff       1.3428          -11.975  0.001    0  13   0 213   0   0   5    -99    -99  3874  3.089  15442 1 -12.802  9.999    0  13   0 160   0   0  11    -99    -99  3351  3.016  15442 1  
    51136.5050    78482    West         300       0x101ff       1.3810          -12.208  0.001    0  13 255 189 201   0   5    -99    -99  2245  3.123  15442 1 -12.980  9.999    0  13   0 174   0   0  11    -99    -99  2138  3.060  15442 1  
    51140.5929    78589    West         300       0x101ff       1.2077          -11.952  0.032    0  13   0  88   0   0   5    -99    -99  4145  2.800  15442 1     -99    -99  999 999 999 999 999 999  -1    -99    -99   -99    -99      0 0  
    51146.6685    78700    West         300       0x101ff       1.2060          -12.396  0.001    0  13   0 253   0   0   5    -99    -99  2233  3.376  15442 1 -13.075  9.999    0  13   0 239 232   0  11    -99    -99  2512  3.282  15442 1  
    51152.5493    78834    West         300       0x101ff       1.2154          -11.975  0.002    0  13   0 180   0   0   5    -99    -99 16105  3.164  15442 1 -13.200  9.999    0  13   0 160   0   0  11    -99    -99 13162  3.285  15442 1  
    51158.6334    78978    West         300       0x101ff       1.2042          -11.978  9.999    0  13   0 129   0   0   5    -99    -99  2045  3.584  15442 1 -13.252  0.002    0  13   0 176   0   0  11    -99    -99  1931  3.680  15442 1  
    51170.6440    79112    East         300       0x101ff       1.2540              -99    -99  999 999 999 999 999 999  -1    -99    -99   -99    -99      0 0 -12.728  0.001    0  13 255 253 210   0  14    -99    -99  1432  2.875  15442 1  
    51172.6724    79217    East         300       0x101ff       1.3197              -99    -99  999 999 999 999 999 999  -1    -99    -99   -99    -99      0 0 -12.767  0.003    0  13   0 156   0   0  14    -99    -99  1258  3.391  15442 1  
    51179.7279    79333    East         300       0x101ff       1.5672              -99    -99  999 999 999 999 999 999  -1    -99    -99   -99    -99      0 0 -12.331  0.002    0  13 255 167 243   0  14    -99    -99 11738  2.376  15442 1  
    51181.6623    79422    East         300       0x101ff       1.3560              -99    -99  999 999 999 999 999 999  -1    -99    -99   -99    -99      0 0 -12.721  0.003    0  13 255 170 250   0  14    -99    -99 10111  2.802  15442 1  
    51181.6933    79429    East         300       0x101ff       1.4510              -99    -99  999 999 999 999 999 999  -1    -99    -99   -99    -99      0 0 -12.535  0.003    0  13   0 130   0   0  14    -99    -99 10153  2.532  15442 1  
    51184.4702    79533    West         300       0x101ff       1.2079          -11.985  9.999    0  13   0  15 236   0   5    -99    -99  2688  3.257  15442 1 -13.023  9.999    0  13   0 167   0   0  11    -99    -99  2560  3.258  15442 1  
    51195.5392    79758    East         300       0x101ff       1.2092              -99    -99  999 999 999 999 999 999  -1    -99    -99   -99    -99      0 0 -12.207  0.002    0  13   0 199   0   0  14    -99    -99  1597  2.278  15442 1  
    51206.6827    79856    East         300       0x101ff       1.7092              -99    -99  999 999 999 999 999 999  -1    -99    -99   -99    -99      0 0 -12.752  0.002    0  13   0 171   0   0  14    -99    -99  1875  2.986  15442 1  
    51223.7126    80065    East         300       0x101ff       2.2700              -99    -99  999 999 999 999 999 999  -1    -99    -99   -99    -99      0 0 -13.057  0.001    0  13 255 231 220   0  14    -99    -99  2043  3.579  15442 1  
    51227.6787    80178    East         300       0x101ff       2.0708              -99    -99  999 999 999 999 999 999  -1    -99    -99   -99    -99      0 0 -13.499  0.002    0  13   0 173   0   0  14    -99    -99  1821  4.419  15442 1  
    51236.4386    80402    East         300       0x101ff       1.2205              -99    -99  999 999 999 999 999 999  -1    -99    -99   -99    -99      0 0 -12.865  0.003    0  13   0 130   0   0  14    -99    -99 10266  2.864  15442 1  
    51241.5391    80506    East         300       0x101ff       1.4874              -99    -99  999 999 999 999 999 999  -1    -99    -99   -99    -99      0 0 -13.235  0.002    0  13 255 225 237   0  14    -99    -99 10047  3.360  15442 1  
    51241.6846    80536    East         300       0x101ff       2.4812              -99    -99  999 999 999 999 999 999  -1    -99    -99   -99    -99      0 0 -13.591  0.001    0  13   0 219 180   0  14    -99    -99 14729  4.192  15442 1  
    51247.4435    80750    East         300       0x101ff       1.2707              -99    -99  999 999 999 999 999 999  -1    -99    -99   -99    -99      0 0 -12.955  0.002    0  13   0 157   0   0  14    -99    -99  1975  3.179  15442 1  
    51249.6653    80844    East         300       0x101ff       2.5088              -99    -99  999 999 999 999 999 999  -1    -99    -99   -99    -99      0 0 -12.750  0.003    0  13   0 158   0   0  14    -99    -99  3129  4.519  15442 1  
    51251.5863    81014    East         300       0x101ff       1.8728              -99    -99  999 999 999 999 999 999  -1    -99    -99   -99    -99      0 0 -12.908  0.002    0  13   0 196   0   0  14    -99    -99  2490  3.436  15442 1  
    51260.5650    81226    East         300       0x101ff       1.8922              -99    -99  999 999 999 999 999 999  -1    -99    -99   -99    -99      0 0 -13.440  0.002    0  13   0 185   0   0  14    -99    -99  1536  4.035  15442 1  
    51275.4783    81472    East         300       0x101bf       1.6267              -99    -99  999 999 999 999 999 999  -1    -99    -99   -99    -99      0 0 -13.034  0.002    0  13   0 158   0   0  14    -99    -99  2288  3.472  15442 1  
    51278.5421    81623    East         300       0x101bf       2.0932              -99    -99  999 999 999 999 999 999  -1    -99    -99   -99    -99      0 0 -12.802  0.001    0  13   0 253   0   0  14    -99    -99  1840  2.993  15442 1  
    51283.5123    81991    East         300       0x101ff       1.9675              -99    -99  999 999 999 999 999 999  -1    -99    -99   -99    -99      0 0 -12.762  0.005    0  13   0 112   0   0  14    -99    -99  2142  6.529  15442 1  
    51288.4094    82414    East         300       0x101ff       1.4824              -99    -99  999 999 999 999 999 999  -1    -99    -99   -99    -99      0 0 -13.195  0.002    0  13   0 187   0   0  14    -99    -99  2444  3.626  15442 1  
    51291.4039    82714    East         300       0x000bf       1.4929              -99    -99  999 999 999 999 999 999  -1    -99    -99   -99    -99      0 0 -12.917  0.002    0  13   0 192   0   0  14    -99    -99  3760  3.146  15442 1  
    51298.4855    83113    East         300       0x101ff       2.0696              -99    -99  999 999 999 999 999 999  -1    -99    -99   -99    -99      0 0 -13.218  9.999    0  13   0 238 239   0  14    -99    -99 19291  3.248  15442 1  
    51301.3818    83374    East         300       0x101ff       1.5134              -99    -99  999 999 999 999 999 999  -1    -99    -99   -99    -99      0 0 -12.689  0.002    0  13   0 225   0   0  14    -99    -99  2132  2.847  15442 1  
    51304.4100    83723    East         300       0x101ff       1.6834              -99    -99  999 999 999 999 999 999  -1    -99    -99   -99    -99      0 0 -12.800  0.003    0  13   0 171   0   0  14    -99    -99  3226  2.544  15442 1  
    51307.4361    83950    East         300       0x101ff       1.8921              -99    -99  999 999 999 999 999 999  -1    -99    -99   -99    -99      0 0 -13.129  0.002    0  13   0 185   0   0  14    -99    -99  1742  3.575  15442 1  
    51312.4409    84232    East         300       0x101ff       2.0269              -99    -99  999 999 999 999 999 999  -1    -99    -99   -99    -99      0 0 -13.451  0.001    0  13   0 209   0   0  14    -99    -99  2118  4.223  15442 1  
    51315.3931    84525    East         300       0x101ff       1.7566              -99    -99  999 999 999 999 999 999  -1    -99    -99   -99    -99      0 0 -12.403  0.002    0  13 255 202 236   0  14    -99    -99  2485  2.481  15442 1  
    51333.3803    85501    East         300       0x101ff       2.0030              -99    -99  999 999 999 999 999 999  -1    -99    -99   -99    -99      0 0 -12.432  0.002    0  13 255 253 240   0  14    -99    -99  2539  2.548  15442 1  
    51345.3934    86095    East         300       0x101ff       2.4100              -99    -99  999 999 999 999 999 999  -1    -99    -99   -99    -99      0 0 -13.824  0.002    0  13   0 173   0   0  14    -99    -99  2337  5.546  15442 1  
    51361.7769    87245    West         300       0x101ff       1.8977          -13.102  0.002    0  13   0 205   0   0   5    -99    -99  7572  5.330  15442 1 -14.056  9.999    0  13   0 230   0   0  11    -99    -99  9302  5.408  15442 1  
    51381.7644    88145    West         300       0x001bf       1.6474          -11.958  9.999    0  13   0 137   0   0   5    -99    -99  2383  6.263  15442 1 -14.139  9.999    0  13   0 216   0   0  11    -99    -99  2295  6.393  15442 1  
    51389.8313    88658    West         300       0x101ff       1.3270          -13.173  0.002    0  13   0 217   0   0   5    -99    -99  8557  5.536  15442 1 -13.872  9.999    0  13   0 240   0   0  11    -99    -99 11660  5.512  15442 1  
    51393.7843    89179    West         300       0x101ff       1.4292          -11.980  0.002    0  13 255 253 237   0   5    -99    -99 10197  3.484  15442 1 -13.154  9.999    0  13   0 214   0   0  11    -99    -99  8843  3.413  15442 1  
    51401.7652    89704    West         300       0x101ff       1.4203          -12.937  9.999    0  13 255 226   0   0   5    -99    -99  3141  4.924  15442 1 -13.856  9.999    0  13   0 220   0   0  11    -99    -99  2734  4.948  15442 1  
    51407.7120    90116    West         300       0x101ff       1.5596          -12.435  0.002    0  13 255 225 245   0   5    -99    -99  2662  3.465  15442 1 -13.178  0.001    0  13   0 154   0   0  11    -99    -99  2662  3.358  15442 1  
    51410.8152    90357    West         300       0x101ff       1.2478          -12.869  9.999    0  13   0 253   0   0   5    -99    -99  3745  4.997  15442 1 -13.867  9.999    0  13   0 253   0   0  11    -99    -99  3559  4.922  15442 1  
    51413.7818    90652    West         300       0x101ff       1.2917          -11.711  0.002    0  13 255 199 236   0   5    -99    -99  2960  2.387  15442 1 -12.376  9.999    0  13   0 215 221   0  11    -99    -99  2863  2.249  15442 1  
    51420.8030    91086    West         300       0x101ff       1.2276          -11.938  9.999    0  13   0 253 195   0   5    -99    -99  5576  2.645  15442 1 -12.679  9.999    0  13   0 236   0   0  11    -99    -99  7097  2.538  15442 1  
    51423.8092    91274    West         300       0x101ff       1.2123              -99    -99  999 999 999 999 999 999  -1    -99    -99   -99    -99      0 0 -12.235  0.002    0  13   0 207   0   0  11    -99    -99  7918  2.408  15442 1  
    51427.6866    91466    West         300       0x0013f       1.4453          -12.525  9.999    0  13   0 240   0   0   5    -99    -99  2309  3.658  15442 1 -13.077  0.001    0  13   0 253   0   0  11    -99    -99  2446  3.576  15442 1  
    51433.6389    91826    West         300       0x101ff       1.5687          -12.145  9.999    0  13   0 253 242   0   5    -99    -99  2575  2.945  15442 1 -12.788  9.999    0  13   0 253 199  85  11    -99    -99  2592  2.759  15442 1  
    51435.6565    92005    West         300       0x101ff       1.4750          -12.149  0.001    0  13   0 253   0   0   5    -99    -99  2797  3.141  15442 1 -12.877  0.001    0  13 255 223 208   0  11    -99    -99  2799  3.021  15442 1  
    51439.7660    92150    West         300       0x101ff       1.2118              -99    -99  999 999 999 999 999 999  -1    -99    -99   -99    -99      0 0 -13.324  9.999    0  13   0 253 243   0  11    -99    -99  2209  3.554  15442 1  
    51443.6595    92345    West         300       0x101ff       1.3919          -12.198  0.002    0  13   0 181   0   0   5    -99    -99  7458  2.991  15442 1 -13.009  9.999    0  13   0 253  83  48  11    -99    -99 11222  2.924  15442 1  
    51443.7350    92362    West         300       0x101ff       1.2338          -12.289  9.999    0  13   0 172 239   0   5    -99    -99  5408  3.145  15442 1 -13.039  0.002    0  13 255 253 224   0  11    -99    -99  7207  3.082  15442 1  
    51450.6644    92537    West         300       0x101ff       1.3275          -11.907  0.002    0  13 255 243 233   0   5    -99    -99  6016  2.541  15442 1 -12.477  0.003    0  13 255 208 251   0  11    -99    -99  6264  2.353  15442 1  
    51462.5629    92682    West         300       0x101ff       1.5542          -11.975  9.999    0  13   0 149   0   0   5    -99    -99  2334  6.600  15442 1 -12.784  9.999    0  13   0 128   0   0  11    -99    -99  2526  6.767  15442 1  
    51463.7303    92791    West         300       0x101ff       1.1922          -11.972  9.999    0  13   0 171   0   0   5    -99    -99  3507  3.667  15442 1 -12.799  0.002    0  13   0 180   0   0  11    -99    -99  3232  3.671  15442 1  
    51470.5723    92931    West         300       0x101ff       1.4347          -11.987  0.003    0  13   0 169   0   0   5    -99    -99  7987  5.775  15442 1 -12.801  0.009    0  13   0 104   0   0  11    -99    -99  8067  5.714  15442 1  
    51471.7278    93029    West         300       0x101ff       1.1878          -12.426  0.001    0  13   0 214   0   0   5    -99    -99  2147  3.498  15442 1 -13.377  0.002    0  13   0 162   0   0  11    -99    -99  1921  3.639  15442 1  
    51477.4955    93143    West         300       0x101ff       1.6812          -11.987  0.002    0  13 255 227 239   0   5    -99    -99 18017  4.167  15442 1 -13.598  0.002    0  13   0 140 192   0  11    -99    -99 16354  4.144  15442 1  
    51478.6959    93233    West         300       0x101ff       1.1900          -12.509  9.999    0  13   0 158   0   0   5    -99    -99  6175  3.618  15442 1 -13.400  9.999    0  13   0 166   0   0  11    -99    -99  6520  3.737  15442 1  
    51482.5658    93341    West         300       0x101ff       1.3558          -11.985  0.002    0  13   0 218   0   0   5    -99    -99  2288  5.729  15442 1 -13.669  0.002    0  13 255 198 186   0  11    -99    -99  2212  5.687  15442 1  
    51489.6015    93545    West         300       0x101fb       1.2448          -11.980  0.003    0  13   0 152   0   0   5    -99    -99  3636  3.717  15442 1 -12.802  0.002    0  13   0 213   0   0  11    -99    -99  3747  3.725  15442 1  
    51492.6335    93644    West         300       0x1017f       1.2018          -12.877  0.002    0  13   0 228   0   0   5    -99    -99  2048  4.859  15442 1 -13.831  9.999    0  13   0 226   0   0  11    -99    -99  2252  4.899  15442 1  
    51495.5273    93765    West         300       0x101ff       1.3638          -12.302  0.002    0  13   0 196   0   0   5    -99    -99  2816  3.280  15442 1 -13.077  0.002    0  13   0 143   0   0  11    -99    -99  2957  3.197  15442 1  
    51505.5065    93861    West         300       0x101ff       1.3465          -12.657  0.002    0  13 255 200 219   0   5    -99    -99 12811  3.510  15442 1 -13.451  0.002    0  13 255 253 216   0  11    -99    -99 15006  3.446  15442 1  
    51510.5366    93973    West         300       0x101ff       1.2561          -11.960  9.999    0  13   0 253 250   1   5    -99    -99  1979  2.726  15442 1 -12.619  9.999    0  13   0 253 122  70  11    -99    -99  2138  2.566  15442 1  
    51512.6807    94055    West         300       0x101fb       1.2203          -11.884  9.999    0  13   0 253 114  69   5    -99    -99  2567  2.574  15442 1 -12.577  0.002    0  13   0 164   0   0  11    -99    -99  2880  2.532  15442 1  
    51514.5835    94164    West         300       0x101ff       1.1958          -12.252  9.999    0  13   0 158   0   0   5    -99    -99  2293  3.105  15442 1 -13.013  0.002    0  13   0 121   0   0  11    -99    -99  1990  3.021  15442 1  
    51515.6566    94243    West         300       0x101fb       1.2056          -12.554  0.001    0  13   0 221   0   0   5    -99    -99  2062  3.678  15442 1 -13.416  0.002    0  13   0 134   0   0  11    -99    -99  1741  3.805  15442 1  
    51530.5481    94477    West         300       0x101ff       1.1919          -11.969  0.003    0  13   0 212   0   0   5    -99    -99 15518  3.124  15442 1 -12.784  9.999    0  13   0 149   0   0  11    -99    -99 12982  3.117  15442 1  
    51533.6661    94569    East         300       0x000ff       1.2836              -99    -99  999 999 999 999 999 999  -1    -99    -99   -99    -99      0 0 -12.915  0.002    0  13   0 213   0   0  14    -99    -99 12050  3.125  15442 1  
    51542.5984    94672    West         300       0x101ff       1.2200          -12.334  9.999    0  13   0 199   0   0   5    -99    -99  2265  3.369  15442 1 -13.152  9.999    0  13   0 190   0   0  11    -99    -99  1764  3.472  15442 1  
