!  Star 4.7087.2490                        RA  05 23 53.806   DEC  -68 18 27.99
#  343 observations from the production databases
#  Field inception date: 50235.0833
#  Pixel coordinate system: none
#
#  Template         magnitude        chip coordinates        west-chunk
#     Red:            -9.402         1767.12,  287.59             32
#    Blue:            -9.703         1742.48,  294.03             80
#
!         Date    Obsid    Pier    Exposure     Checklist      Airmass             rMag   rErr  rDS rTF rCP rX2 rMP rCR  rA  rXpix  rYpix  rSky  rFWHM  rTobs r    bMag   bErr  bDS bTF bCP bX2 bMP bCR  bA  bXpix  bYpix  bSky  bFWHM  bTobs b  
    48824.6714      319    West         300       0x101bf       2.2816           -9.283  0.003    0   1   0 205   0   0   5    -99    -99 12029  4.309  15442 1  -9.626  0.002    0   1   0 206   0   0  11    -99    -99 12030  4.163  15442 1  
    48825.6897      349    West         300       0x101bf       2.0820           -9.397  0.002    0   1   0 218   0   0   5    -99    -99  9613  4.267  15442 1  -9.730  0.002    0   1   0 216   0   0  11    -99    -99  8748  3.997  15442 1  
    48826.6779      377    West         300       0x101bf       2.1724           -9.381  0.003    0   1   0 145   0   0   5    -99    -99  8388  5.703  15442 1  -9.709  0.002    0   1   0 172   0   0  11    -99    -99  6505  5.957  15442 1  
    48828.6322      392    West         300       0x101bf       2.5714           -9.404  0.004    0   1   0 127   0   0   5    -99    -99  9207  6.583  15442 1  -9.742  0.004    0   1   0 143   0   0  11    -99    -99  5744  6.910  15442 1  
    48829.6503      427    West         300       0x101bf       2.3542           -9.366  0.002    0   1   0 196   0   0   5    -99    -99  6612  4.179  15442 1  -9.699  0.002    0   1   0 232   0   0  11    -99    -99  5106  4.151  15442 1  
    48831.6492      456    West         300       0x101bf       2.3116           -9.402  0.004    0   1   0 133   0   0   5    -99    -99  6523  6.660  15442 1  -9.742  0.003    0   1   0 139   0   0  11    -99    -99  5612  6.897  15442 1  
    48832.6476      492    West         300       0x101bf       2.3003           -9.360  0.003    0   1   0 146   0   0   5    -99    -99  6101  5.594  15442 1  -9.666  0.002    0   1   0 175   0   0  11    -99    -99  5005  5.756  15442 1  
    48833.7661      519    West         300       0x101bf       1.5122           -9.338  0.002    0   1   0 136   0   0   5    -99    -99  4842  4.457  15442 1  -9.682  0.002    0   1   0 165   0   0  11    -99    -99  4272  4.432  15442 1  
    48834.6324      555    West         300       0x101bf       2.3878           -9.376  0.002    0   1   0 198   0   0   5    -99    -99  6144  5.129  15442 1  -9.699  0.002    0   1   0 232   0   0  11    -99    -99  4760  5.457  15442 1  
    48835.7223      652    West         300       0x101bf       1.6884           -9.354  0.004    0   1   0 132   0   0   5    -99    -99  5423  6.604  15442 1  -9.673  0.003    0   1   0 145   0   0  11    -99    -99  3655  6.758  15442 1  
    48836.6171      718    West         300       0x101bf       2.4882           -9.393  0.002    0   1   0 191   0   0   5    -99    -99  6432  4.472  15442 1  -9.713  0.002    0   1   0 225   0   0  11    -99    -99  4817  4.518  15442 1  
    48841.6287      746    West         300       0x101bf       2.2318           -9.377  0.004    0   1   0 148   0   0   5    -99    -99 15075  5.556  15442 1  -9.666  0.003    0   1   0 158   0   0  11    -99    -99 12464  5.673  15442 1  
    48842.6604      784    West         300       0x101bf       1.9477           -9.401  0.004    0   1   0 135   0   0   5    -99    -99 15248  5.669  15442 1  -9.715  0.003    0   1   0 145   0   0  11    -99    -99 14078  5.911  15442 1  
    48843.6243      819    West         300       0x101bf       2.2217           -9.387  0.003    0   1   0 182   0   0  -1    -99    -99   -99    -99      0 1  -9.707  0.003    0   1   0 218   0   0  -1    -99    -99   -99    -99      0 1  
    48850.6506      884    West         300       0x101bf       1.8685           -9.390  0.002    0   1   0 156   0   0   5    -99    -99 14397  4.429  15442 1     -99    -99  999 999 999 999 999 999  -1    -99    -99   -99    -99      0 0  
    48851.6737      899    West         300       0x101bf       1.7153           -9.354  0.003    0   1   0 144   0   0   5    -99    -99 12062  5.022  15442 1  -9.676  0.002    0   1   0 138   0   0  11    -99    -99 14815  5.051  15442 1  
    48853.7594      939    West         300       0x101bd       1.3500           -9.390  0.014    0   1   0 138  46   0   5    -99    -99 32383  4.854  15442 1  -9.720  0.011    0   1   0 143   0   0  11    -99    -99 28805  5.149  15442 1  
    48854.7430      988    West         300       0x101bf       1.3874           -9.346  0.002    0   1   0 215   0   0   5    -99    -99  7144  4.401  15442 1  -9.670  0.002    0   1   0 215   0   0  11    -99    -99  7160  4.249  15442 1  
    48855.7072     1033    West         300       0x101bf       1.5014           -9.429  0.003    0   1  43 222   0   0   5    -99    -99  6697  3.258  15442 1  -9.751  0.003    0   1 255 221 207   0  11    -99    -99  6299  2.884  15442 1  
    48856.6250     1057    West         300       0x101bf       1.9340           -9.391  0.003    0  41   0 162   0   0   5    -99    -99  5830  5.006  15442 1     -99    -99  999 999 999 999 999 999  -1    -99    -99   -99    -99      0 0  
    48856.7960     1090    West         300       0x101bf       1.2558           -9.410  0.002    0   1   0 213   0   0   5    -99    -99  5887  3.954  15442 1  -9.734  0.001    0   1   0 212   0   0  11    -99    -99  4994  3.896  15442 1  
    48885.7748     1171    West         300       0x101bf       1.1997           -9.398  0.001    0   1   0 246   0   0   5    -99    -99  5421  3.692  15442 1  -9.709  0.001    0   1   0 253   0   0  11    -99    -99  4840  3.954  15442 1  
    48908.5674     1352    West         300       0x101bf       1.5072           -9.315  0.002    0   1   0 233 190   0   5    -99    -99 18106  3.103  15442 1  -9.673  0.003    0   1 255 192 242   0  11    -99    -99 23063  2.687  15442 1  
    48915.7092     1425    West         300       0x101bf       1.1916           -9.368  0.004    0   1   0 113   0   0   5    -99    -99  4937  7.184  15442 1  -9.703  0.004    0   1   0 130   0   0  11    -99    -99  4617  7.695  15442 1  
    48917.6559     1485    West         300       0x101bf       1.2287           -9.309  0.001    0   1   0 212   0   0   5    -99    -99  3795  3.612  15442 1  -9.639  0.001    0   1   0 236   0   0  11    -99    -99  3800  3.623  15442 1  
    48919.6642     1551    West         300       0x101bf       1.2138           -9.391  0.002    0   1   0 173   0   0   5    -99    -99  5712  2.720  15442 1  -9.715  0.002    0   1   0 218   0   0  11    -99    -99  5803  2.782  15442 1  
    48927.6091     1630    West         300       0x101bf       1.2560           -9.415  0.002    0   1   0 191   0   0   5    -99    -99  4242  4.222  15442 1  -9.728  0.001    0   1   0 195   0   0  11    -99    -99  4001  4.266  15442 1  
    48928.6936     1700    West         300       0x101bf       1.1878           -9.429  0.002    0   1   0 189   0   0   5    -99    -99  3969  3.406  15442 1  -9.736  0.001    0   1   0 226   0   0  11    -99    -99  3901  3.573  15442 1  
    48929.5893     1747    West         300       0x101bf       1.2809           -9.417  0.002    0   1   0 170   0   0   5    -99    -99  6161  4.251  15442 1  -9.733  0.001    0   1   0 192   0   0  11    -99    -99  7059  4.317  15442 1  
    48931.5943     1830    West         300       0x101bf       1.2623           -9.442  0.001    0   1   0 172   0   0   5    -99    -99  7549  3.104  15442 1  -9.748  0.002    0   1 255 165 223   0  11    -99    -99 10321  3.203  15442 1  
    48938.6486     1987    West         300       0x101bf       1.1908           -9.404  0.002    0   1   0 142   0   0   5    -99    -99 13732  3.905  15442 1  -9.717  0.001    0   1   0 190   0   0  11    -99    -99 14441  4.085  15442 1  
    48939.7008     2048    West         300       0x101bf       1.1992           -9.332  0.002    0   1   0 146   0   0   5    -99    -99 11525  4.111  15442 1  -9.641  0.001    0   1   0 162   0   0  11    -99    -99 11903  4.117  15442 1  
    48965.6452     2234    West         300       0x101bf       1.2100           -9.426  0.002    0   1   0 156   0   0   5    -99    -99 14871  3.641  15442 1  -9.738  0.002    0   1   0 179   0   0  11    -99    -99 15986  3.636  15442 1  
    48966.6388     2280    West         300       0x101bf       1.2069           -9.350  0.003    0   1   0 159   0   0   5    -99    -99 12953  4.174  15442 1  -9.640  0.003    0   1   0 195   0   0  11    -99    -99 13779  4.528  15442 1  
    48996.6167     2589    West         300       0x101bf       1.2894           -9.411  0.002    0   1   0 189   0   0   5    -99    -99  9679  3.034  15442 1  -9.711  0.002    0   1   0 180   0   0  11    -99    -99 13339  2.925  15442 1  
    49015.6978     3073    East         300       0x101bf       1.7937              -99    -99  999 999 999 999 999 999  -1    -99    -99   -99    -99      0 0  -9.699  0.002    0   1   0 206   0   0  14    -99    -99  1664  3.962  15442 1  
    49045.7098     3851    East         300       0x101bf       2.5999              -99    -99  999 999 999 999 999 999  -1    -99    -99   -99    -99      0 0  -9.675  0.003    0   1   0 184   0   0  14    -99    -99  1640  6.141  15442 1  
    49059.4759     4130    East         300       0x101bf       1.3596              -99    -99  999 999 999 999 999 999  -1    -99    -99   -99    -99      0 0  -9.725  0.002    0   1   0 222   0   0  14    -99    -99  1653  3.641  15442 1  
    49068.4199     4462    East         300       0x101bf       1.2863              -99    -99  999 999 999 999 999 999  -1    -99    -99   -99    -99      0 0  -9.705  0.002    0   1 255 244 237   0  14    -99    -99  1699  2.331  15442 1  
    49094.5297     5318    East         300       0x101bf       2.1398              -99    -99  999 999 999 999 999 999  -1    -99    -99   -99    -99      0 0  -9.717  0.002    0   1   0 194   0   0  14    -99    -99  2167  3.325  15442 1  
    49114.5151     6495    East         300       0x101bf       2.5207              -99    -99  999 999 999 999 999 999  -1    -99    -99   -99    -99      0 0  -9.675  0.004    0   1   0 117   0   0  14    -99    -99 16057  5.226  15442 1  
    49123.5066     6955    East         300       0x101bf       2.6974              -99    -99  999 999 999 999 999 999  -1    -99    -99   -99    -99      0 0  -9.656  0.002    0   1   0 144   0   0  14    -99    -99  2333  4.587  15442 1  
    49126.5027     7276    East         300       0x101bf       2.7522              -99    -99  999 999 999 999 999 999  -1    -99    -99   -99    -99      0 0  -9.657  0.002    0   1   0 218   0   0  14    -99    -99  2316  3.510  15442 1  
    49135.4968     7785    East         300       0x101bf       2.9794              -99    -99  999 999 999 999 999 999  -1    -99    -99   -99    -99      0 0  -9.648  0.002    0   1   0 182   0   0  14    -99    -99  4484  3.857  15442 1  
    49144.4662     8119    East         300       0x101bf       2.9057              -99    -99  999 999 999 999 999 999  -1    -99    -99   -99    -99      0 0  -9.649  0.013    0   1   0 131   0   0  14    -99    -99 14103  8.726  15442 1  
    49164.8446     9124    West         300       0x101bf       1.6065           -9.399  0.003    0   1   0 125   0   0   5    -99    -99 13885  4.825  15442 1  -9.719  0.002    0   1   0 157   0   0  11    -99    -99  5861  4.984  15442 1  
    49184.7993     9921    West         300       0x101bf       1.5631           -9.360  0.002    0   1   0 253   0   0   5    -99    -99  2786  3.510  15442 1  -9.604  0.002    0   1   0 253 200   0  11    -99    -99  2440  3.340  15442 1  
    49189.8163    10270    West         300       0x101bf       1.4419           -9.421  0.002    0   1   0 201   0   0   5    -99    -99  2366  3.614  15442 1  -9.698  0.002    0   1   0 253 175   0  11    -99    -99  2065  3.490  15442 1  
    49208.7556    10961    West         300       0x101bf       1.4772           -9.383  0.007    0   1   0  97   0   0   5    -99    -99 11248  4.762  15442 1  -9.686  0.005    0   1   0 110   0   0  11    -99    -99 10011  4.788  15442 1  
    49215.7722    11331    West         300       0x101bf       1.3624           -9.389  0.004    0   1   0 146   0   0   5    -99    -99  2844  6.025  15442 1  -9.688  0.004    0   1   0 146   0   0  11    -99    -99  2434  6.329  15442 1  
    49222.7303    11805    West         300       0x101bf       1.4312           -9.411  0.002    0   1   0 231   0   0   5    -99    -99  2166  3.521  15442 1  -9.694  0.001    0   1   0 223   0   0  11    -99    -99  2510  3.043  15442 1  
    49255.6751    12269    West         300       0x101bf       1.3323           -9.401  0.002    0   1   0 218   0   0   5    -99    -99  4391  3.204  15442 1  -9.718  0.002    0   1  18 199   0   0  11    -99    -99  4895  3.214  15442 1  
    49260.6228    12526    West         300       0x101bf       1.4451           -9.382  0.002    0   1   0 240   0   0   5    -99    -99 12267  3.643  15442 1  -9.705  0.002    0   1   0 212   0   0  11    -99    -99 22686  3.152  15442 1  
    49268.6639    12718    West         300       0x101bf       1.2798           -9.378  0.002    0   1   0 226   0   0   5    -99    -99  2897  3.355  15442 1  -9.703  0.001    0   1   0 205   0   0  11    -99    -99  3059  3.110  15442 1  
    49273.6607    12893    West         300       0x101bf       1.2612           -9.363  0.002    0   1   0 200   0   0   5    -99    -99  2423  3.275  15442 1  -9.691  0.002    0   1   0 205 183   0  11    -99    -99  2397  3.220  15442 1  
    49283.6682    13109    West         300       0x101bf       1.2153           -9.415  0.002    0   1   0 209   0   0   5    -99    -99  1849  3.453  15442 1  -9.752  0.001    0   1   0 184   0   0  11    -99    -99  2006  3.383  15442 1  
    49291.6175    13359    West         300       0x101bf       1.2514           -9.419  0.003    0   1   0 141   0   0   5    -99    -99 16254  4.001  15442 1  -9.739  0.002    0   1   0 151   0   0  11    -99    -99 16647  3.976  15442 1  
    49307.7272    13495    West         300       0x101bf       1.2287           -9.418  0.001    0   1   0 215   0   0   5    -99    -99  2557  2.958  15442 1  -9.733  0.001    0   1   0 206  62   0  11    -99    -99  1938  2.892  15442 1  
    49313.5861    13703    West         300       0x101bf       1.2153           -9.410  0.002    0   1   0 138   0   0   5    -99    -99  3220  3.647  15442 1  -9.730  0.001    0   1   0 166   0   0  11    -99    -99  3637  3.683  15442 1  
    49376.5901    14057    West         300       0x101bf       1.3167           -9.329  0.002    0   1 255 164 210   0   5    -99    -99  6204  2.448  15442 1  -9.565  0.002    0   1 255 253 215   0  11    -99    -99  6083  2.518  15442 1  
    49386.6664    14378    East         300       0x101bf       1.7019              -99    -99  999 999 999 999 999 999  -1    -99    -99   -99    -99      0 0  -9.707  0.002    0   1   0 184   0   0  14    -99    -99  2798  4.034  15442 1  
    49399.6141    14595    East         300       0x101bf       1.6144              -99    -99  999 999 999 999 999 999  -1    -99    -99   -99    -99      0 0  -9.629  0.002    0   1   0 183   0   0  14    -99    -99  1677  4.217  15442 1  
    49409.7101    14843    East         300       0x100bf       2.5598              -99    -99  999 999 999 999 999 999  -1    -99    -99   -99    -99      0 0  -9.632  0.004    0   1   0 184   0   0  14    -99    -99 30831  4.520  15442 1  
    49424.6274    15197    East         300       0x101bf       2.1593              -99    -99  999 999 999 999 999 999  -1    -99    -99   -99    -99      0 0  -9.662  0.005    0   1   0 114   0   0  14    -99    -99  2675  6.524  15442 1  
    49429.4084    15442    West         300       0x101bf       1.2481           -9.401  0.001    0   1   0 173   0   0   5    -99    -99  3194  2.691  15442 1  -9.701  0.001    0   1   0 212 188   0  11    -99    -99  2884  2.789  15442 1  
    49448.5931    16048    East         300       0x101bf       2.4525              -99    -99  999 999 999 999 999 999  -1    -99    -99   -99    -99      0 0  -9.662  0.005    0   1   0 118   0   0  14    -99    -99  2499  6.012  15442 1  
    49451.6303    16288    East         300       0x101bf       2.9809              -99    -99  999 999 999 999 999 999  -1    -99    -99   -99    -99      0 0  -9.653  0.007    0   1   0 111   0   0  14    -99    -99  3190  3.772  15442 1  
    49467.5894    17007    East         300       0x101bf       3.0117              -99    -99  999 999 999 999 999 999  -1    -99    -99   -99    -99      0 0  -9.642  0.005    0   1   0 125   0   0  14    -99    -99 35553  4.750  15442 1  
    49518.8353    19357    West         300       0x101bf       1.8270           -9.289  0.004    0   1   0 123   0   0   5    -99    -99  7951  5.114  15442 1  -9.655  0.003    0   1   0 141   0   0  11    -99    -99  3990  4.944  15442 1  
    49520.8290    19466    West         300       0x101bf       1.8329           -9.335  0.005    0   1   0 125   0   0   5    -99    -99  3660  7.108  15442 1  -9.699  0.004    0   1   0 133   0   0  11    -99    -99  2722  7.470  15442 1  
    49532.7827    19814    West         300       0x101bf       1.9244           -9.329  0.004    0   1   0 113   0   0   5    -99    -99  8797  3.473  15442 1  -9.667  0.004    0   1   0 114   0   0  11    -99    -99  8561  3.586  15442 1  
    49546.7558    20723    West         300       0x101bf       1.8475           -9.295  0.002    0   1   0 163   0   0   5    -99    -99  2971  4.112  15442 1  -9.633  0.002    0   1   0 188   0   0  11    -99    -99  2412  4.028  15442 1  
    49553.7304    21176    West         300       0x101bf       1.8888           -9.344  0.003    0   1   0 120   0   0   5    -99    -99  9849  4.974  15442 1  -9.681  0.003    0   1   0 131   0   0  11    -99    -99 10045  4.912  15442 1  
    49559.7957    21615    West         300       0x101bf       1.4709           -9.328  0.002    0   1   0 136   0   0   5    -99    -99  4967  3.649  15442 1  -9.683  0.002    0   1   0 148   0   0  11    -99    -99  6812  3.575  15442 1  
    49572.7859    22356    West         300       0x101bb       1.3864           -9.313  0.002    0   1   0 128   0   0   5    -99    -99  2489  4.521  15442 1  -9.669  0.002    0   1   0 122   0   0  11    -99    -99  2052  4.673  15442 1  
    49579.7223    22801    West         300       0x101bf       1.5456           -9.274  0.002    0   1 255 168 217   0   5    -99    -99  3043  2.145  15442 1  -9.688  0.002    0   1 255 214 240   0  11    -99    -99  2541  2.020  15442 1  
    49591.7571    23460    West         300       0x101bf       1.3257           -9.281  0.003    0   1   0 143   0   0   5    -99    -99  3827  4.777  15442 1  -9.645  0.002    0   1   0 159   0   0  11    -99    -99  3902  4.935  15442 1  
    49607.6956    24246    West         300       0x101bf       1.3715           -9.290  0.002    0   1   0 177   0   0   5    -99    -99  2470  3.702  15442 1  -9.680  0.002    0   1   0 203 109   0  11    -99    -99  2623  3.645  15442 1  
    49616.7313    24721    West         300       0x101bf       1.2452           -9.271  0.004    0   1   0  98   0   0   5    -99    -99  5941  5.960  15442 1  -9.640  0.004    0   1   0 137   0   0  11    -99    -99  9504  6.248  15442 1  
    49630.6977    25394    West         300       0x101bf       1.2387           -9.305  0.002    0   1   0 168   0   0   5    -99    -99  1979  2.658  15442 1  -9.670  0.001    0   1   0 184   0   0  11    -99    -99  2079  2.596  15442 1  
    49639.7164    25759    West         300       0x101bf       1.1973           -9.310  0.002    0   1   0 175   0   0   5    -99    -99  1857  2.346  15442 1  -9.652  0.002    0   1 255 192 235   0  11    -99    -99  1859  2.226  15442 1  
    49649.6878    26104    West         300       0x101bf       1.1980           -9.329  0.002    0   1   0 179   0   0   5    -99    -99  4140  2.240  15442 1  -9.671  0.002    0   1 255 179 222   0  11    -99    -99  4165  2.094  15442 1  
    49691.4986    26843    West         300       0x001bf       1.2940           -9.362  0.001    0   1   0 253   0   0   5    -99    -99  2045  3.463  15442 1  -9.703  0.001    0   1   0 253   0   0  11    -99    -99  2431  3.206  15442 1  
    49691.5257    26847    West         300       0x101bf       1.2466           -9.361  0.001    0   1   0 253   0   0   5    -99    -99  1828  3.064  15442 1  -9.692  0.001    0   1   0 253   0   0  11    -99    -99  2163  2.901  15442 1  
    49692.5431    26907    West         300       0x101bf       1.2210           -9.363  0.001    0   1   0 184   0   0   5    -99    -99  1935  2.943  15442 1  -9.696  0.001    0   1   0 200   0   0  11    -99    -99  2157  2.971  15442 1  
    49696.5241    27024    West         300       0x101bf       1.2304           -9.362  0.001    0   1   0 195   0   0   5    -99    -99  2703  2.813  15442 1  -9.713  0.001    0   1 255 168 202   0  11    -99    -99  3978  2.803  15442 1  
    49697.5396    27086    West         300       0x101bf       1.2110           -9.346  0.002    0   1 255 191 209   0   5    -99    -99  3627  2.454  15442 1  -9.711  0.002    0   1 255 192 237   0  11    -99    -99  4875  2.348  15442 1  
    49700.6941    27232    West         300       0x101bf       1.2982           -9.325  0.004    0   1   0 202  53  33   5    -99    -99  2263  7.246  15442 1  -9.696  0.003    0   1   0 167   0   0  11    -99    -99  1967  7.407  15442 1  
    49703.5624    27306    West         300       0x101bf       1.1893           -9.340  0.003    0   1   0 173   0   0   5    -99    -99 20862  2.968  15442 1  -9.694  0.002    0   1   0 151   0   0  11    -99    -99 19216  2.974  15442 1  
    49703.5757    27309    West         300       0x101bf       1.1880           -9.341  0.002    0   1   0 166   0   0   5    -99    -99 13652  3.026  15442 1  -9.688  0.002    0   1   0 184   0   0  11    -99    -99 14470  3.075  15442 1  
    49705.5159    27394    West         300       0x101bf       1.2126           -9.341  0.002    0   1   0 186   0   0   5    -99    -99 10993  3.192  15442 1  -9.691  0.002    0   1   0 199   0   0  11    -99    -99 11713  3.140  15442 1  
    49716.6941    27480    East         300       0x101bf       1.4114              -99    -99  999 999 999 999 999 999  -1    -99    -99   -99    -99      0 0  -9.674  0.001    0   1   0 196   0   0  14    -99    -99  1378  3.321  15442 1  
    49728.6807    27630    East         300       0x101bf       1.4783              -99    -99  999 999 999 999 999 999  -1    -99    -99   -99    -99      0 0  -9.648  0.002    0   1 255 229 236   0  14    -99    -99  1326  2.322  15442 1  
    49740.5303    27826    West         300       0x101bf       1.2156           -9.334  0.002    0   1   0 162   0   0   5    -99    -99  2517  3.497  15442 1  -9.699  0.001    0   1   0 176 145   0  11    -99    -99  1793  3.617  15442 1  
    49751.7611    28243    East         300       0x101bf       2.4330              -99    -99  999 999 999 999 999 999  -1    -99    -99   -99    -99      0 0  -9.617  0.002    0   1   0 163   0   0  14    -99    -99  4245  4.732  15442 1  
    49755.6005    28359    East         300       0x101bf       1.4550              -99    -99  999 999 999 999 999 999  -1    -99    -99   -99    -99      0 0  -9.679  0.002    0   1 255 207 205   0  14    -99    -99  1257  2.597  15442 1  
    49760.6880    28465    East         300       0x101bf       1.9999              -99    -99  999 999 999 999 999 999  -1    -99    -99   -99    -99      0 0  -9.710  0.002    0   1   0 185   0   0  14    -99    -99  5017  4.521  15442 1  
    49765.7688    28604    East         300       0x101bf       2.9639              -99    -99  999 999 999 999 999 999  -1    -99    -99   -99    -99      0 0  -9.688  0.005    0   1   0 101   0   0  14    -99    -99 19367  5.605  15442 1  
    49768.7603    28664    East         300       0x101bf       2.9596              -99    -99  999 999 999 999 999 999  -1    -99    -99   -99    -99      0 0  -9.675  0.003    0   1   0 175   0   0  14    -99    -99  6939  4.795  15442 1  
    49787.6613    28796    East         300       0x101bf       2.4181              -99    -99  999 999 999 999 999 999  -1    -99    -99   -99    -99      0 0  -9.682  0.002    0   1   0 206   0   0  14    -99    -99  1748  3.444  15442 1  
    49789.6661    28921    East         300       0x101bf       2.5256              -99    -99  999 999 999 999 999 999  -1    -99    -99   -99    -99      0 0  -9.662  0.002    0   1   0 179   0   0  14    -99    -99  6792  4.108  15442 1  
    49791.6483    29013    East         300       0x101bf       2.3977              -99    -99  999 999 999 999 999 999  -1    -99    -99   -99    -99      0 0  -9.613  0.004    0   1   0 111   0   0  14    -99    -99 19524  5.609  15442 1  
    49795.6869    29146    East         300       0x101bf       2.9635              -99    -99  999 999 999 999 999 999  -1    -99    -99   -99    -99      0 0  -9.679  0.002    0   1   0 153   0   0  14    -99    -99 14244  3.804  15442 1  
    49799.6758    29306    East         300       0x101bf       2.9607              -99    -99  999 999 999 999 999 999  -1    -99    -99   -99    -99      0 0  -9.631  0.004    0   1   0 155   0   0  14    -99    -99  3856  6.579  15442 1  
    49802.6136    29482    East         300       0x101bf       2.3503              -99    -99  999 999 999 999 999 999  -1    -99    -99   -99    -99      0 0  -9.669  0.002    0   1   0 211   0   0  14    -99    -99  1990  3.216  15442 1  
    49805.6351    29586    East         300       0x101af       2.6679              -99    -99  999 999 999 999 999 999  -1    -99    -99   -99    -99      0 0  -9.660  0.002    0   1   0 191   0   0  14    -99    -99  2076  3.741  15442 1  
    49807.6237    29695    East         300       0x101bf       2.6014              -99    -99  999 999 999 999 999 999  -1    -99    -99   -99    -99      0 0  -9.616  0.003    0   1   0 130   0   0  14    -99    -99  1987  6.211  15442 1  
    49809.4651    29809    East         300       0x101bf       1.5002              -99    -99  999 999 999 999 999 999  -1    -99    -99   -99    -99      0 0  -9.670  0.001    0   1   0 205   0   0  14    -99    -99  1414  3.582  15442 1  
    49818.6254    30073    East         300       0x101af       2.9797              -99    -99  999 999 999 999 999 999  -1    -99    -99   -99    -99      0 0  -9.612  0.003    0   1   0 154   0   0  14    -99    -99  9842  4.768  15442 1  
    49832.5654    30588    East         300       0x101bf       2.7143              -99    -99  999 999 999 999 999 999  -1    -99    -99   -99    -99      0 0  -9.637  0.001    0   1   0 228   0   0  14    -99    -99  2177  2.829  15442 1  
    49873.4747    31564    East         300       0x101bf       2.9748              -99    -99  999 999 999 999 999 999  -1    -99    -99   -99    -99      0 0  -9.654  0.002    0   1   0 180   0   0  14    -99    -99  3742  4.370  15442 1  
    49927.7527    33627    West         300       0x101af       1.6210           -9.293  0.003    0   1   0 117   0   0   5    -99    -99  3856  4.315  15442 1  -9.637  0.003    0   1   0 118   0   0  11    -99    -99  2848  4.440  15442 1  
    49933.7289    34024    West         300       0x101bf       1.6579           -9.284  0.002    0   1   0 165   0   0   5    -99    -99  2189  3.180  15442 1  -9.643  0.002    0   1   0 168   0   0  11    -99    -99  1739  3.233  15442 1  
    49936.7068    34176    West         300       0x101bf       1.7331           -9.286  0.002    0   1   0 124   0   0   5    -99    -99  5793  4.088  15442 1  -9.645  0.002    0   1   0 130   0   0  11    -99    -99  5466  4.197  15442 1  
    49939.6187    34487    West         300       0x101bf       2.3395           -9.297  0.003    0   1   0 121   0   0   5    -99    -99 18725  3.397  15442 1  -9.637  0.003    0   1   0 129   0   0  11    -99    -99 27342  3.376  15442 1  
    49942.6637    34791    West         300       0x101bf       1.9006           -9.298  0.002    0   1   0 154   0   0   5    -99    -99  5878  2.602  15442 1  -9.663  0.002    0   1   0 167 143   0  11    -99    -99  9852  2.576  15442 1  
    49944.6869    35003    West         300       0x101bf       1.7228           -9.287  0.002    0   1   0 163   0   0   5    -99    -99  3962  3.133  15442 1  -9.650  0.002    0   1   0 177   0   0  11    -99    -99  5313  3.148  15442 1  
    49946.7136    35122    West         300       0x101bf       1.5621           -9.272  0.003    0   1   0 138   0   0   5    -99    -99  3022  5.119  15442 1  -9.643  0.002    0   1   0 155   0   0  11    -99    -99  2989  5.001  15442 1  
    49948.7073    35307    West         300       0x101bf       1.5657           -9.296  0.003    0   1   0 117   0   0   5    -99    -99  2735  5.391  15442 1  -9.655  0.002    0   1   0 117   0   0  11    -99    -99  2253  5.511  15442 1  
    49952.6650    35550    West         300       0x101bf       1.7228           -9.255  0.002    0   1   0 175   0   0   5    -99    -99  2599  2.910  15442 1  -9.626  0.002    0   1   0 173 108   0  11    -99    -99  2442  2.905  15442 1  
    49955.7522    35774    West         300       0x101bf       1.3459           -9.269  0.003    0   1   0 120   0   0   5    -99    -99  2418  5.385  15442 1  -9.635  0.003    0   1   0 123   0   0  11    -99    -99  2022  5.604  15442 1  
    49957.7821    35909    West         300       0x101bf       1.2700           -9.267  0.002    0   1   0 180   0   0   5    -99    -99  2036  2.464  15442 1  -9.652  0.001    0   1   0 212   0   0  11    -99    -99  1896  2.460  15442 1  
    49961.7813    36063    West         300       0x101bf       1.2531           -9.283  0.002    0   1   0 196   0   0   5    -99    -99  2184  3.329  15442 1  -9.667  0.002    0   1   0 223   0   0  11    -99    -99  1834  3.306  15442 1  
    49966.6462    36209    West         300       0x101bf       1.6209           -9.269  0.002    0   1   0 131   0   0   5    -99    -99  6144  3.397  15442 1  -9.646  0.002    0   1   0 156   0   0  11    -99    -99  8764  3.387  15442 1  
    49970.7348    36411    West         300       0x101bf       1.2923           -9.278  0.002    0   1   0 168   0   0   5    -99    -99  6325  2.848  15442 1  -9.650  0.002    0   1   0 182   0   0  11    -99    -99 10667  2.924  15442 1  
    49982.5852    36801    West         300       0x101bf       1.7112           -9.193  0.002    0   1   0 153   0   0   5    -99    -99  2568  3.159  15442 1  -9.561  0.002    0   1   0 172  79   0  11    -99    -99  2451  2.969  15442 1  
    49987.6197    36951    West         300       0x101bf       1.4883           -9.306  0.002    0   1   0 193   0   0   5    -99    -99  2380  2.292  15442 1  -9.670  0.001    0   1   0 211   0   0  11    -99    -99  2513  2.239  15442 1  
    49996.7562    37210    West         300       0x101bf       1.1902           -9.308  0.002    0   1   0 166   0   0   5    -99    -99  3840  3.076  15442 1  -9.648  0.002    0   1   0 176   0   0  11    -99    -99  4494  3.169  15442 1  
    50007.7509    37627    West         300       0x101bf       1.1888           -9.340  0.004    0   1   0 103   0   0   5    -99    -99  2450  6.718  15442 1  -9.662  0.003    0   1   0 119   0   0  11    -99    -99  2574  6.937  15442 1  
    50022.6545    37861    West         300       0x101bf       1.2065           -9.363  0.002    0   1   0 132   0   0   5    -99    -99  2243  4.541  15442 1  -9.685  0.002    0   1   0 150   0   0  11    -99    -99  2696  4.514  15442 1  
    50038.6910    38095    West         300       0x101bf       1.1975           -9.391  0.002    0   1   0 209   0   0   5    -99    -99  2665  2.883  15442 1  -9.719  0.001    0   1   0 218   0   0  11    -99    -99  2382  2.899  15442 1  
    50061.6511    38474    West         300       0x101bf       1.2154           -9.337  0.002    0   1   0 151   0   0   5    -99    -99  5337  4.145  15442 1  -9.688  0.002    0   1   0 140 168   0  11    -99    -99  5952  4.185  15442 1  
    50102.6509    39115    East         300       0x100af       1.4573              -99    -99  999 999 999 999 999 999  -1    -99    -99   -99    -99      0 0     -99    -99  999 999 999 999 999 999  -1    -99    -99   -99    -99      0 0  
    50125.7129    39528    East         300       0x101bf       2.1998              -99    -99  999 999 999 999 999 999  -1    -99    -99   -99    -99      0 0  -9.672  0.003    0   1   0 146   0   0  14    -99    -99  4017  5.140  15442 1  
    50154.6285    40292    East         300       0x100bf       2.1549              -99    -99  999 999 999 999 999 999  -1    -99    -99   -99    -99      0 0  -9.665  0.001    0   1   0 253   0   0  14    -99    -99  3099  2.610  15442 1  
    50172.6427    40939    East         300       0x101bf       2.8135              -99    -99  999 999 999 999 999 999  -1    -99    -99   -99    -99      0 0  -9.647  0.005    0   1   0 117   0   0  14    -99    -99  7283  7.214  15442 1  
    50219.5065    43002    East         300       0x101bf       2.7204              -99    -99  999 999 999 999 999 999  -1    -99    -99   -99    -99      0 0  -9.597  0.002    0   1   0 189   0   0  14    -99    -99  2023  4.473  15442 1  
    50233.4404    44150    East         300       0x001bf       2.4155              -99    -99  999 999 999 999 999 999  -1    -99    -99   -99    -99      0 0  -9.670  0.002    0   1   0 166   0   0  14    -99    -99 14301  3.482  15442 1  
    50277.8434    46380    West         300       0x101bf       1.4239           -9.288  0.002    0   1   0 126   0   0   5    -99    -99  5333  3.905  15442 1  -9.671  0.002    0   1   0 134   0   0  11    -99    -99  7662  3.961  15442 1  
    50364.6023    49261    West         300       0x101bf       1.4360           -9.293  0.001    0   1   0 200   0   0   5    -99    -99  2228  2.690  15442 1  -9.672  0.002    0   1 255 219 231   0  11    -99    -99  2460  2.471  15442 1  
    50364.7212    49285    West         300       0x101bf       1.2038           -9.275  0.003    0   1   0 112   0   0   5    -99    -99  2997  4.095  15442 1  -9.646  0.002    0   1   0 123   0   0  11    -99    -99  3012  4.101  15442 1  
    50371.7324    49649    West         300       0x101bf       1.1892           -9.274  0.004    0   1   0 149   0   0   5    -99    -99  3923  3.123  15442 1  -9.629  0.003    0   1   0 154   0   0  11    -99    -99  3965  3.037  15442 1  
    50385.7582    50052    West         300       0x101bf       1.2101           -9.216  0.003    0   1   0 147   0   0   5    -99    -99 18188  4.510  15442 1  -9.615  0.002    0   1   0 150   0   0  11    -99    -99 17057  4.305  15442 1  
    50397.7449    50331    West         300       0x101ff       1.2308           -9.297  0.002    0   1   0 143   0   0   5    -99    -99  5704  4.479  15442 1  -9.677  0.002    0   1   0 154   0   0  11    -99    -99  6279  4.605  15442 1  
    50409.6833    50668    West         300       0x101ff       1.2027           -9.259  0.002    0   1   0 130   0   0   5    -99    -99  4928  3.359  15442 1  -9.654  0.002    0   1   0 134  82   0  11    -99    -99  6667  3.344  15442 1  
    50419.7254    51006    West         300       0x101ff       1.2979           -9.270  0.002    0   1   0 151   0   0   5    -99    -99  4305  2.838  15442 1  -9.669  0.001    0   1   0 153   0   0  11    -99    -99  3938  2.968  15442 1  
    50431.7335    51388    East         300       0x101ff       1.4025              -99    -99  999 999 999 999 999 999  -1    -99    -99   -99    -99      0 0  -9.632  0.003    0   1   0 146   0   0  14    -99    -99  7210  2.405  15442 1  
    50440.6491    51720    East         300       0x101ff       1.2618              -99    -99  999 999 999 999 999 999  -1    -99    -99   -99    -99      0 0  -9.543  0.003    0   1   0 119   0   0  14    -99    -99  9044  5.701  15442 1  
    50455.6208    52121    East         300       0x001bf       1.2847              -99    -99  999 999 999 999 999 999  -1    -99    -99   -99    -99      0 0  -9.700  0.001    0   1   0 180   0   0  14    -99    -99  1252  3.689  15442 1  
    50467.7225    52466    East         300       0x101ff       1.7960              -99    -99  999 999 999 999 999 999  -1    -99    -99   -99    -99      0 0  -9.683  0.001    0   1   0 213   0   0  14    -99    -99  1500  3.063  15442 1  
    50480.5853    52738    East         300       0x101ff       1.3609              -99    -99  999 999 999 999 999 999  -1    -99    -99   -99    -99      0 0  -9.670  0.002    0   1   0 182   0   0  14    -99    -99  1522  3.396  15442 1  
    50485.6458    52874    East         300       0x000ff       1.6421              -99    -99  999 999 999 999 999 999  -1    -99    -99   -99    -99      0 0  -9.698  0.002    0   1   0 221   0   0  14    -99    -99  1687  2.763  15442 1  
    50492.6980    53008    East         300       0x000af       2.1129              -99    -99  999 999 999 999 999 999  -1    -99    -99   -99    -99      0 0     -99    -99  999 999 999 999 999 999  -1    -99    -99   -99    -99      0 0  
    50494.7064    53092    East         300       0x101ff       2.2341              -99    -99  999 999 999 999 999 999  -1    -99    -99   -99    -99      0 0  -9.687  0.002    0   1   0 167   0   0  14    -99    -99  1667  5.237  15442 1  
    50497.5397    53219    East         300       0x101ff       1.3632              -99    -99  999 999 999 999 999 999  -1    -99    -99   -99    -99      0 0  -9.694  0.002    0   1   0 210   0   0  14    -99    -99  6089  3.101  15442 1  
    50501.6994    53369    East         300       0x101ff       2.3492              -99    -99  999 999 999 999 999 999  -1    -99    -99   -99    -99      0 0     -99    -99  999 999 999 999 999 999  14    -99    -99 33071  4.394  15442 0  
    50507.7293    53489    East         300       0x101ff       2.8628              -99    -99  999 999 999 999 999 999  -1    -99    -99   -99    -99      0 0  -9.678  0.002    0   1   0 156   0   0  14    -99    -99  5797  4.938  15442 1  
    50518.5789    53670    East         300       0x101ff       1.7700              -99    -99  999 999 999 999 999 999  -1    -99    -99   -99    -99      0 0  -9.694  0.001    0   1   0 220   0   0  14    -99    -99  1331  3.404  15442 1  
    50521.5476    53846    East         300       0x101ff       1.6425              -99    -99  999 999 999 999 999 999  -1    -99    -99   -99    -99      0 0  -9.708  0.002    0   1   0 189   0   0  14    -99    -99  1303  4.363  15442 1  
    50525.5772    54031    East         300       0x101ff       1.8811              -99    -99  999 999 999 999 999 999  -1    -99    -99   -99    -99      0 0  -9.699  0.002    0   1   0 173   0   0  14    -99    -99  4180  3.508  15442 1  
    50529.5660    54241    East         300       0x101ff       1.8791              -99    -99  999 999 999 999 999 999  -1    -99    -99   -99    -99      0 0  -9.668  0.002    0   1   0 194   0   0  14    -99    -99 16773  3.280  15442 1  
    50532.5127    54405    East         300       0x101ff       1.6185              -99    -99  999 999 999 999 999 999  -1    -99    -99   -99    -99      0 0  -9.666  0.002    0   1   0 180   0   0  14    -99    -99 16873  3.808  15442 1  
    50534.6443    54559    East         300       0x101ff       2.7268              -99    -99  999 999 999 999 999 999  -1    -99    -99   -99    -99      0 0  -9.664  0.005    0   1   0 111   0   0  14    -99    -99 13283  5.606  15442 1  
    50539.6187    54753    East         300       0x101ff       2.5896              -99    -99  999 999 999 999 999 999  -1    -99    -99   -99    -99      0 0  -9.686  0.002    0   1   0 225   0   0  14    -99    -99  2374  3.497  15442 1  
    50542.5632    54900    East         300       0x101ff       2.1268              -99    -99  999 999 999 999 999 999  -1    -99    -99   -99    -99      0 0  -9.680  0.002    0   1   0 172   0   0  14    -99    -99  1591  5.088  15442 1  
    50545.5795    55151    East         300       0x101ff       2.3515              -99    -99  999 999 999 999 999 999  -1    -99    -99   -99    -99      0 0  -9.665  0.004    0   1   0 119   0   0  14    -99    -99  1874  7.326  15442 1  
    50548.4658    55418    East         300       0x101ff       1.6033              -99    -99  999 999 999 999 999 999  -1    -99    -99   -99    -99      0 0  -9.654  0.002    0   1   0 192   0   0  14    -99    -99  1869  4.294  15442 1  
    50552.5484    55640    East         300       0x101ff       2.2384              -99    -99  999 999 999 999 999 999  -1    -99    -99   -99    -99      0 0  -9.663  0.002    0   1   0 173   0   0  14    -99    -99  2318  3.914  15442 1  
    50554.5892    55748    East         300       0x101bf       2.7206              -99    -99  999 999 999 999 999 999  -1    -99    -99   -99    -99      0 0  -9.617  0.003    0   1   0 159   0   0  14    -99    -99  5222  4.736  15442 1  
    50563.4432    56004    East         300       0x101ff       1.6970              -99    -99  999 999 999 999 999 999  -1    -99    -99   -99    -99      0 0  -9.723  0.002    0   1   0 197   0   0  14    -99    -99  6411  3.342  15442 1  
    50566.4828    56271    East         300       0x101ff       2.0084              -99    -99  999 999 999 999 999 999  -1    -99    -99   -99    -99      0 0  -9.718  0.002    0   1   0 218   0   0  14    -99    -99  1850  3.810  15442 1  
    50572.4955    56730    East         300       0x101ff       2.2542              -99    -99  999 999 999 999 999 999  -1    -99    -99   -99    -99      0 0  -9.685  0.002    0   1   0 228   0   0  14    -99    -99  1819  2.874  15442 1  
    50577.4407    56980    East         300       0x101ff       1.9192              -99    -99  999 999 999 999 999 999  -1    -99    -99   -99    -99      0 0  -9.703  0.004    0   1   0 124   0   0  14    -99    -99  2231  6.463  15442 1  
    50580.4579    57212    East         300       0x00137       2.1150              -99    -99  999 999 999 999 999 999  -1    -99    -99   -99    -99      0 0  -9.692  0.002    0   1   0 239   0   0  14    -99    -99  2072  3.749  15442 1  
    50593.3708    57470    East         300       0x101ff       1.7506              -99    -99  999 999 999 999 999 999  -1    -99    -99   -99    -99      0 0  -9.713  0.002    0   1   0 185   0   0  14    -99    -99  1423  5.626  15442 1  
    50600.3963    57953    East         300       0x101ff       2.0578              -99    -99  999 999 999 999 999 999  -1    -99    -99   -99    -99      0 0  -9.690  0.001    0   1   0 200   0   0  14    -99    -99  2071  3.020  15442 1  
    50605.8298    58396    West         300       0x101ff       2.0357           -9.391  0.003    0   1   0 135   0   0   5    -99    -99  2882  5.241  15442 1  -9.695  0.002    0   1   0 139   0   0  11    -99    -99  2720  5.299  15442 1  
    50610.3898    58749    East         300       0x101ff       2.2354              -99    -99  999 999 999 999 999 999  -1    -99    -99   -99    -99      0 0  -9.675  0.004    0   1   0 121   0   0  14    -99    -99  4427  4.569  15442 1  
    50614.8317    59066    West         300       0x1017f       1.8458           -9.359  0.003    0   1   0 116   0   0   5    -99    -99  3214  5.665  15442 1  -9.691  0.002    0   1   0 146   0   0  11    -99    -99  2809  5.647  15442 1  
    50619.7442    59501    West         200       0x101ff       2.4668           -9.341  0.004    0   1   0 130   0   0   5    -99    -99 12907  3.740  15442 1  -9.636  0.004    0   1   0 131   0   0  11    -99    -99 14417  3.877  15442 1  
    50631.7608    59954    West         300       0x101ff       2.0201           -9.332  0.003    0   1   0 137   0   0   5    -99    -99  2872  5.492  15442 1  -9.665  0.003    0   1   0 153   0   0  11    -99    -99  2320  5.678  15442 1  
    50647.7633    61012    West         300       0x101ff       1.7150           -9.310  0.002    0   1   0 143   0   0   5    -99    -99  8594  3.122  15442 1  -9.659  0.002    0   1   0 165   0   0  11    -99    -99  9644  3.065  15442 1  
    50652.6647    61491    West         300       0x101ff       2.3597           -9.312  0.002    0   1   0 176   0   0   5    -99    -99  6476  2.975  15442 1  -9.642  0.002    0   1   0 198   0   0  11    -99    -99 11155  2.796  15442 1  
    50657.8215    61760    West         300       0x101ff       1.3682           -9.316  0.002    0   1   0 165   0   0   5    -99    -99  2741  2.515  15442 1  -9.695  0.002    0   1 255 189 214   0  11    -99    -99  2359  2.381  15442 1  
    50660.7947    62061    West         300       0x101ff       1.4248           -9.303  0.002    0   1   0 138   0   0   5    -99    -99  3064  4.541  15442 1  -9.669  0.002    0   1   0 165   0   0  11    -99    -99  2185  4.647  15442 1  
    50662.8058    62255    West         300       0x000bf       1.3741           -9.326  0.002    0   1   0 135   0   0   5    -99    -99  2245  3.958  15442 1  -9.690  0.002    0   1   0 161   0   0  11    -99    -99  2073  4.011  15442 1  
    50670.6759    62686    West         300       0x101ff       1.8650           -9.357  0.002    0   1   0 134   0   0   5    -99    -99  3277  4.514  15442 1  -9.705  0.002    0   1   0 161   0   0  11    -99    -99  2364  4.502  15442 1  
    50674.7759    62925    West         300       0x101ff       1.3660           -9.272  0.002    0   1   0 146   0   0   5    -99    -99  2251  3.910  15442 1  -9.624  0.002    0   1   0 161   0   0  11    -99    -99  2071  3.954  15442 1  
    50678.6861    63207    West         300       0x101ff       1.6749           -9.378  0.003    0   1   0 164   0   0   5    -99    -99 13023  4.559  15442 1  -9.720  0.003    0   1   0 175   0   0  11    -99    -99 25266  4.926  15442 1  
    50680.6876    63411    West         300       0x101ff       1.6392           -9.312  0.002    0   1   0 152   0   0   5    -99    -99  6654  2.994  15442 1  -9.663  0.002    0   1   0 178   0   0  11    -99    -99 12589  3.081  15442 1  
    50682.6470    63613    West         300       0x101ff       1.8395           -9.300  0.003    0   1   0 141   0   0   5    -99    -99  5600  4.871  15442 1  -9.636  0.003    0   1   0 153   0   0  11    -99    -99  7201  4.948  15442 1  
    50684.8005    63770    West         300       0x101ff       1.2549           -9.342  0.003    0   1   0 113   0   0   5    -99    -99  3436  5.703  15442 1  -9.685  0.003    0   1   0 120   0   0  11    -99    -99  3174  5.818  15442 1  
    50689.7484    64025    West         300       0x101ff       1.3312           -9.382  0.002    0   1   0 171   0   0   5    -99    -99  2358  2.490  15442 1  -9.734  0.002    0   1 255 197 209   0  11    -99    -99  2200  2.383  15442 1  
    50701.7418    64218    West         300       0x101ff       1.2759           -9.288  0.002    0   1   0 181   0   0   5    -99    -99  2524  2.767  15442 1  -9.620  0.002    0   1   0 181   0   0  11    -99    -99  2220  2.755  15442 1  
    50704.7258    64349    West         300       0x101ff       1.2906           -9.273  0.002    0   1   0 196   0   0   5    -99    -99  4063  2.467  15442 1  -9.611  0.002    0   1 255 189 214   0  11    -99    -99  4449  2.143  15442 1  
    50715.6374    64539    West         300       0x101ff       1.4487           -9.365  0.002    0   1   0 142   0   0   5    -99    -99  2157  4.370  15442 1  -9.685  0.002    0   1   0 160   0   0  11    -99    -99  1986  4.443  15442 1  
    50718.5361    64660    West         300       0x101fb       1.9254           -9.373  0.002    0   1   0 132   0   0   5    -99    -99  3331  4.426  15442 1  -9.692  0.002    0   1   0 164 166   0  11    -99    -99  3010  4.585  15442 1  
    50719.6786    64755    West         300       0x101ff       1.3037           -9.354  0.002    0   1   0 153   0   0   5    -99    -99  1883  3.453  15442 1  -9.694  0.002    0   1   0 175 172   0  11    -99    -99  2142  3.445  15442 1  
    50721.5922    64902    West         300       0x101ff       1.5616           -9.349  0.002    0   1 255 180 218   0   5    -99    -99  2118  2.148  15442 1  -9.721  0.002    0   1 255 197 238   0  11    -99    -99  2441  2.074  15442 1  
    50722.7329    65000    West         300       0x101ff       1.2104           -9.337  0.002    0   1   0 153   0   0   5    -99    -99  2109  3.633  15442 1  -9.674  0.002    0   1   0 171   0   0  11    -99    -99  2191  3.699  15442 1  
    50725.5355    65137    West         300       0x101ff       1.8026           -9.332  0.002    0   1   0 148   0   0   5    -99    -99  3667  3.230  15442 1  -9.655  0.002    0   1   0 159   0   0  11    -99    -99  3428  3.290  15442 1  
    50730.6154    65294    West         300       0x101ff       1.3877           -9.308  0.002    0   1 255 177 222   0   5    -99    -99  2358  1.908  15442 1  -9.687  0.003    0   1 255 218 246   0  11    -99    -99  2718  1.733  15442 1  
    50731.7345    65374    West         300       0x101ff       1.1931           -9.333  0.002    0   1   0 123   0   0   5    -99    -99  1630  4.577  15442 1  -9.681  0.002    0   1   0 143   0   0  11    -99    -99  1729  4.759  15442 1  
    50733.5987    65487    West         300       0x101ff       1.4140           -9.332  0.002    0   1   0 139   0   0   5    -99    -99  4725  3.860  15442 1  -9.689  0.002    0   1   0 147   0   0  11    -99    -99  7627  3.802  15442 1  
    50734.6949    65573    West         300       0x101ff       1.2153           -9.341  0.002    0   1   0 122   0   0   5    -99    -99  4692  4.194  15442 1  -9.686  0.002    0   1   0 123   0   0  11    -99    -99  7934  4.334  15442 1  
    50736.5694    65691    West         300       0x101ff       1.4876           -9.336  0.002    0   1   0 155   0   0   5    -99    -99 12314  2.896  15442 1  -9.687  0.002    0   1   0 159   0   0  11    -99    -99 21720  2.819  15442 1  
    50737.6364    65778    West         300       0x101ff       1.2896           -9.334  0.004    0   1   0 118   0   0   5    -99    -99 11608  4.844  15442 1  -9.665  0.003    0   1   0 125   0   0  11    -99    -99 17772  5.097  15442 1  
    50740.7032    65905    West         300       0x1017f       1.1964           -9.339  0.002    0   1   0 132   0   0   5    -99    -99  4780  3.453  15442 1  -9.687  0.002    0   1   0 150   0   0  11    -99    -99  5077  3.503  15442 1  
    50743.5161    66038    West         300       0x101ff       1.6366           -9.318  0.002    0   1   0 177   0   0   5    -99    -99  2892  2.872  15442 1  -9.679  0.002    0   1   0 189   0   0  11    -99    -99  2987  2.882  15442 1  
    50744.7104    66147    West         300       0x101ff       1.1893           -9.321  0.002    0   1   0 185   0   0   5    -99    -99  2457  2.561  15442 1  -9.679  0.001    0   1   0 185   0   0  11    -99    -99  2450  2.598  15442 1  
    50746.5968    66260    West         300       0x101ff       1.3219           -9.318  0.002    0   1   0 176   0   0   5    -99    -99  2193  3.071  15442 1  -9.684  0.002    0   1   0 184 110   0  11    -99    -99  2419  2.939  15442 1  
    50748.6082    66341    West         300       0x101ff       1.2860           -9.329  0.002    0   1   0 161   0   0   5    -99    -99  1942  3.498  15442 1  -9.690  0.002    0   1   0 167   0   0  11    -99    -99  2169  3.576  15442 1  
    50767.5538    66466    West         300       0x101bf       1.2910           -9.325  0.002    0   1   0 185   0   0   5    -99    -99 10915  2.741  15442 1  -9.691  0.002    0   1 255 206 210   0  11    -99    -99 12024  2.697  15442 1  
    50770.4753    66588    West         300       0x101bf       1.4923           -9.319  0.002    0   1   0 173   0   0   5    -99    -99  2899  3.183  15442 1  -9.698  0.001    0   1 255 198 208   0  11    -99    -99  2621  3.086  15442 1  
    50771.7121    66684    West         300       0x101bf       1.2204           -9.302  0.001    0   1   0 188   0   0   5    -99    -99  3538  2.896  15442 1  -9.688  0.001    0   1 255 200 199   0  11    -99    -99  3895  2.963  15442 1  
    50776.5032    66798    West         300       0x101bf       1.3508           -9.307  0.002    0   1   0 237   0   0   5    -99    -99  2282  3.956  15442 1  -9.686  0.001    0   1   0 237 164   0  11    -99    -99  2531  3.828  15442 1  
    50779.6883    66921    West         300       0x101bb       1.2182           -9.314  0.002    0   1   0 176   0   0   5    -99    -99  2258  3.168  15442 1  -9.690  0.001    0   1   0 177   0   0  11    -99    -99  1978  3.263  15442 1  
    50785.6745    67022    West         300       0x101ff       1.2211           -9.288  0.002    0   1   0 146   0   0   5    -99    -99  2417  3.698  15442 1  -9.636  0.002    0   1   0 132 147   0  11    -99    -99  2112  3.942  15442 1  
    50796.5447    67139    West         300       0x101ff       1.1996           -9.297  0.002    0   1 255 157 205   0   5    -99    -99 13556  2.597  15442 1  -9.671  0.002    0   1 255 176 233   0  11    -99    -99 12828  2.447  15442 1  
    50802.5273    67297    West         300       0x101fb       1.2003           -9.284  0.002    0   1   0 189   0   0   5    -99    -99  2307  3.295  15442 1  -9.640  0.001    0   1   0 178   0   0  11    -99    -99  2068  3.312  15442 1  
    50804.5843    67401    West         300       0x101ff       1.1925           -9.321  0.002    0   1   0 137   0   0   5    -99    -99  2516  3.064  15442 1  -9.676  0.001    0   1   0 155   0   0  11    -99    -99  2043  3.200  15442 1  
    50809.4516    67509    West         300       0x101ff       1.2673           -9.377  0.002    0   1   0 133   0   0   5    -99    -99  3465  3.819  15442 1  -9.718  0.002    0   1   0 155   0   0  11    -99    -99  3264  3.737  15442 1  
    50812.6206    67618    West         300       0x101ff       1.2467           -9.376  0.002    0   1   0 164   0   0   5    -99    -99  2383  2.919  15442 1  -9.718  0.001    0   1   0 164 115   0  11    -99    -99  2317  2.968  15442 1  
    50818.7181    67736    East         300       0x101ff       1.5689              -99    -99  999 999 999 999 999 999  -1    -99    -99   -99    -99      0 0  -9.715  0.001    0   1   0 198   0   0  14    -99    -99  1552  3.638  15442 1  
    50830.6145    67855    East         300       0x101ff       1.3303              -99    -99  999 999 999 999 999 999  -1    -99    -99   -99    -99      0 0  -9.683  0.002    0   1   0 227   0   0  14    -99    -99  4753  4.713  15442 1  
    50834.6566    67956    East         300       0x101ff       1.4955              -99    -99  999 999 999 999 999 999  -1    -99    -99   -99    -99      0 0  -9.698  0.001    0   1   0 226   0   0  14    -99    -99  2088  3.595  15442 1  
    50836.6923    68058    East         300       0x001ff       1.6841              -99    -99  999 999 999 999 999 999  -1    -99    -99   -99    -99      0 0  -9.687  0.002    0   1   0 162   0   0  14    -99    -99  1716  4.780  15442 1  
    50840.6692    68160    East         300       0x101ff       1.6216              -99    -99  999 999 999 999 999 999  -1    -99    -99   -99    -99      0 0  -9.683  0.001    0   1   0 235   0   0  14    -99    -99  1354  3.130  15442 1  
    50842.7410    68277    East         300       0x101ff       2.1277              -99    -99  999 999 999 999 999 999  -1    -99    -99   -99    -99      0 0  -9.701  0.002    0   1   0 195   0   0  14    -99    -99  1748  4.207  15442 1  
    50845.6896    68379    East         300       0x101ff       1.8108              -99    -99  999 999 999 999 999 999  -1    -99    -99   -99    -99      0 0  -9.696  0.002    0   1   0 207   0   0  14    -99    -99  1562  3.607  15442 1  
    50856.6834    68523    East         300       0x101ff       1.9742              -99    -99  999 999 999 999 999 999  -1    -99    -99   -99    -99      0 0  -9.674  0.002    0   1   0 224   0   0  14    -99    -99 16329  3.446  15442 1  
    50860.6381    68619    East         300       0x101ff       1.7477              -99    -99  999 999 999 999 999 999  -1    -99    -99   -99    -99      0 0  -9.695  0.002    0   1   0 157   0   0  14    -99    -99  4937  5.169  15442 1  
    50862.6155    68743    East         300       0x101ff       1.6536              -99    -99  999 999 999 999 999 999  -1    -99    -99   -99    -99      0 0  -9.671  0.001    0   1   0 236   0   0  14    -99    -99  2743  3.428  15442 1  
    50863.7599    68828    East         300       0x1017f       2.9326              -99    -99  999 999 999 999 999 999  -1    -99    -99   -99    -99      0 0  -9.682  0.006    0   1   0 101   0   0  14    -99    -99  4718  7.519  15442 1  
    50866.4739    68953    East         300       0x101ff       1.2480              -99    -99  999 999 999 999 999 999  -1    -99    -99   -99    -99      0 0  -9.696  0.001    0   1   0 192   0   0  14    -99    -99  1683  3.751  15442 1  
    50868.6309    69093    East         300       0x101ff       1.8380              -99    -99  999 999 999 999 999 999  -1    -99    -99   -99    -99      0 0  -9.677  0.001    0   1   0 253   0   0  14    -99    -99  1568  2.728  15442 1  
    50870.6658    69242    East         300       0x101ff       2.1383              -99    -99  999 999 999 999 999 999  -1    -99    -99   -99    -99      0 0  -9.683  0.002    0   1   0 188  22   1  14    -99    -99  1888  4.028  15442 1  
    50875.5170    69377    East         300       0x1017b       1.4000              -99    -99  999 999 999 999 999 999  -1    -99    -99   -99    -99      0 0  -9.688  0.002    0   1   0 253   0   0  14    -99    -99  1716  3.650  15442 1  
    50879.5295    69499    East         300       0x101ff       1.4795              -99    -99  999 999 999 999 999 999  -1    -99    -99   -99    -99      0 0  -9.714  0.002    0   1   0 165   0   0  14    -99    -99  3563  4.141  15442 1  
    50881.5553    69603    East         300       0x101ff       1.6130              -99    -99  999 999 999 999 999 999  -1    -99    -99   -99    -99      0 0  -9.671  0.002    0   1   0 214   0   0  14    -99    -99  6794  3.207  15442 1  
    50884.6009    69828    East         300       0x101ff       1.9306              -99    -99  999 999 999 999 999 999  -1    -99    -99   -99    -99      0 0  -9.671  0.003    0   1   0 197   0   0  14    -99    -99 20262  4.347  15442 1  
    50908.4751    70086    East         300       0x001bf       1.5828              -99    -99  999 999 999 999 999 999  -1    -99    -99   -99    -99      0 0  -9.611  0.002    0   1   0 212   0   0  14    -99    -99  4385  3.753  15442 1  
    50910.5398    70301    East         300       0x1017f       2.0052              -99    -99  999 999 999 999 999 999  -1    -99    -99   -99    -99      0 0  -9.712  0.002    0   1   0 143   0   0  14    -99    -99 10212  3.732  15442 1  
    50919.5341    70677    East         300       0x101ff       2.1592              -99    -99  999 999 999 999 999 999  -1    -99    -99   -99    -99      0 0  -9.671  0.002    0   1   0 224   0   0  14    -99    -99  5446  3.380  15442 1  
    50933.4779    70986    East         300       0x101ff       2.0125              -99    -99  999 999 999 999 999 999  -1    -99    -99   -99    -99      0 0  -9.687  0.002    0   1   0 185   0   0  14    -99    -99  2205  3.963  15442 1  
    50942.4513    71233    East         300       0x001bf       1.9974              -99    -99  999 999 999 999 999 999  -1    -99    -99   -99    -99      0 0  -9.688  0.002    0   1   0 167   0   0  14    -99    -99 12175  3.991  15442 1  
    50954.4529    71680    East         300       0x101ff       2.2910              -99    -99  999 999 999 999 999 999  -1    -99    -99   -99    -99      0 0  -9.637  0.004    0   1   0 125   0   0  14    -99    -99  2321  6.880  15442 1  
    50961.8116    72235    West         300       0x101ff       2.4184           -9.373  0.003    0   1   0 134   0   0   5    -99    -99  4056  5.648  15442 1  -9.649  0.003    0   1   0 157   0   0  11    -99    -99  2628  5.836  15442 1  
    50974.3514    72731    East         300       0x101ff       1.9081              -99    -99  999 999 999 999 999 999  -1    -99    -99   -99    -99      0 0  -9.694  0.002    0   1   0 140   0   0  14    -99    -99 10227  4.467  15442 1  
    50982.3591    73178    East         300       0x101ff       2.1351              -99    -99  999 999 999 999 999 999  -1    -99    -99   -99    -99      0 0  -9.692  0.001    0   1   0 224   0   0  14    -99    -99  2484  2.730  15442 1  
    50992.8121    73553    West         300       0x101ff       1.7463           -9.389  0.003    0   1   0 132   0   0   5    -99    -99  6070  4.254  15442 1  -9.691  0.003    0   1   0 135   0   0  11    -99    -99  6269  4.224  15442 1  
    50998.7647    73973    West         300       0x101ff       1.9479           -9.383  0.004    0   1   0 136   0   0   5    -99    -99  4182  4.034  15442 1  -9.680  0.003    0   1   0 154   0   0  11    -99    -99  3300  4.051  15442 1  
    51005.3726    74323    East         300       0x101ff       2.9468              -99    -99  999 999 999 999 999 999  -1    -99    -99   -99    -99      0 0  -9.674  0.002    0   1   0 226   0   0  14    -99    -99  3977  3.280  15442 1  
    51024.8153    74977    West         300       0x101ff       1.3693           -9.400  0.002    0   1   0 127   0   0   5    -99    -99  2079  4.604  15442 1  -9.718  0.002    0   1   0 139   0   0  11    -99    -99  2015  4.668  15442 1  
    51033.6794    75249    West         300       0x101ff       1.8752           -9.378  0.003    0   1   0 117   0   0   5    -99    -99 13478  4.644  15442 1  -9.680  0.003    0   1   0 140   0   0  11    -99    -99 21573  4.547  15442 1  
    51047.8154    75579    West         300       0x101ff       1.2401           -9.354  0.002    0   1   0 126   0   0   5    -99    -99  3194  3.445  15442 1  -9.679  0.002    0   1   0 140   0   0  11    -99    -99  3183  3.420  15442 1  
    51053.7125    75976    West         300       0x101ff       1.4550           -9.334  0.002    0   1   0 174   0   0   5    -99    -99  2778  2.342  15442 1  -9.661  0.002    0   1 255 205 213   0  11    -99    -99  2296  2.211  15442 1  
    51057.5973    76258    West         300       0x101ff       1.9928           -9.377  0.003    0   1   0 134   0   0   5    -99    -99  5904  4.839  15442 1  -9.675  0.003    0   1   0 152   0   0  11    -99    -99  5856  4.921  15442 1  
    51062.6265    76467    West         300       0x101ff       1.7138           -9.372  0.002    0   1   0 202   0   0   5    -99    -99 14130  3.343  15442 1  -9.694  0.002    0   1   0 181 206   0  11    -99    -99 28983  2.965  15442 1  
    51072.7483    76676    West         300       0x101ff       1.2385           -9.373  0.002    0   1   0 130   0   0   5    -99    -99  2441  3.460  15442 1  -9.698  0.002    0   1   0 145   0   0  11    -99    -99  2039  3.402  15442 1  
    51074.7689    76802    West         300       0x101ff       1.2094           -9.353  0.008    0   1   0 103   0   0   5    -99    -99  5380  3.681  15442 1  -9.659  0.007    0   1   0  98   0   0  11    -99    -99  5290  3.789  15442 1  
    51084.6696    76997    West         300       0x101ff       1.3225           -9.351  0.003    0   1   0 118   0   0   5    -99    -99  1939  5.051  15442 1  -9.681  0.002    0   1   0 131   0   0  11    -99    -99  2198  5.162  15442 1  
    51086.5327    77104    West         300       0x101ff       1.8883           -9.351  0.002    0   1   0 159   0   0   5    -99    -99  5523  3.126  15442 1  -9.688  0.002    0   1   0 183   0   0  11    -99    -99  6134  2.960  15442 1  
    51089.5395    77263    West         300       0x101ff       1.7912           -9.353  0.004    0   1   0 108   0   0   5    -99    -99  8487  5.175  15442 1  -9.676  0.004    0   1   0 114   0   0  11    -99    -99 14114  5.135  15442 1  
    51097.7409    77393    West         300       0x101ff       1.1897           -9.362  0.002    0   1   0 194   0   0   5    -99    -99  3137  2.626  15442 1  -9.704  0.002    0   1   0 198   0   0  11    -99    -99  2932  2.624  15442 1  
    51100.6017    77501    West         300       0x1017f       1.3860           -9.360  0.002    0   1   0 132   0   0   5    -99    -99  2173  4.728  15442 1  -9.701  0.002    0   1   0 164   0   0  11    -99    -99  2125  4.607  15442 1  
    51102.6686    77637    West         300       0x101ff       1.2353           -9.321  0.002    0   1   0 146   0   0   5    -99    -99  1785  3.562  15442 1  -9.661  0.002    0   1   0 151   0   0  11    -99    -99  1985  3.586  15442 1  
    51106.7006    77738    West         300       0x101ff       1.1959           -9.333  0.002    0   1   0 145   0   0   5    -99    -99  2152  4.631  15442 1  -9.690  0.002    0   1   0 153   0   0  11    -99    -99  1896  4.468  15442 1  
    51109.7011    77860    West         300       0x101ff       1.1919           -9.323  0.002    0   1   0 145   0   0   5    -99    -99  2399  2.780  15442 1  -9.674  0.001    0   1   0 169   0   0  11    -99    -99  1737  2.706  15442 1  
    51111.7530    77996    West         300       0x101ff       1.1980           -9.332  0.002    0   1   0 121   0   0   5    -99    -99  2348  4.403  15442 1  -9.684  0.002    0   1   0 142   0   0  11    -99    -99  3082  4.483  15442 1  
    51114.5158    78112    West         300       0x101ff       1.5589           -9.312  0.003    0   1   0 130   0   0   5    -99    -99  7186  2.764  15442 1  -9.648  0.003    0   1   0 150   0   0  11    -99    -99  6575  2.733  15442 1  
    51119.6057    78245    West         300       0x101ff       1.2596           -9.347  0.002    0   1   0 154   0   0   5    -99    -99  6818  2.879  15442 1  -9.698  0.002    0   1   0 175   0   0  11    -99    -99 11369  2.708  15442 1  
    51127.5437    78379    West         300       0x101ff       1.3428           -9.341  0.003    0   1   0 114   0   0   5    -99    -99  3906  3.073  15442 1  -9.687  0.003    0   1   0 140   0   0  11    -99    -99  3329  3.055  15442 1  
    51136.5050    78482    West         300       0x101ff       1.3810           -9.305  0.002    0   1   0 144   0   0   5    -99    -99  2255  3.114  15442 1  -9.648  0.002    0   1   0 146   0   0  11    -99    -99  2124  3.075  15442 1  
    51146.6685    78700    West         300       0x101ff       1.2060           -9.345  0.002    0   1   0 156   0   0   5    -99    -99  2263  3.325  15442 1  -9.699  0.002    0   1   0 173   0   0  11    -99    -99  2511  3.283  15442 1  
    51152.5493    78834    West         300       0x101ff       1.2154           -9.377  0.003    0   1   0 114   0   0   5    -99    -99 16181  3.220  15442 1  -9.717  0.003    0   1   0 123   0   0  11    -99    -99 13064  3.365  15442 1  
    51158.6334    78978    West         300       0x101ff       1.2042           -9.374  0.002    0   1   0 134   0   0   5    -99    -99  2069  3.578  15442 1  -9.697  0.002    0   1   0 127   0   0  11    -99    -99  1922  3.732  15442 1  
    51170.6440    79112    East         300       0x101ff       1.2540              -99    -99  999 999 999 999 999 999  -1    -99    -99   -99    -99      0 0  -9.668  0.002    0   1   0 192   0   0  14    -99    -99  1430  2.925  15442 1  
    51172.6724    79217    East         300       0x101ff       1.3197              -99    -99  999 999 999 999 999 999  -1    -99    -99   -99    -99      0 0  -9.648  0.002    0   1   0 186   0   0  14    -99    -99  1261  3.507  15442 1  
    51179.7279    79333    East         300       0x101ff       1.5672              -99    -99  999 999 999 999 999 999  -1    -99    -99   -99    -99      0 0  -9.683  0.002    0   1   0 210   0   0  14    -99    -99 11655  2.460  15442 1  
    51181.6623    79422    East         300       0x101ff       1.3560              -99    -99  999 999 999 999 999 999  -1    -99    -99   -99    -99      0 0  -9.671  0.002    0   1   0 198   0   0  14    -99    -99 10119  2.898  15442 1  
    51181.6933    79429    East         300       0x101ff       1.4510              -99    -99  999 999 999 999 999 999  -1    -99    -99   -99    -99      0 0  -9.669  0.002    0   1   0 195   0   0  14    -99    -99 10123  2.585  15442 1  
    51184.4702    79533    West         300       0x101ff       1.2079           -9.359  0.002    0   1   0 146   0   0   5    -99    -99  2703  3.272  15442 1  -9.680  0.002    0   1   0 159   0   0  11    -99    -99  2545  3.318  15442 1  
    51195.5392    79758    East         300       0x101ff       1.2092              -99    -99  999 999 999 999 999 999  -1    -99    -99   -99    -99      0 0  -9.680  0.002    0   1   0 207   0   0  14    -99    -99  1593  2.350  15442 1  
    51206.6827    79856    East         300       0x101ff       1.7092              -99    -99  999 999 999 999 999 999  -1    -99    -99   -99    -99      0 0  -9.669  0.002    0   1   0 199   0   0  14    -99    -99  1876  3.044  15442 1  
    51214.7483    79977    East         300       0x101ff       2.3758              -99    -99  999 999 999 999 999 999  -1    -99    -99   -99    -99      0 0  -9.648  0.002    0   1   0 184   0   0  14    -99    -99  7398  3.495  15442 1  
    51223.7126    80065    East         300       0x101ff       2.2700              -99    -99  999 999 999 999 999 999  -1    -99    -99   -99    -99      0 0  -9.650  0.002    0   1   0 196   0   0  14    -99    -99  2056  3.604  15442 1  
    51227.6787    80178    East         300       0x101ff       2.0708              -99    -99  999 999 999 999 999 999  -1    -99    -99   -99    -99      0 0  -9.653  0.002    0   1   0 187   0   0  14    -99    -99  1799  4.468  15442 1  
    51236.4386    80402    East         300       0x101ff       1.2205              -99    -99  999 999 999 999 999 999  -1    -99    -99   -99    -99      0 0  -9.694  0.002    0   1   0 223   0   0  14    -99    -99 10250  2.950  15442 1  
    51241.5391    80506    East         300       0x101ff       1.4874              -99    -99  999 999 999 999 999 999  -1    -99    -99   -99    -99      0 0  -9.673  0.002    0   1   0 190   0   0  14    -99    -99 10027  3.404  15442 1  
    51241.6846    80536    East         300       0x101ff       2.4812              -99    -99  999 999 999 999 999 999  -1    -99    -99   -99    -99      0 0  -9.626  0.002    0   1   0 147   0   0  14    -99    -99 14703  4.252  15442 1  
    51247.4435    80750    East         300       0x101ff       1.2707              -99    -99  999 999 999 999 999 999  -1    -99    -99   -99    -99      0 0  -9.715  0.001    0   1   0 187   0   0  14    -99    -99  1980  3.255  15442 1  
    51249.6653    80844    East         300       0x101ff       2.5088              -99    -99  999 999 999 999 999 999  -1    -99    -99   -99    -99      0 0  -9.591  0.004    0   1   0 129   0   0  14    -99    -99  3121  4.579  15442 1  
    51251.5863    81014    East         300       0x101ff       1.8728              -99    -99  999 999 999 999 999 999  -1    -99    -99   -99    -99      0 0  -9.678  0.002    0   1   0 178   0   0  14    -99    -99  2496  3.410  15442 1  
    51260.5650    81226    East         300       0x101ff       1.8922              -99    -99  999 999 999 999 999 999  -1    -99    -99   -99    -99      0 0  -9.614  0.002    0   1   0 199   0   0  14    -99    -99  1540  4.038  15442 1  
    51275.4783    81472    East         300       0x101bf       1.6267              -99    -99  999 999 999 999 999 999  -1    -99    -99   -99    -99      0 0  -9.684  0.002    0   1   0 195   0   0  14    -99    -99  2278  3.512  15442 1  
    51278.5421    81623    East         300       0x101bf       2.0932              -99    -99  999 999 999 999 999 999  -1    -99    -99   -99    -99      0 0  -9.683  0.001    0   1   0 233   0   0  14    -99    -99  1846  3.024  15442 1  
    51283.5123    81991    East         300       0x101ff       1.9675              -99    -99  999 999 999 999 999 999  -1    -99    -99   -99    -99      0 0  -9.668  0.003    0   1   0 117   0   0  14    -99    -99  2151  6.372  15442 1  
    51288.4094    82414    East         300       0x101ff       1.4824              -99    -99  999 999 999 999 999 999  -1    -99    -99   -99    -99      0 0  -9.677  0.002    0   1   0 195   0   0  14    -99    -99  2450  3.665  15442 1  
    51291.4039    82714    East         300       0x000bf       1.4929              -99    -99  999 999 999 999 999 999  -1    -99    -99   -99    -99      0 0  -9.680  0.001    0   1   0 191   0   0  14    -99    -99  3737  3.158  15442 1  
    51298.4855    83113    East         300       0x101ff       2.0696              -99    -99  999 999 999 999 999 999  -1    -99    -99   -99    -99      0 0  -9.698  0.002    0   1   0 165   0   0  14    -99    -99 19043  3.284  15442 1  
    51301.3818    83374    East         300       0x101ff       1.5134              -99    -99  999 999 999 999 999 999  -1    -99    -99   -99    -99      0 0  -9.681  0.001    0   1   0 253   0   0  14    -99    -99  2164  2.941  15442 1  
    51304.4100    83723    East         300       0x101ff       1.6834              -99    -99  999 999 999 999 999 999  -1    -99    -99   -99    -99      0 0  -9.686  0.002    0   1   0 192   0   0  14    -99    -99  3244  2.564  15442 1  
    51307.4361    83950    East         300       0x101ff       1.8921              -99    -99  999 999 999 999 999 999  -1    -99    -99   -99    -99      0 0  -9.700  0.001    0   1   0 204   0   0  14    -99    -99  1751  3.611  15442 1  
    51312.4409    84232    East         300       0x101ff       2.0269              -99    -99  999 999 999 999 999 999  -1    -99    -99   -99    -99      0 0  -9.676  0.002    0   1   0 189   0   0  14    -99    -99  2122  4.220  15442 1  
    51315.3931    84525    East         300       0x101ff       1.7566              -99    -99  999 999 999 999 999 999  -1    -99    -99   -99    -99      0 0  -9.674  0.002    0   1   0 228   0   0  14    -99    -99  2505  2.488  15442 1  
    51333.3803    85501    East         300       0x101ff       2.0030              -99    -99  999 999 999 999 999 999  -1    -99    -99   -99    -99      0 0  -9.666  0.001    0   1   0 214   0   0  14    -99    -99  2553  2.546  15442 1  
    51345.3934    86095    East         300       0x101ff       2.4100              -99    -99  999 999 999 999 999 999  -1    -99    -99   -99    -99      0 0  -9.682  0.002    0   1   0 155   0   0  14    -99    -99  2359  5.539  15442 1  
    51361.7769    87245    West         300       0x101ff       1.8977           -9.389  0.003    0   1   0 119   0   0   5    -99    -99  7628  5.321  15442 1  -9.687  0.003    0   1   0 134   0   0  11    -99    -99  9266  5.397  15442 1  
    51381.7644    88145    West         300       0x001bf       1.6474           -9.416  0.003    0   1   0 100   0   0   5    -99    -99  2436  6.207  15442 1  -9.730  0.003    0   1   0 119   0   0  11    -99    -99  2306  6.379  15442 1  
    51389.8313    88658    West         300       0x101ff       1.3270           -9.418  0.003    0   1   0 153   0   0   5    -99    -99  8658  5.461  15442 1  -9.736  0.003    0   1   0 142   0   0  11    -99    -99 11678  5.480  15442 1  
    51393.7843    89179    West         300       0x101ff       1.4292           -9.345  0.003    0   1   0 126   0   0   5    -99    -99 10223  3.432  15442 1  -9.662  0.002    0   1   0 137   0   0  11    -99    -99  8816  3.442  15442 1  
    51401.7652    89704    West         300       0x101ff       1.4203           -9.417  0.002    0   1   0 142   0   0   5    -99    -99  3167  4.883  15442 1  -9.723  0.002    0   1   0 156   0   0  11    -99    -99  2728  4.966  15442 1  
    51407.7120    90116    West         300       0x101ff       1.5596           -9.393  0.002    0   1   0 166   0   0   5    -99    -99  2693  3.436  15442 1  -9.687  0.001    0   1   0 187   0   0  11    -99    -99  2663  3.358  15442 1  
    51410.8152    90357    West         300       0x101ff       1.2478           -9.396  0.002    0   1   0 253   0   0   5    -99    -99  3804  4.866  15442 1  -9.702  0.002    0   1   0 253   0   0  11    -99    -99  3569  4.883  15442 1  
    51413.7818    90652    West         300       0x101ff       1.2917           -9.401  0.002    0   1   0 182   0   0   5    -99    -99  2951  2.374  15442 1  -9.703  0.002    0   1 255 189 213   0  11    -99    -99  2840  2.286  15442 1  
    51420.8030    91086    West         300       0x101ff       1.2276              -99    -99  999 999 999 999 999 999  -1    -99    -99   -99    -99      0 0  -9.672  0.002    0   1 255 202 206   0  11    -99    -99  7060  2.552  15442 1  
    51423.8092    91274    West         300       0x101ff       1.2123           -9.335  0.002    0   1 255 212 209   0   5    -99    -99  6471  2.454  15442 1  -9.685  0.002    0   1 255 206 231   0  11    -99    -99  7876  2.426  15442 1  
    51427.6866    91466    West         300       0x0013f       1.4453           -9.377  0.002    0   1   0 157   0   0   5    -99    -99  2332  3.592  15442 1  -9.697  0.002    0   1   0 170   0   0  11    -99    -99  2435  3.568  15442 1  
    51433.6389    91826    West         300       0x101ff       1.5687           -9.374  0.002    0   1   0 199   0   0   5    -99    -99  2603  2.915  15442 1  -9.691  0.001    0   1   0 201   0   0  11    -99    -99  2584  2.767  15442 1  
    51435.6565    92005    West         300       0x101ff       1.4750           -9.378  0.002    0   1   0 176   0   0   5    -99    -99  2817  3.111  15442 1  -9.694  0.001    0   1   0 204   0   0  11    -99    -99  2792  3.029  15442 1  
    51439.7660    92150    West         300       0x101ff       1.2118              -99    -99  999 999 999 999 999 999  -1    -99    -99   -99    -99      0 0  -9.687  0.002    0   1   0 167   0   0  11    -99    -99  2170  3.565  15442 1  
    51443.6595    92345    West         300       0x101ff       1.3919           -9.382  0.002    0   1   0 149   0   0   5    -99    -99  7492  2.990  15442 1  -9.705  0.002    0   1   0 166   0   0  11    -99    -99 11208  2.942  15442 1  
    51443.7350    92362    West         300       0x101ff       1.2338           -9.384  0.002    0   1   0 135   0   0   5    -99    -99  5441  3.134  15442 1  -9.711  0.002    0   1   0 159   0   0  11    -99    -99  7187  3.110  15442 1  
    51450.6644    92537    West         300       0x101ff       1.3275           -9.362  0.002    0   1   0 176   0   0   5    -99    -99  6014  2.526  15442 1  -9.696  0.002    0   1 255 185 216   0  11    -99    -99  6265  2.349  15442 1  
    51462.5629    92682    West         300       0x101ff       1.5542           -9.359  0.004    0   1   0 115   0   0   5    -99    -99  2352  6.520  15442 1  -9.686  0.003    0   1   0 129   0   0  11    -99    -99  2540  6.684  15442 1  
    51463.7303    92791    West         300       0x101ff       1.1922           -9.358  0.003    0   1   0 174   0   0   5    -99    -99  3497  3.608  15442 1  -9.692  0.003    0   1   0 176   0   0  11    -99    -99  3213  3.675  15442 1  
    51470.5723    92931    West         300       0x101ff       1.4347           -9.367  0.006    0   1   0 122   0   0   5    -99    -99  7989  5.682  15442 1  -9.703  0.005    0   1   0 114   0   0  11    -99    -99  8059  5.636  15442 1  
    51471.7278    93029    West         300       0x101ff       1.1878           -9.363  0.002    0   1   0 179   0   0   5    -99    -99  2078  3.528  15442 1  -9.706  0.002    0   1   0 198   0   0  11    -99    -99  1898  3.671  15442 1  
    51477.4955    93143    West         300       0x101ff       1.6812           -9.337  0.004    0   1   0 114   0   0   5    -99    -99 17851  4.161  15442 1  -9.678  0.003    0   1   0 113 176   0  11    -99    -99 16224  4.172  15442 1  
    51478.6959    93233    West         300       0x101ff       1.1900           -9.339  0.002    0   1   0 136   0   0   5    -99    -99  6106  3.613  15442 1  -9.681  0.002    0   1   0 168   0   0  11    -99    -99  6490  3.753  15442 1  
    51482.5658    93341    West         300       0x101ff       1.3558           -9.338  0.003    0   1   0 147   0   0   5    -99    -99  2308  5.693  15442 1  -9.688  0.002    0   1   0 155   0   0  11    -99    -99  2189  5.754  15442 1  
    51489.6015    93545    West         300       0x101fb       1.2448           -9.360  0.003    0   1   0 131   0   0   5    -99    -99  3635  3.687  15442 1  -9.714  0.003    0   1   0 139   0   0  11    -99    -99  3731  3.757  15442 1  
    51492.6335    93644    West         300       0x1017f       1.2018           -9.375  0.002    0   1   0 212   0   0   5    -99    -99  2038  4.782  15442 1  -9.719  0.002    0   1   0 210   0   0  11    -99    -99  2242  4.865  15442 1  
    51495.5273    93765    West         300       0x101ff       1.3638           -9.367  0.002    0   1   0 171   0   0   5    -99    -99  2809  3.274  15442 1  -9.724  0.002    0   1   0 192   0   0  11    -99    -99  2928  3.236  15442 1  
    51505.5065    93861    West         300       0x101ff       1.3465           -9.311  0.002    0   1   0 132   0   0   5    -99    -99 12778  3.502  15442 1  -9.654  0.002    0   1   0 153   0   0  11    -99    -99 14924  3.478  15442 1  
    51510.5366    93973    West         300       0x101ff       1.2561           -9.322  0.002    0   1   0 235   0   0   5    -99    -99  1985  2.666  15442 1  -9.678  0.001    0   1   0 236   0   0  11    -99    -99  2113  2.593  15442 1  
    51512.6807    94055    West         300       0x101fb       1.2203           -9.344  0.002    0   1   0 198   0   0   5    -99    -99  2523  2.574  15442 1  -9.707  0.002    0   1 255 217 208   0  11    -99    -99  2854  2.506  15442 1  
    51514.5835    94164    West         300       0x101ff       1.1958           -9.376  0.002    0   1   0 176   0   0   5    -99    -99  2277  3.071  15442 1  -9.716  0.001    0   1   0 175   0   0  11    -99    -99  1979  3.008  15442 1  
    51515.6566    94243    West         300       0x101fb       1.2056           -9.325  0.002    0   1   0 168   0   0   5    -99    -99  2043  3.654  15442 1  -9.664  0.002    0   1   0 185   0   0  11    -99    -99  1740  3.780  15442 1  
    51530.5481    94477    West         300       0x101ff       1.1919           -9.352  0.005    0   1   0 118   0   0   5    -99    -99 15491  3.073  15442 1  -9.696  0.004    0   1   0 115   0   0  11    -99    -99 12978  3.094  15442 1  
    51533.6661    94569    East         300       0x000ff       1.2836              -99    -99  999 999 999 999 999 999  -1    -99    -99   -99    -99      0 0  -9.692  0.002    0   1   0 167   0   0  14    -99    -99 12088  3.051  15442 1  
    51542.5984    94672    West         300       0x101ff       1.2200           -9.297  0.002    0   1   0 167   0   0   5    -99    -99  2236  3.407  15442 1  -9.658  0.002    0   1   0 180   0   0  11    -99    -99  1761  3.471  15442 1  
