!  Star 50.9995.19                         RA  05 41 30.860   DEC  -68 02 51.20
#  277 observations from the production databases
#  Field inception date: 50235.0833
#  Pixel coordinate system: none
#
#  Template         magnitude        chip coordinates        west-chunk
#     Red:            -8.259          972.65,  938.39             41
#    Blue:            -7.094         1004.02,  944.59             57
#
!         Date    Obsid    Pier    Exposure     Checklist      Airmass             rMag   rErr  rDS rTF rCP rX2 rMP rCR  rA  rXpix  rYpix  rSky  rFWHM  rTobs r    bMag   bErr  bDS bTF bCP bX2 bMP bCR  bA  bXpix  bYpix  bSky  bFWHM  bTobs b  
    49000.6107     2713    West         300       0x101bf       1.2808           -8.320  0.009    0   1   0 104   0   0   6    -99    -99 10055  3.792  11816 1  -7.177  0.021   -5   1  10  87   0   0   8    -99    -99  8528  3.748  11816 1  
    49020.7402     3239    East         300       0x101bf       2.1470           -8.323  0.004    0   1  18 149   0   0   2    -99    -99  1637  4.974  11816 1  -7.235  0.008    0   1  27 118   0   0  12    -99    -99  1557  4.746  11816 1  
    49042.5776     3645    East         300       0x101bf       1.5166           -8.256  9.999    0   7   0 160   0   0   2    -99    -99  2283  2.320  11816 1  -7.188  0.004    0   1   0 112   0   0  12    -99    -99  1621  2.132  11816 1  
    49048.7044     3948    East         300       0x101bf       2.5481           -8.291  9.999    0   7   0  96   0   0   2    -99    -99  2404  9.522  11816 1  -7.204  9.999    0   5 255 101   0   0  12    -99    -99  1835  9.919  11816 1  
    49082.6489     4924    East         300       0x101bf       2.9844           -8.290  9.999    0   5 255  91   0   0   2    -99    -99 17021 10.051  11816 1     -99    -99  999 999 999 999 999 999  -1    -99    -99   -99    -99      0 0  
    49083.6033     4995    East         300       0x101bf       2.4787           -8.354  0.010    0   1  10  93 160   0   2    -99    -99 18490  5.083  11816 1  -7.163  0.038   36   1  40 121   0   0  12    -99    -99 34043  5.480  11816 1  
    49095.5950     5429    East         300       0x101bf       2.7601           -8.340  0.003    0   1   0 134   0   0   2    -99    -99  2768  3.014  11816 1  -7.230  0.006    0   1   0  92   0   0  12    -99    -99  2666  2.953  11816 1  
    49114.5524     6503    East         300       0x101bf       2.8661           -8.301  0.011    0   1  13  98   0   0   2    -99    -99 20623  5.041  11816 1  -7.192  0.028   28   1  30 104   0   0  12    -99    -99 19838  5.095  11816 1  
    49123.5301     6960    East         300       0x101bf       2.8922           -8.316  0.005    0   1   0 108   0   0   2    -99    -99  3636  4.013  11816 1  -7.233  0.009    0   1  19  84   0   0  12    -99    -99  2576  4.246  11816 1  
    49126.5080     7278    East         300       0x00110       2.7823           -8.314  0.003    0   1   0 133   0   0   2    -99    -99  3423  2.790  11816 1  -7.208  0.006    0   1   0 108   0   0  12    -99    -99  2441  2.818  11816 1  
    49126.5254     7281    East         300       0x101bf       2.9424           -8.316  0.004    0   1   0 131   0   0   2    -99    -99  3428  3.373  11816 1  -7.222  0.008    0   1   0 111   0   0  12    -99    -99  2453  3.541  11816 1  
    49165.8094     9213    West         300       0x101bf       1.8365           -8.289  0.004    0   1   2 137   0   0   6    -99    -99  2863  4.306  11816 1  -7.139  0.009    0   1  24 104   0   0   8    -99    -99  2207  4.411  11816 1  
    49186.7818    10079    West         300       0x101bf       1.6616           -8.318  0.008    0   1  17 101   0   0   6    -99    -99  4373  4.988  11816 1  -7.224  0.019    0   1  36  97   0   0   8    -99    -99  3393  5.227  11816 1  
    49194.7972    10383    West         300       0x101bf       1.4922           -8.314  0.005    0   1   7 122   0   0   6    -99    -99  2694  4.780  11816 1  -7.170  0.010    0   1  30  85   0   0   8    -99    -99  2082  4.967  11816 1  
    49209.7335    11033    West         300       0x100bf       1.5905           -8.307  0.006    0   1  21  99   0   0   6    -99    -99  3043  5.413  11816 1  -7.178  0.016    0   1  46  85   0   0   8    -99    -99  2974  5.727  11816 1  
    49216.7329    11398    West         300       0x101bf       1.5114           -8.274  0.007    0   1  27  98   0   0   6    -99    -99  2751  5.588  11816 1  -7.144  0.016    0   1  52  84   0   0   8    -99    -99  2241  5.820  11816 1  
    49222.7991    11816    West         300       0x101bf       1.2757           -8.267  0.003    0   1   0 191   0   0   6    -99    -99  2382  2.205  11816 1  -7.112  0.005    0   1   0 165   0   0   8    -99    -99  2184  2.230  11816 1  
    49255.7362    12281    West         300       0x101bf       1.2332           -8.263  0.003    0   1   0 151   0   0   6    -99    -99  2342  3.657  11816 1  -7.047  0.007    0   1  11 115   0   0   8    -99    -99  2120  3.825  11816 1  
    49268.7244    12731    West         300       0x101bf       1.2072           -8.286  0.003    0   1   0 130   0   0   6    -99    -99  3076  2.917  11816 1  -7.112  0.005    0   1   0 102   0   0   8    -99    -99  2977  2.861  11816 1  
    49280.7671    13011    West         300       0x101bf       1.1918           -8.284  0.004    0   1   0 130   0   0   6    -99    -99  6763  3.602  11816 1  -7.117  0.010   -6   1  13 101   0   0   8    -99    -99 10554  3.651  11816 1  
    49286.6518    13184    West         300       0x101bf       1.2324           -8.282  0.003    0   1   0 158   0   0   6    -99    -99  4100  2.854  11816 1  -7.114  0.007    0   1   0 116   0   0   8    -99    -99  6565  2.983  11816 1  
    49302.6946    13419    West         300       0x101bf       1.1876           -8.302  0.003    0   1   0 138   0   0   6    -99    -99  1666  3.633  11816 1  -7.152  0.006    0   1  10 102   0   0   8    -99    -99  1408  3.750  11816 1  
    49309.6412    13539    West         300       0x101bf       1.1909           -8.290  0.002    0   1   0 145   0   0   6    -99    -99  1904  2.446  11816 1  -7.111  0.004    0   1   0 123   0   0   8    -99    -99  1842  2.458  11816 1  
    49313.6474    13716    West         300       0x101bf       1.1862           -8.302  0.004    0   1   0 118   0   0   6    -99    -99  2141  4.368  11816 1  -7.150  0.008    0   1  22  87   0   0   8    -99    -99  1702  4.651  11816 1  
    49376.7021    14076    East         300       0x101bf       1.7034           -8.349  0.003    0   1   0 121   0   0   2    -99    -99  2431  3.776  11816 1  -7.234  0.006    0   1   0  97   0   0  12    -99    -99  1655  3.907  11816 1  
    49399.6736    14607    East         300       0x101bf       1.9170           -8.367  0.004    0   1   9 135 152   0   2    -99    -99  2333  4.659  11816 1  -7.221  0.010    0   1  30 101 209   0  12    -99    -99  2054  4.777  11816 1  
    49412.4402    14914    East         300       0x100bf       2.4105           -8.347  0.005    0   1   0 126   0   0   2    -99    -99  8052  3.789  11816 1  -7.134  0.013   36   1   2 189   0   0  12    -99    -99 10695  3.704  11816 1  
    49424.6944    15211    East         300       0x100bf       2.7776           -8.346  0.006    0   1   9  99 128   0   2    -99    -99  4169  5.265  11816 1  -7.266  0.016   20   1  31 107 217   0  12    -99    -99  2842  5.430  11816 1  
    49448.6424    16059    East         300       0x101bf       2.9397           -8.314  0.020    0   3  44  70 201   0   2    -99    -99  3431  8.492  11816 1  -7.190  9.999    0   7   0  89   0   0  12    -99    -99  3248  8.967  11816 1  
    49460.6072    16605    East         300       0x101bf       2.9067           -8.338  0.005    0   1  10 135   0   0   2    -99    -99  3152  4.828  11816 1  -7.239  0.010    0   1  33 102   0   0  12    -99    -99  2291  4.836  11816 1  
    49472.5804    17229    East         300       0x101bf       2.9853           -8.350  0.008    0   1  12  86   0   0   2    -99    -99  7072  5.423  11816 1  -7.257  0.020    0   1  44 116   0   0  12    -99    -99  6039  5.691  11816 1  
    49530.7492    19703    West         300       0x101bf       2.3227           -8.345  0.006    0   1  19 108   0   0   6    -99    -99  7078  4.954  11816 1  -7.217  0.018    0   1  41  87   0   0   8    -99    -99  8855  5.205  11816 1  
    49537.7657    20134    West         300       0x101bf       2.0136           -8.235  9.999    0   5 255  93   0   0   6    -99    -99  3912 10.343  11816 1     -99    -99  999 999 999 999 999 999  -1    -99    -99   -99    -99      0 0  
    49546.7779    20728    West         300       0x101bf       1.7634           -8.349  0.004    0   1   0  95   0   0   6    -99    -99  2838  4.142  11816 1  -7.227  0.008    0   1  16  86   0   0   8    -99    -99  2173  4.379  11816 1  
    49553.7527    21181    West         300       0x100bf       1.8000           -8.354  0.007    0   1  20  99 121   0   6    -99    -99  9422  5.110  11816 1  -7.161  0.021    0   1  46 136  34   4   8    -99    -99  8273  5.369  11816 1  
    49566.7389    21922    West         300       0x101bf       1.6753           -8.284  0.004    0   1   0 108   0   0   6    -99    -99  2950  3.827  11816 1  -7.128  0.008    0   1  17  77   0   0   8    -99    -99  2224  4.019  11816 1  
    49573.7331    22431    West         300       0x101bf       1.6083           -8.312  0.004    0   1   0 120   0   0   6    -99    -99  2911  3.785  11816 1  -7.176  0.008    0   1  14  95   0   0   8    -99    -99  2175  3.919  11816 1  
    49579.7444    22806    West         300       0x101bf       1.4893           -8.319  0.002    0   1   0 151   0   0   6    -99    -99  3150  1.872  11816 1  -7.179  0.004    0   1   0 126   0   0   8    -99    -99  2324  1.897  11816 1  
    49592.6890    23527    West         300       0x101bf       1.5728           -8.290  0.007    0   1   9 101   0   0   6    -99    -99  5899  4.515  11816 1  -7.154  0.017    0   1  26  90   0   0   8    -99    -99  4666  4.720  11816 1  
    49607.7178    24251    West         300       0x101bf       1.3341           -8.298  0.004    0   1   0  99   0   0   6    -99    -99  2588  3.655  11816 1  -7.145  0.009    0   1   9  83   0   0   8    -99    -99  2525  3.749  11816 1  
    49617.6755    24790    West         300       0x101bf       1.3739           -8.260  0.009    0   1  20  96   0   0   6    -99    -99  8842  5.045  11816 1  -7.122  0.026    0   1  39  83   0   0   8    -99    -99 10355  5.264  11816 1  
    49630.7199    25399    West         300       0x101bf       1.2200           -8.254  0.003    0   1   0 149   0   0   6    -99    -99  2014  2.262  11816 1  -7.064  0.005    0   1   0 102   0   0   8    -99    -99  1924  2.246  11816 1  
    49640.7056    25815    West         300       0x101bf       1.2072           -8.215  0.003    0   1   0 151   0   0   6    -99    -99  2870  2.127  11816 1  -7.015  0.005    0   1   0 109   0   0   8    -99    -99  3365  2.101  11816 1  
    49649.7055    26108    West         300       0x101bf       1.1913           -8.300  0.003    0   1   0 137   0   0   6    -99    -99  4121  2.431  11816 1  -7.138  0.006    0   1   0  84   0   0   8    -99    -99  3868  2.422  11816 1  
    49681.6021    26632    West         300       0x101bf       1.2007              -99    -99  999 999 999 999 999 999  -1    -99    -99   -99    -99      0 0  -7.104  0.005    0   1   0 111   0   0   8    -99    -99  2617  2.656  11816 1  
    49699.5567    27165    West         300       0x101bf       1.1981              -99    -99  999 999 999 999 999 999  -1    -99    -99   -99    -99      0 0  -7.114  0.007    0   1   0 101   0   0   8    -99    -99  5989  3.058  11816 1  
    49717.5259    27499    East         300       0x101bf       1.1876           -8.304  0.003    0   1   0 130   0   0   2    -99    -99  2002  2.619  11816 1  -7.167  0.005    0   1   0 107   0   0  12    -99    -99  1847  2.687  11816 1  
    49728.7388    27643    East         300       0x101bf       1.7073           -8.349  0.003    0   1   0 191   0   0   2    -99    -99  3857  2.495  11816 1  -7.215  0.004    0   1   0 123   0   0  12    -99    -99  2264  2.291  11816 1  
    49740.5920    27838    East         300       0x101bf       1.2932           -8.273  0.003    0   1   0 111   0   0   2    -99    -99  2601  2.757  11816 1  -7.104  0.005    0   1   0 106   0   0  12    -99    -99  2829  2.763  11816 1  
    49743.5096    27940    East         300       0x101bf       1.1955           -8.303  0.003    0   1   0 123 118   0   2    -99    -99  1958  2.722  11816 1  -7.168  0.005    0   1   0  95   0   0  12    -99    -99  1669  2.798  11816 1  
    49746.7143    28027    East         300       0x101bf       1.8574           -8.334  0.002    0   1   0 171   0   0   2    -99    -99  2191  2.367  11816 1  -7.199  0.004    0   1   0 151  38   1  12    -99    -99  1633  2.356  11816 1  
    49752.5436    28261    East         300       0x101bf       1.2633           -8.340  0.003    0   1   0 154   0   0   2    -99    -99  1721  3.769  11816 1  -7.218  0.006    0   1   8 104   0   0  12    -99    -99  1406  3.643  11816 1  
    49755.7603    28388    East         300       0x101bf       2.4597           -8.353  0.004    0   1   0 116   0   0   2    -99    -99  3884  3.887  11816 1  -7.249  0.007    0   1   0  98   0   0  12    -99    -99  2496  3.835  11816 1  
    49788.5011    28835    East         300       0x101bf       1.3954           -8.301  0.004    0   1   5 104   0   0   3    -99    -99  5001  4.411  11816 1  -7.170  0.011    0   1  28  85   0   0  12    -99    -99  4433  4.447  11816 1  
    49797.6146    29211    East         300       0x101bf       2.1612           -8.390  0.003    0   1   0 130   0   0   3    -99    -99  5491  3.032  11816 1  -7.280  0.006    0   1   0 114   0   0  12    -99    -99  5013  2.906  11816 1  
    49808.5640    29758    East         300       0x101bf       1.9933           -8.277  0.003    0   1   0 137   0   0   3    -99    -99  2236  3.872  11816 1  -7.142  0.007    0   1   0 136   0   0  12    -99    -99  1649  3.792  11816 1  
    49829.5194    30455    East         300       0x101bf       2.0946           -8.322  0.003    0   1   0 133   0   0   3    -99    -99  2279  3.185  11816 1  -7.214  0.006    0   1   0  95   0   0  12    -99    -99  1811  3.157  11816 1  
    49927.8333    33641    West         300       0x101bf       1.3545           -8.324  0.009    0   1  30  85   0   0   6    -99    -99  5828  5.856  11816 1  -7.186  0.020    0   1  52  83   0   0   8    -99    -99  3231  6.151  11816 1  
    49937.6212    34260    West         300       0x101bf       2.4627           -8.279  9.999    0   7   0  75   0   0   6    -99    -99 12567  8.850  11816 1     -99    -99  999 999 999 999 999 999  -1    -99    -99   -99    -99      0 0  
    49939.7981    34521    West         300       0x101bf       1.3608           -8.289  0.004    0   1   0 152   0   0   6    -99    -99  9842  2.701  11816 1  -7.167  0.010    0   1   0 102   0   0   8    -99    -99 13709  2.811  11816 1  
    49942.8279    34827    West         300       0x101bf       1.2747           -8.265  0.004    0   1   0 158   0   0   6    -99    -99 13894  2.753  11816 1  -7.119  0.009    0   1   0 114   0   0   8    -99    -99 10992  2.865  11816 1  
    49947.6075    35190    West         300       0x101bf       2.3262           -8.302  0.005    0   1  11 107   0   0   6    -99    -99  3388  4.704  11816 1  -7.184  0.012    0   1  28  89   0   0   8    -99    -99  2385  4.887  11816 1  
    49953.7305    35640    West         300       0x101bf       1.4523           -8.321  0.003    0   1   0 168   0   0   6    -99    -99  2129  2.319  11816 1  -7.178  0.005    0   1   0 104   0   0   8    -99    -99  1864  2.352  11816 1  
    49970.7881    36423    West         300       0x101bf       1.2209           -8.304  0.003    0   1   0 145   0   0   6    -99    -99  5681  2.924  11816 1  -7.180  0.009    0   1   0  92   0   0   8    -99    -99  9188  3.027  11816 1  
    49982.6386    36813    West         300       0x101bf       1.4999           -8.275  0.002    0   1   0 193   0   0   6    -99    -99  2541  1.970  11816 1  -7.113  0.005    0   1   0 127   0   0   8    -99    -99  2142  1.968  11816 1  
    49987.6728    36963    West         300       0x101bf       1.3458           -8.302  0.003    0   1   0 175   0   0   6    -99    -99  2135  2.813  11816 1  -7.166  0.006    0   1   0 124   0   0   8    -99    -99  2062  2.830  11816 1  
    49998.6425    37326    West         300       0x101bf       1.3467           -8.342  0.003    0   1   0 179   0   0   6    -99    -99 11016  2.686  11816 1  -6.956  0.012   32  41   0 222   0   0   8    -99    -99 17693  2.730  11816 1  
    50013.7398    37706    West         300       0x101bf       1.1864           -8.240  0.003    0   1   0 152   0   0   6    -99    -99  1839  3.515  11816 1  -7.044  0.006    0   1   6  97   0   0   8    -99    -99  1501  3.474  11816 1  
    50071.7071    38669    West         300       0x101bf       1.3437           -8.309  0.004    0   1   0 123   0   0   6    -99    -99  2132  3.908  11816 1  -7.155  0.008    0   1  22  93   0   0   8    -99    -99  1830  3.957  11816 1  
    50078.6922    38822    East         300       0x101bf       1.3544           -8.287  0.005    0   1  23  99 114   0   3    -99    -99  2298  5.370  11816 1  -7.151  0.009    0   1  31  85   0   0  12    -99    -99  1316  5.280  11816 1  
    50107.6280    39184    East         300       0x101bf       1.3975           -8.314  0.003    0   1   0 126   0   0   3    -99    -99  2491  3.203  11816 1  -7.182  0.005    0   1   0  98   0   0  12    -99    -99  1310  3.215  11816 1  
    50127.6705    39653    East         300       0x101bf       1.8530           -8.299  0.004    0   1  14  93 119   0   3    -99    -99  2066  4.786  11816 1  -7.191  0.008    0   1  32 132   0   0  12    -99    -99  1551  4.714  11816 1  
    50159.6614    40505    East         300       0x101bf       2.5344           -8.301  0.006    0   3  22  92 214   0   3    -99    -99  2979  5.437  11816 1  -7.212  0.012    0   1  44 159   0   0  12    -99    -99  1780  5.541  11816 1  
    50181.6181    41364    East         300       0x101bf       2.7258           -8.300  0.004    0   1   0 110   0   0   3    -99    -99  7338  3.587  11816 1  -7.196  0.009    0   1   0 153   0   0  12    -99    -99  6116  3.442  11816 1  
    50201.5058    42255    East         300       0x101af       2.1358           -8.301  9.999    0   7   0 205   0   0   3    -99    -99  6409  5.420  11816 1  -7.201  0.016    6   1  25 134 206   0  12    -99    -99  6394  5.690  11816 1  
    50227.4724    43516    East         300       0x101bf       2.4991           -8.318  0.004    0   1   0 114   0   0   3    -99    -99  4126  4.038  11816 1  -7.197  0.008    0   1  12 128   0   0  12    -99    -99  3022  4.016  11816 1  
    50239.4654    44487    East         300       0x101bf       2.7947           -8.339  0.004    0   1   0 135   0   0   3    -99    -99  4691  4.054  11816 1  -7.239  0.009    0   1  12  87   0   0  12    -99    -99  3666  4.130  11816 1  
    50300.7665    46752    West         300       0x101bf       1.5041           -8.258  0.008    0   1  37 118 182   0   6    -99    -99  3031  6.746  11816 1  -7.178  0.016    0   1  53  79 123   0   8    -99    -99  3343  6.638  11816 1  
    50311.8031    47623    West         300       0x0013f       1.3038           -8.290  0.004    0   1 255 130 197   0   6    -99    -99  2529  4.329  11816 1  -7.129  0.007    0  41  17  91   0   0   8    -99    -99  1918  4.457  11816 1  
    50348.7772    48863    West         300       0x101bf       1.1990           -8.309  0.004    0   1  10  92 150   0   6    -99    -99  2256  4.816  11816 1  -7.113  9.999    0  47   0  64   0   0   8    -99    -99  2002  4.983  11816 1  
    50368.7446    49429    West         300       0x101bf       1.1883           -8.333  0.004    0   1   7  86 181   0   6    -99    -99  2524  4.744  11816 1  -7.147  0.009    0   1  25  90   0   0   8    -99    -99  1695  4.905  11816 1  
    50374.7464    49711    West         300       0x101bf       1.1858           -8.323  0.003    0   1   0 139   0   0   6    -99    -99  1901  3.867  11816 1  -7.164  0.006    0   1  12  95   0   0   8    -99    -99  1695  3.875  11816 1  
    50376.7302    49773    West         300       0x101bf       1.1866           -8.324  0.003    0   1   0 142   0   0   6    -99    -99  2323  3.462  11816 1  -7.168  0.006    0   1   0  92   0   0   8    -99    -99  1880  3.504  11816 1  
    50389.7073    50149    West         300       0x101bf       1.1858           -8.313  0.003    0   1   0 170   0   0   6    -99    -99  2608  2.536  11816 1  -7.159  0.005    0   1   0 116   0   0   8    -99    -99  2489  2.474  11816 1  
    50401.6132    50441    West         300       0x101ff       1.2157           -8.294  0.003    0   1   0 114   0   0   6    -99    -99  1679  4.079  11816 1  -7.151  0.007    0   1  28  85   0   0   8    -99    -99  1701  4.020  11816 1  
    50410.7116    50730    West         300       0x101ff       1.2216           -8.317  0.003    0   1   0 156   0   0   6    -99    -99  6520  2.641  11816 1  -7.161  0.006    0   1   0 102   0   0   8    -99    -99  7117  2.723  11816 1  
    50425.7296    51165    West         300       0x1017f       1.3233           -8.305  0.004    0   1   0 112   0   0   6    -99    -99  4156  4.023  11816 1  -7.141  0.008    0   1  20  92   0   0   8    -99    -99  3417  3.987  11816 1  
    50433.6458    51474    East         300       0x101ff       1.2177           -8.305  0.007    0   1  10  89   0   0   3    -99    -99  2988  4.609  11816 1  -7.166  0.016    0   1  27  94   0   0  12    -99    -99  2238  4.700  11816 1  
    50444.7366    51803    East         300       0x101ff       1.5087           -8.288  0.037    0   1   7 105   0   0   3    -99    -99 31822  4.032  11816 1  -6.872  0.100   23   1   0 103   0   0  12    -99    -99 20892  3.363  11816 1  
    50456.6610    52191    East         300       0x101ff       1.3642           -8.329  0.002    0   1   0 164   0   0   3    -99    -99  1720  2.781  11816 1     -99    -99  999 999 999 999 999 999  12    -99    -99  1267  2.364  11816 0  
    50480.5676    52734    East         300       0x101ff       1.2967           -8.323  0.005    0   1   0 105   0   0   3    -99    -99  3189  3.541  11816 1  -7.183  0.011    0   1   0  93   0   0  12    -99    -99  2372  3.542  11816 1  
    50484.7319    52865    East         300       0x001b3       2.1474           -8.336  0.010    0   1   0  97   0   0   3    -99    -99  3156  2.929  11816 1  -7.182  0.024    0   1   0 135   0   0  12    -99    -99  2289  2.750  11816 1  
    50492.6323    52994    East         300       0x001af       1.6285              -99    -99  999 999 999 999 999 999  -1    -99    -99   -99    -99      0 0  -7.243  0.005    0   1   6 116   0   0  12    -99    -99  1113  3.437  11816 1  
    50494.6416    53078    East         300       0x101ff       1.7061           -8.346  0.003    0   1   0 128   0   0   3    -99    -99  1792  3.031  11816 1  -7.235  0.005    0   1   0 103   0   0  12    -99    -99  1308  3.191  11816 1  
    50498.6584    53307    East         300       0x001bf       1.8772           -8.343  0.003    0   1   0 136   0   0   3    -99    -99  6760  3.252  11816 1  -7.242  0.008    0   1   0  94   0   0  12    -99    -99  7440  3.113  11816 1  
    50507.5911    53459    East         300       0x101ff       1.6273           -8.320  0.002    0   1   0 153   0   0   3    -99    -99  3819  2.238  11816 1  -7.190  0.005    0   1   0 118   0   0  12    -99    -99  3478  2.256  11816 1  
    50510.5975    53556    East         300       0x101ff       1.7036           -8.300  0.002    0   1   0 131   0   0   3    -99    -99  2303  2.470  11816 1  -7.154  0.005    0   1   0 123   0   0  12    -99    -99  1437  2.357  11816 1  
    50519.5852    53739    East         300       0x101ff       1.7744           -8.313  0.007    0   3 255  73 227   0   3    -99    -99  2186  5.590  11816 1  -7.221  0.011    0   1  37  95   0   0  12    -99    -99  1414  5.639  11816 1  
    50521.6981    53879    East         300       0x101ff       2.8592           -8.339  0.004    0   1   3  91   0   0   3    -99    -99  2232  4.824  11816 1  -7.273  0.009    0   1  21 158 107  87  12    -99    -99  1752  4.816  11816 1  
    50526.5429    54082    East         300       0x101ff       1.6453           -8.362  0.006    0   1  21  91   0   0   3    -99    -99  5508  5.274  11816 1  -7.253  0.015    0   1  33  89   0   0  12    -99    -99  5543  5.364  11816 1  
    50529.6202    54253    East         300       0x101ff       2.2481           -8.346  0.005    0   1   0 113   0   0   3    -99    -99 12053  3.448  11816 1  -7.271  0.014    0   1   0 123   0   0  12    -99    -99 18853  3.344  11816 1  
    50532.5260    54408    East         300       0x101ff       1.6432           -8.306  0.004    0   1   0 111   0   0   3    -99    -99 13205  2.836  11816 1  -7.171  0.013    0   1   0 100   0   0  12    -99    -99 17674  2.784  11816 1  
    50534.6399    54558    East         300       0x101ff       2.5910           -8.302  0.009    0   1   7  90   0   0   3    -99    -99 13753  4.825  11816 1  -7.230  0.026    0   1  27 108   0   0  12    -99    -99 11935  5.104  11816 1  
    50539.5633    54742    East         300       0x101ff       1.9975           -8.300  0.003    0   1   0 128   0   0   3    -99    -99  2640  2.806  11816 1  -7.174  0.005    0   1   0 112   0   0  12    -99    -99  1485  2.771  11816 1  
    50542.4934    54885    East         300       0x101ff       1.6172           -8.286  0.004    0   1   0  93   0   0   3    -99    -99  2690  4.593  11816 1  -7.168  0.009    0   1  25  89   0   0  12    -99    -99  1531  4.619  11816 1  
    50545.5088    55135    East         300       0x101ff       1.7426           -8.257  0.007    0   3  22  78 225   0   3    -99    -99  2090  5.536  11816 1  -7.147  0.012    0   1  42  91   0   0  12    -99    -99  1484  5.565  11816 1  
    50547.6101    55343    East         300       0x101fb       2.6564           -8.290  0.003    0   1   0 109   0   0   3    -99    -99  2502  3.017  11816 1  -7.175  0.007    0   1   0  94   0   0  12    -99    -99  1828  3.013  11816 1  
    50551.5433    55536    East         300       0x101ff       2.1007           -8.287  0.003    0   1   0 159   0   0   3    -99    -99  2602  3.075  11816 1  -7.145  0.006    0   1   0 113   0   0  12    -99    -99  1667  2.738  11816 1  
    50553.6162    55698    East         300       0x101ff       2.9281           -8.314  0.003    0   1   0 117   0   0   3    -99    -99  2335  3.173  11816 1  -7.209  0.007    0   1   0 105   0   0  12    -99    -99  1904  2.973  11816 1  
    50557.5606    55893    East         300       0x101bf       2.4135           -8.329  0.004    0   1   0  94   0   0   3    -99    -99  7802  3.684  11816 1  -7.209  0.013    0   1   0 140   0   0  12    -99    -99 11586  3.628  11816 1  
    50565.4414    56146    East         300       0x101ff       1.6721           -8.357  0.002    0   1   0 148   0   0   3    -99    -99  2666  2.558  11816 1  -7.229  0.005    0   1   0 131   0   0  12    -99    -99  1567  2.618  11816 1  
    50569.4451    56524    East         300       0x1017f       1.7537           -8.359  0.003    0   1   0 142   0   0   3    -99    -99  2930  2.920  11816 1  -7.236  0.006    0   1   0 122   0   0  12    -99    -99  1854  3.068  11816 1  
    50576.5403    56892    East         300       0x101ff       2.7669           -8.354  0.006    0   1  15  89   0   0   3    -99    -99  2928  5.367  11816 1  -7.262  0.014    0   1  29  95   0   0  12    -99    -99  1991  5.551  11816 1  
    50579.5128    57113    East         300       0x101ff       2.5440           -8.308  0.004    0   1   4 100   0   0   3    -99    -99  1971  4.604  11816 1  -7.183  0.010    0   1  27 135   0   0  12    -99    -99  1609  4.863  11816 1  
    50582.3864    57370    East         300       0x101bf       1.6279           -8.264  0.004    0   1   0 138   0   0   3    -99    -99  4884  3.749  11816 1  -7.096  0.009    0   1   0  94   0   0  12    -99    -99  3976  3.338  11816 1  
    50595.4102    57562    East         300       0x101ff       1.9969           -8.399  0.004    0   1   0 117   0   0   3    -99    -99  3133  4.356  11816 1  -7.314  0.008    0   1  28 108   0   0  12    -99    -99  1900  4.761  11816 1  
    50600.4318    57961    East         300       0x101ff       2.3010           -8.352  0.003    0   1   0 102   0   0   3    -99    -99  4425  3.066  11816 1  -7.256  0.006    0   1   0  85   0   0  12    -99    -99  2056  3.057  11816 1  
    50605.8075    58391    West         300       0x101ff       2.3080           -8.330  0.008    0   3  25  57 218   0   6    -99    -99  3127  5.728  11816 1  -7.181  0.015    0   1  46  82   0   0   8    -99    -99  2130  5.957  11816 1  
    50609.4261    58733    East         300       0x101bf       2.4917           -8.307  0.003    0   1   0 112   0   0   3    -99    -99  2912  3.638  11816 1  -7.204  0.008    0   1   7 136   0   0  12    -99    -99  2581  3.755  11816 1  
    50614.4310    58961    East         300       0x101ff       2.7008           -8.294  0.007    0   3  12  81 193   0   3    -99    -99  5411  5.581  11816 1  -7.181  0.022    0   1  38 118   0   0  12    -99    -99  6364  5.708  11816 1  
    50617.4450    59288    East         300       0x101ff       2.9738           -8.343  0.006    0   1   0  94   0   0   3    -99    -99 12871  4.348  11816 1  -7.191  0.020    0   1  17 129   0   0  12    -99    -99 12663  4.519  11816 1  
    50622.7933    59674    West         300       0x101ff       2.0278           -8.292  0.004    0   1   0 103   0   0   6    -99    -99  9383  2.923  11816 1  -7.172  0.010    0   1   0  92   0   0   8    -99    -99 10185  3.077  11816 1  
    50632.7733    60070    West         300       0x101ff       1.9714           -8.296  0.023    0   1  10  80   0   0   6    -99    -99  7791  4.507  11816 1  -7.181  0.069  -17   1  24 102   0   0   8    -99    -99  7279  4.637  11816 1  
    50648.7603    61111    West         300       0x101ff       1.7660           -8.275  0.004    0   1   0 112   0   0   6    -99    -99 13970  3.057  11816 1  -7.117  0.012    0   1   0  84   0   0   8    -99    -99 15013  3.134  11816 1  
    50656.7033    61648    West         300       0x101ff       2.0051           -8.275  0.005    0   1  12  96   0   0   6    -99    -99  3888  4.553  11816 1  -7.165  0.011    0   1  30  86   0   0   8    -99    -99  2850  4.604  11816 1  
    50659.7233    61943    West         300       0x101ff       1.8090           -8.291  0.003    0   1   0 175   0   0   6    -99    -99  3517  2.512  11816 1  -7.151  0.006    0   1   0 118   0   0   8    -99    -99  2256  2.556  11816 1  
    50662.6500    62221    West         300       0x101ff       2.3252           -8.301  0.004    0   1   0 115   0   0   6    -99    -99  4064  3.487  11816 1  -7.179  0.008    0   1   9 100   0   0   8    -99    -99  2405  3.596  11816 1  
    50670.7069    62693    West         300       0x101ff       1.7275           -8.291  0.004    0   1   0 106   0   0   6    -99    -99  3976  3.622  11816 1  -7.163  0.010    0   1   7  94   0   0   8    -99    -99  2860  3.710  11816 1  
    50674.8147    62932    West         300       0x101ff       1.2921           -8.294  0.003    0   1   0 148   0   0   6    -99    -99  2494  2.687  11816 1  -7.132  0.005    0   1   0 114   0   0   8    -99    -99  1923  2.743  11816 1  
    50679.6070    63280    West         300       0x101ff       2.2927           -8.273  0.005    0   1   0  98   0   0   6    -99    -99 11505  3.463  11816 1  -7.129  0.018  -17   1   9  93   0   0   8    -99    -99 21363  3.685  11816 1  
    50680.7912    63431    West         300       0x101ff       1.3073           -8.265  0.003    0   1   0 150 180   0   6    -99    -99  5785  2.571  11816 1  -7.087  0.008    0   1   0  98   0   0   8    -99    -99  9099  2.625  11816 1  
    50682.7513    63636    West         300       0x000bf       1.3974           -8.276  0.009    0   1  28 104 157   0   6    -99    -99  5359  5.957  11816 1  -7.132  0.026    0   1  47  94   0   0   8    -99    -99  5899  6.192  11816 1  
    50686.8050    63809    West         300       0x101ff       1.2506           -8.282  0.004    0   1   0 110   0   0   6    -99    -99  2984  4.211  11816 1  -7.149  0.009    0   1  24  88   0   0   8    -99    -99  2157  4.258  11816 1  
    50699.7569    64120    West         300       0x101ff       1.2720           -8.331  0.005    0   1  18  98   0   0   6    -99    -99  2253  4.849  11816 1  -7.196  0.011   -3   1  29  81   0   0   8    -99    -99  1910  5.006  11816 1  
    50703.6535    64269    West         300       0x101ff       1.5447           -8.299  0.005    0   1   0 112   0   0   6    -99    -99  8368  2.372  11816 1  -7.186  0.011   -4   1   0  96   0   0   8    -99    -99  7196  2.386  11816 1  
    50707.7849    64423    West         300       0x101ef       1.2061           -8.247  0.003    0   1   0 220 119   0   6    -99    -99  2047  2.904  11816 1  -7.160  0.006    0   1   0 108   0   0   8    -99    -99  1707  2.953  11816 1  
    50716.6274    64571    West         300       0x101ff       1.5063           -8.322  0.003    0   1   0 163   0   0   6    -99    -99  2282  2.192  11816 1  -7.143  0.005    0   1   0 127   0   0   8    -99    -99  1965  2.199  11816 1  
    50718.6690    64688    West         300       0x101ff       1.3516           -8.326  0.003    0   1   0 137   0   0   6    -99    -99  1936  2.983  11816 1  -7.176  0.006    0   1   0  87   0   0   8    -99    -99  1944  3.030  11816 1  
    50720.5914    64816    West         300       0x101ff       1.6169           -8.329  0.003    0   1   0 177   0   0   6    -99    -99  2682  2.467  11816 1  -7.171  0.005    0   1   0 117   0   0   8    -99    -99  2149  2.479  11816 1  
    50721.7029    64927    West         300       0x101ff       1.2614           -8.383  0.003    0   1   0 150 209   0   6    -99    -99  1973  2.495  11816 1  -7.179  0.005    0   1   0 128   0   0   8    -99    -99  1942  2.505  11816 1  
    50724.6775    65085    West         300       0x101ff       1.2935           -8.323  0.005    0   1 255 111 192   0   6    -99    -99  1805  4.688  11816 1  -7.189  0.010    0  41  31  92   0   0   8    -99    -99  1786  4.763  11816 1  
    50726.6378    65228    West         300       0x101ff       1.3777           -8.353  0.003    0   1 255 163 220   0   6    -99    -99  2261  2.171  11816 1  -7.165  0.005    0   1   0 128   0   0   8    -99    -99  2142  2.162  11816 1  
    50731.5324    65329    West         300       0x101ff       1.7741           -8.311  0.004    0   1   0 118   0   0   6    -99    -99  5137  3.150  11816 1  -7.167  0.009    0   1   3  93   0   0   8    -99    -99  4820  3.212  11816 1  
    50732.7047    65439    West         300       0x101ff       1.2177           -8.338  0.005    0   1   5 103   0   0   6    -99    -99  1881  4.836  11816 1  -7.198  0.011    0   1  33  84   0   0   8    -99    -99  1740  4.979  11816 1  
    50734.5670    65550    West         300       0x101ff       1.5537           -8.327  0.004    0   1   0 105 209   0   6    -99    -99  6995  2.954  11816 1  -7.188  0.010    0   1   0  94   0   0   8    -99    -99 10907  3.014  11816 1  
    50735.7375    65650    West         300       0x101ff       1.1890           -8.388  0.016    0   3  40  83 189   0   6    -99    -99  5372  7.711  11816 1  -7.322  0.065  -19  41  63  80 211   0   8    -99    -99  8296  8.090  11816 1  
    50737.5439    65761    West         300       0x101ff       1.6225           -8.358  0.008    0   1  10  87   0   0   6    -99    -99 15415  4.679  11816 1  -7.205  0.028    0   1  35  98   0   0   8    -99    -99 21526  4.864  11816 1  
    50738.7342    65853    West         300       0x101ff       1.1876           -8.284  0.005    0   1   0 152 158   0   6    -99    -99  7217  4.295  11816 1  -7.132  0.012   31   1  22 101   0   0   8    -99    -99  8760  4.016  11816 1  
    50744.5189    66106    West         300       0x101ff       1.6515           -8.343  0.003    0   1   0 144   0   0   6    -99    -99  2983  2.913  11816 1  -7.211  0.006    0   1   0  96   0   0   8    -99    -99  2489  2.927  11816 1  
    50745.7445    66220    West         300       0x101ff       1.1875           -8.346  0.003    0   1   0 154   0   0   6    -99    -99  2485  3.330  11816 1  -7.205  0.007    0   1   5 103   0   0   8    -99    -99  2313  3.323  11816 1  
    50747.7331    66325    West         300       0x101ef       1.1864           -8.329  0.003    0   1   0 144   0   0   6    -99    -99  1696  3.654  11816 1  -7.189  0.007    0   1   4 101   0   0   8    -99    -99  1702  3.556  11816 1  
    50759.7445    66426    West         300       0x101bf       1.2094           -8.293  0.003    0   1   0 147   0   0   6    -99    -99  4847  3.336  11816 1  -7.134  0.006    0   1   0 114   0   0   8    -99    -99  4701  3.273  11816 1  
    50768.6953    66531    West         300       0x101bf       1.1923           -8.316  0.005    0   1   0 114   0   0   6    -99    -99  7567  4.046  11816 1  -7.166  0.011    0   1  15  96   0   0   8    -99    -99  6589  4.127  11816 1  
    50770.7116    66640    West         300       0x101bb       1.2070           -8.301  0.003    0   1   0 130   0   0   6    -99    -99  4706  3.464  11816 1  -7.138  0.006    0   1  11 105   0   0   8    -99    -99  4191  3.478  11816 1  
    50775.5370    66763    West         300       0x101bf       1.2962           -8.566  0.037 -121   9  91 131   0   0   6    -99    -99  4084  4.129  11816 1  -7.290  0.039 -136   1  45 114   0   0   8    -99    -99  3184  3.573  11816 1  
    50784.6822    66989    West         300       0x101ff       1.2155           -8.310  0.003    0   1   0 127   0   0   6    -99    -99  1996  3.648  11816 1  -7.139  0.006    0   1   0 106   0   0   8    -99    -99  1448  3.592  11816 1  
    50793.6466    67097    West         300       0x101ff       1.2053           -8.346  0.002    0   1   0 187   0   0   6    -99    -99  6751  2.012  11816 1  -7.175  0.005    0   1   0 128   0   0   8    -99    -99  7036  2.020  11816 1  
    50797.5133    67192    West         300       0x101ff       1.2341           -8.361  0.002    0   1   0 163   0   0   6    -99    -99  8406  2.293  11816 1  -7.202  0.005    0   1   0 124   0   0   8    -99    -99  7859  2.312  11816 1  
    50803.5670    67341    West         300       0x101ff       1.1858           -8.317  0.003    0   1   0 131   0   0   6    -99    -99  2022  3.967  11816 1  -7.162  0.006    0   1  16 100   0   0   8    -99    -99  1695  3.943  11816 1  
    50805.5819    67452    West         300       0x101ff       1.1878           -8.327  0.002    0   1   0 153   0   0   6    -99    -99  2113  2.776  11816 1  -7.169  0.005    0   1   0 121   0   0   8    -99    -99  1704  2.806  11816 1  
    50811.6294    67574    West         300       0x101ff       1.2413           -8.364  0.003    0   1   0 175   0   0   6    -99    -99  4434  3.364  11816 1  -7.207  0.006    0   1  10  99   0   0   8    -99    -99  1624  3.443  11816 1  
    50813.7306    67680    East         300       0x101ff       1.5278           -8.358  0.004    0   1   0 107   0   0   3    -99    -99  3440  3.600  11816 1  -7.247  0.008    0   1  11  93   0   0  12    -99    -99  2650  3.627  11816 1  
    50825.6372    67798    East         300       0x101ff       1.3303           -8.287  0.004    0   1   0 126   0   0   3    -99    -99 15501  2.689  11816 1  -7.171  0.009    0   1   0 100   0   0  12    -99    -99 15942  2.753  11816 1  
    50832.4971    67891    East         300       0x101ff       1.1852           -8.298  0.003    0   1   0 198   0   0   3    -99    -99  1441  3.194  11816 1  -7.146  0.005    0   1   0 132   0   0  12    -99    -99  1415  2.718  11816 1  
    50839.6433    68108    East         300       0x101ff       1.4641           -8.327  0.002    0   1   0 150   0   0   3    -99    -99  1469  2.891  11816 1  -7.194  0.005    0   1   0 117   0   0  12    -99    -99  1180  2.999  11816 1  
    50841.7215    68226    East         300       0x101ff       1.8954           -8.321  0.003    0   1   0 122   0   0   3    -99    -99  2087  3.161  11816 1  -7.219  0.006    0   1   1 103   0   0  12    -99    -99  1503  3.227  11816 1  
    50844.7429    68331    East         300       0x101ff       2.1236           -8.332  0.002    0   1   0 165   0   0   3    -99    -99  2521  2.072  11816 1  -7.212  0.004    0   1   0 144   0   0  12    -99    -99  1657  1.814  11816 1  
    50845.5253    68346    East         300       0x101ff       1.2264           -8.319  0.002    0   1   0 157   0   0   3    -99    -99  2315  2.487  11816 1  -7.199  0.005    0   1   0 136   0   0  12    -99    -99  1634  2.357  11816 1  
    50850.6500    68464    East         300       0x101ff       1.6206           -8.331  0.003    0   1   0 124   0   0   3    -99    -99  2528  3.499  11816 1  -7.220  0.006    0   1   0  93   0   0  12    -99    -99  1592  3.211  11816 1  
    50859.4681    68563    East         300       0x101ff       1.2064           -8.319  0.003    0   1   0 160   0   0   3    -99    -99  3346  2.826  11816 1  -7.210  0.006    0   1   0 120   0   0  12    -99    -99  2423  2.943  11816 1  
    50861.5956    68668    East         300       0x101ff       1.5120           -8.310  0.003    0   1   0 136   0   0   3    -99    -99  3370  2.877  11816 1  -7.169  0.005    0   1   0 113   0   0  12    -99    -99  3280  2.764  11816 1  
    50862.7388    68768    East         300       0x101ff       2.5648           -8.317  0.003    0   1   0 138   0   0   3    -99    -99  4694  3.691  11816 1  -7.215  0.008    0   1   0 101   0   0  12    -99    -99  4132  3.558  11816 1  
    50864.7638    68888    East         300       0x101ff       2.9269           -8.301  0.012    0   1   0  96   0   0   3    -99    -99  6446  3.803  11816 1  -7.144  0.032   24   1   7 127   0   0  12    -99    -99  4540  3.779  11816 1  
    50866.6700    68992    East         300       0x101ff       2.0202           -8.315  9.999    0   7   0  93   0   0   3    -99    -99  2566  9.126  11816 1  -7.186  9.999    0   5 255  76   0   0  12    -99    -99  1829  9.548  11816 1  
    50869.4822    69134    East         300       0x101ff       1.2589           -8.278  0.004    0   1  10 138   0   0   3    -99    -99  2254  4.664  11816 1  -7.157  0.009    0   1  26 108   0   0  12    -99    -99  1735  4.471  11816 1  
    50874.5758    69317    East         300       0x101ff       1.5796           -8.321  0.003    0   1   0 148   0   0   3    -99    -99  2368  3.431  11816 1  -7.207  0.006    0   1   8 130   0   0  12    -99    -99  1517  3.634  11816 1  
    50878.5518    69459    East         300       0x101ff       1.5232           -8.309  0.008    0   1   0  92   0   0   3    -99    -99  7232  3.451  11816 1  -7.206  0.018    0   1   0  97   0   0  12    -99    -99  4696  3.447  11816 1  
    50880.6812    69555    East         300       0x101ff       2.4730           -8.331  0.005    0   3  15  99 181   0   3    -99    -99  3103  4.838  11816 1  -7.244  0.010    0   1  31 135   0   0  12    -99    -99  1839  5.043  11816 1  
    50882.5647    69687    East         300       0x101ff       1.6313           -8.326  0.003    0   1   0 111   0   0   3    -99    -99  7142  3.025  11816 1  -7.225  0.008    0   1   0  89   0   0  12    -99    -99  9076  3.093  11816 1  
    50886.5045    69885    East         300       0x101ff       1.4281           -8.312  0.003    0   1   0 126   0   0   3    -99    -99  6875  3.549  11816 1  -7.210  0.009    0   1   3  95   0   0  12    -99    -99 11759  3.372  11816 1  
    50908.5284    70098    East         300       0x001bf       1.8287           -7.785  0.004    5   1   0 253   0   0   3    -99    -99  4910  2.654  11816 1  -7.233  0.006    0   1   0 113   0   0  12    -99    -99  4333  2.690  11816 1  
    50910.5575    70305    East         300       0x101fb       2.0818           -8.306  0.005    0   1   0 202   0   0   3    -99    -99  9390  3.318  11816 1  -7.247  0.012    4   1   3  96   0   0  12    -99    -99  9775  3.435  11816 1  
    50917.6114    70560    East         300       0x000ff       2.8337           -8.357  0.004    0   1   0 253  64   0   3    -99    -99 12816  3.658  11816 1  -7.220  0.011    0   1   4 145   0   0  12    -99    -99 11826  3.557  11816 1  
    50931.4823    70888    East         300       0x101ff       1.9451           -8.298  0.003    0   1   0 247   0   0   3    -99    -99  3589  3.426  11816 1  -7.216  0.007    0   1   2 104   0   0  12    -99    -99  1851  3.539  11816 1  
    50942.3558    71214    East         300       0x001af       1.4436           -8.315  0.004    0   1   0 237   0   0   3    -99    -99  7395  3.832  11816 1  -7.266  0.010    0   1  15  92   0   0  12    -99    -99  8260  4.029  11816 1  
    50952.3925    71545    East         300       0x101ff       1.7341           -8.289  0.003    0   1   0 253   0   0   3    -99    -99  3663  3.000  11816 1  -7.247  0.005    0   1   0 114   0   0  12    -99    -99  1985  2.958  11816 1  
    50961.3526    72129    East         300       0x101ff       1.6512           -8.307  0.006    0   1   0 117   0   0   3    -99    -99  4690  3.908  11816 1  -7.187  0.012    0   1   7  89   0   0  12    -99    -99  2869  3.632  11816 1  
    50973.3973    72648    East         300       0x101ff       2.1855           -8.358  0.004    0   1   0 229  35   0   3    -99    -99 14563  3.046  11816 1  -7.203  0.010    0   1   0  99   0   0  12    -99    -99 12480  3.117  11816 1  
    50981.3631    73066    East         300       0x101ff       2.0796           -8.286  0.003    0   1   0 253   0   0   3    -99    -99  4305  2.935  11816 1  -7.210  0.006    0   1   0  94   0   0  12    -99    -99  2421  2.893  11816 1  
    50991.3661    73461    East         300       0x101ff       2.3548           -8.275  0.003    0   1   0 253   0   0   3    -99    -99  3715  2.927  11816 1  -7.221  0.006    0   1   0 104   0   0  12    -99    -99  2083  3.035  11816 1  
    50995.8210    73781    West         300       0x101ff       1.6984           -8.283  0.004    0   1   0 143 115   0   6    -99    -99  3131  4.178  11816 1  -7.158  0.008    0   1  20 100   0   0   8    -99    -99  2048  4.139  11816 1  
    51004.7525    74304    West         300       0x101ff       1.9822           -8.313  0.005    0   1   0 114   0   0   6    -99    -99 12769  3.642  11816 1  -7.189  0.014    7   1   4  99   0   0   8    -99    -99 14393  3.749  11816 1  
    51024.8421    74983    West         300       0x101ff       1.3307           -8.273  0.006    0   1   0 121   0   0   6    -99    -99 30372  3.596  11816 1  -7.126  0.017    0  41   4 100   0   0   8    -99    -99 26068  3.637  11816 1  
    51033.6971    75253    West         300       0x101ff       1.8164           -8.242  0.007    0   1   6 117 127   0   6    -99    -99 13681  4.587  11816 1  -7.136  0.020   15   1  30  93   0   0   8    -99    -99 19352  4.373  11816 1  
    51048.7874    75662    West         300       0x101ff       1.2966           -8.312  0.003    0   1   0 118   0   0   6    -99    -99  2117  3.312  11816 1  -7.128  0.007    0  41   1  96   0   0   8    -99    -99  1764  3.212  11816 1  
    51054.7419    76070    West         300       0x101ff       1.3675           -8.313  0.003    0   1   0 142   0   0   6    -99    -99  2937  2.643  11816 1  -7.160  0.006    0  41   0 100   0   0   8    -99    -99  2187  2.629  11816 1  
    51057.7024    76275    West         300       0x101ff       1.4679           -8.297  0.005    0   1  18  98   0   0   6    -99    -99  3173  4.765  11816 1  -7.139  0.011    0   1  38  87   0   0   8    -99    -99  2420  4.618  11816 1  
    51062.7663    76495    West         300       0x101ff       1.2638              -99    -99  999 999 999 999 999 999  -1    -99    -99   -99    -99      0 0     -99    -99  999 999 999 999 999 999  -1    -99    -99   -99    -99      0 0  
    51084.5632    76980    West         300       0x101ff       1.7824           -8.283  0.006    0   1  19 111   0   0   6    -99    -99  3594  5.482  11816 1  -7.139  0.017    0   1  40  87   0   0   8    -99    -99  3179  5.585  11816 1  
    51085.7717    77083    West         300       0x101ff       1.1913           -8.276  0.005    0   1   0 106 105   0   6    -99    -99  2591  4.493  11816 1  -7.137  0.011    0   1  27  91   0   0   8    -99    -99  2101  4.571  11816 1  
    51087.7358    77218    West         300       0x101ff       1.2130           -8.291  0.007    0   1  28 100 122   0   6    -99    -99  2350  5.779  11816 1  -7.155  0.018    0   1  43  87   0   0   8    -99    -99  2199  6.125  11816 1  
    51097.6923    77382    West         300       0x101ff       1.2314           -8.292  0.003    0   1   0 158   0   0   6    -99    -99  3219  2.417  11816 1  -7.133  0.006    0   1   0 116   0   0   8    -99    -99  2761  2.228  11816 1  
    51100.5752    77499    West         300       0x1017f       1.5046           -8.299  0.006    0   1  18  96   0   0   6    -99    -99  2657  5.368  11816 1  -7.183  0.013    0   1  37  83   0   0   8    -99    -99  2171  5.309  11816 1  
    51102.6419    77633    West         300       0x101ff       1.2924           -8.295  0.003    0   1   0 111   0   0   6    -99    -99  1849  3.889  11816 1  -7.135  0.008    0   1   3 109   0   0   8    -99    -99  1908  3.739  11816 1  
    51106.7272    77744    West         300       0x101ff       1.1871           -8.280  0.004    0   1   6 122   0   0   6    -99    -99  2338  3.988  11816 1  -7.127  0.008    0   1  15  86   0   0   8    -99    -99  1760  3.915  11816 1  
    51110.5329    77895    West         300       0x101ff       1.5681           -8.275  0.008    0   3  19  78 223   0   6    -99    -99  2390  5.709  11816 1  -7.141  0.015    0   1  46  88   0   0   8    -99    -99  2079  5.660  11816 1  
    51113.5295    78035    West         300       0x101ff       1.5468           -8.265  0.004    0   1   7 112   0   0   6    -99    -99  3109  4.235  11816 1  -7.092  0.009    0   1  12 100   0   0   8    -99    -99  2465  4.112  11816 1  
    51118.5954    78178    West         300       0x101ff       1.2981           -8.264  0.004    0   1   0 136   0   0   6    -99    -99  5044  3.418  11816 1  -7.113  0.011    0   1   0  93   0   0   8    -99    -99  8084  3.430  11816 1  
    51120.7309    78320    West         300       0x101ff       1.1929           -8.280  0.003    0   1   0 158   0   0   6    -99    -99  8314  2.548  11816 1  -7.126  0.008    0   1   0 117   0   0   8    -99    -99 10473  2.531  11816 1  
    51132.5870    78448    West         300       0x101fb       1.2449           -8.299  0.004    0   1   3 115   0   0   6    -99    -99  2313  4.462  11816 1  -7.164  0.010    0   1  15  94   0   0   8    -99    -99  2093  4.303  11816 1  
    51138.7417    78543    West         300       0x101ff       1.2553           -8.276  0.008    0   1   0  98   0   0   6    -99    -99 11187  4.516  11816 1  -7.119  0.026    0   1  33 122   0   0   8    -99    -99 12498  4.508  11816 1  
    51142.6975    78644    West         300       0x101ff       1.2126           -8.260  0.003    0   1   0 170   0   0   6    -99    -99  2121  2.495  11816 1  -7.089  0.005    0   1   0  99   0   0   8    -99    -99  1469  2.479  11816 1  
    51147.7372    78756    West         300       0x101ff       1.2923           -8.258  0.004    0   1   0 119   0   0   6    -99    -99 11553  2.675  11816 1  -7.097  0.009    0   1   0 102   0   0   8    -99    -99 10759  2.561  11816 1  
    51157.5887    78913    West         300       0x101ff       1.1871           -8.307  0.004    0   1   0 135   0   0   6    -99    -99  2165  3.649  11816 1  -7.178  0.008    0   1   3  98   0   0   8    -99    -99  1783  3.517  11816 1  
    51167.7326    79058    East         300       0x101ff       1.4250           -8.349  0.007    0   3  24 157 182   0   3    -99    -99  5914  5.225  11816 1  -7.198  0.018    0   1  45 155   0   0  12    -99    -99  4550  5.339  11816 1  
    51171.6586    79172    East         300       0x101ff       1.2672           -8.211  0.003    0   1   0 253   0   0   3    -99    -99  1657  2.202  11816 1  -7.179  0.005    0   1   0 129   0   0  12    -99    -99  1191  2.204  11816 1  
    51176.6335    79282    East         300       0x101ff       1.2483           -8.230  0.004    0   1   0 253   0   0   3    -99    -99  4625  2.891  11816 1  -7.163  0.008    0   1   0 101   0   0  12    -99    -99  3758  2.931  11816 1  
    51180.7138    79383    East         300       0x101ff       1.4846           -8.298  0.003    0   1   0 209   0   0   3    -99    -99 12363  2.142  11816 1  -7.124  0.008    0   1   0 198   0   0  12    -99    -99 11298  2.133  11816 1  
    51183.6564    79511    East         300       0x101ff       1.3318           -8.235  0.003    0   1   0 253   0   0   3    -99    -99  4850  2.428  11816 1  -7.184  0.007    0   1   0 154   0   0  12    -99    -99  5606  2.430  11816 1  
    51188.6179    79640    East         300       0x000ff       1.2778           -8.324  0.003    0   1   0 188   0   0   3    -99    -99  1973  3.556  11816 1  -7.182  0.007    0   1   0 102   0   0  12    -99    -99  1421  3.568  11816 1  
    51193.7422    79726    East         300       0x101ff       1.8018           -8.277  0.005    0   1   0 245   0   0   3    -99    -99  4977  2.200  11816 1  -7.205  0.010    0   1   0 162   0   0  12    -99    -99  3176  2.133  11816 1  
    51204.7462    79830    East         300       0x101ff       2.0436           -8.338  0.004    0   1   0 220   0   0   3    -99    -99  2975  3.583  11816 1  -7.266  0.008    0   1   2 102   0   0  12    -99    -99  2001  3.545  11816 1  
    51214.6051    79947    East         300       0x101ff       1.4271           -8.300  0.005    0   1  21 164   0   0   3    -99    -99  4747  4.796  11816 1  -7.221  0.010    0   1  33 116   0   0  12    -99    -99  4909  4.567  11816 1  
    51223.6358    80049    East         300       0x101ff       1.6630           -8.046  0.007    0   1  47 201   0   0   3    -99    -99  2945  2.629  11816 1  -7.209  0.005    0   1   0 131   0   0  12    -99    -99  1808  2.558  11816 1  
    51231.6551    80346    East         300       0x101ff       1.9134           -8.327  0.003    0   1   0 235   0   0   3    -99    -99  2587  3.328  11816 1  -7.231  0.005    0   1   0 127   0   0  12    -99    -99  1570  3.142  11816 1  
    51231.6998    80356    East         300       0x101ff       2.2817           -8.322  0.003    0   1   0 249   0   0   3    -99    -99  2965  3.260  11816 1  -7.257  0.005    0   1   0 107   0   0  12    -99    -99  1703  3.171  11816 1  
    51240.7287    80477    East         300       0x101ff       2.8723           -8.232  0.004    0   1   0 242  61   0   3    -99    -99 15221  2.835  11816 1  -7.213  0.013   13   1   0 131   0   0  12    -99    -99 23256  2.747  11816 1  
    51246.5941    80698    East         300       0x101ff       1.7828           -8.141  0.006    0   1  41 209   0   0   3    -99    -99  3456  2.722  11816 1  -7.174  0.005    0   1   0 128   0   0  12    -99    -99  2602  2.599  11816 1  
    51249.5311    80818    East         300       0x101ff       1.5077           -8.232  0.003    0   1   0 253   0   0   3    -99    -99  3194  2.756  11816 1  -7.202  0.007    0   1   0 126 206   0  12    -99    -99  2216  2.639  11816 1  
    51251.4640    80987    East         300       0x101ff       1.3162           -8.248  0.003    0   1   0 253   0   0   3    -99    -99  2601  3.072  11816 1  -7.186  0.005    0   1   0 104   0   0  12    -99    -99  1732  3.021  11816 1  
    51260.4714    81207    East         300       0x101ff       1.4027           -8.208  0.003    0   1   0 253   0   0   3    -99    -99  2950  2.821  11816 1  -7.167  0.005    0   1   0 126   0   0  12    -99    -99  1986  2.745  11816 1  
    51265.5520    81393    East         300       0x101ff       1.8448              -99    -99  999 999 999 999 999 999  -1    -99    -99   -99    -99      0 0  -7.213  0.023    0   1  52 127 122   0  12    -99    -99  8523  6.034  11816 1  
    51278.4067    81595    East         300       0x101bf       1.3573           -8.325  0.002    0   1   0 133   0   0   2    -99    -99  2980  2.597  11816 1  -7.163  0.005    0   1   0 133   0   0  12    -99    -99  1712  2.551  11816 1  
    51281.5389    81925    East         300       0x101ff       2.0691           -8.285  0.010    0   1  33  99 128   0   2    -99    -99  2629  6.535  11816 1  -7.157  0.023    3   1  49 122 135   0  12    -99    -99  2049  6.725  11816 1  
    51287.4579    82302    East         300       0x101ff       1.6472           -8.278  0.005    0   3  11 112 201   0   2    -99    -99  2304  4.967  11816 1  -7.184  0.010    0   1  30 118   0   0  12    -99    -99  1730  5.141  11816 1  
    51290.3933    82603    East         300       0x101ff       1.4150           -8.320  0.003    0   1   0 138   0   0   2    -99    -99  3709  3.421  11816 1  -7.177  0.006    0   1   0  97   0   0  12    -99    -99  3007  3.463  11816 1  
    51303.4045    83647    East         300       0x101ff       1.5994           -8.321  0.004    0   1   0 113   0   0   2    -99    -99  4553  2.746  11816 1  -7.215  0.007    0   1   0 107   0   0  12    -99    -99  3038  2.753  11816 1  
    51306.4197    83886    East         300       0x101ff       1.7207           -8.296  0.004    0   1   0 129   0   0   2    -99    -99  3522  4.047  11816 1  -7.187  0.007    0   1  10  96   0   0  12    -99    -99  1890  4.126  11816 1  
    51309.3977    84057    East         300       0x101ff       1.6470           -8.295  0.003    0   1   0 150   0   0   2    -99    -99  3160  2.615  11816 1  -7.173  0.005    0   1   0 136   0   0  12    -99    -99  1987  2.630  11816 1  
    51313.4640    84327    East         300       0x101ff       2.1753           -8.275  9.999    0   7   0  98   0   0   2    -99    -99  3048  5.348  11816 1  -7.226  0.011    0   1  37  82   0   0  12    -99    -99  1881  5.545  11816 1  
    51317.4063    84763    East         300       0x101ff       1.8219           -8.300  0.003    0   1   0 137   0   0   2    -99    -99  4009  2.746  11816 1  -7.187  0.005    0   1   0 126   0   0  12    -99    -99  2445  2.777  11816 1  
    51336.4259    85580    East         300       0x101ff       2.4131           -8.293  0.004    0   1   0 116   0   0   2    -99    -99  3680  3.489  11816 1  -7.191  0.007    0   1   0 130   0   0  12    -99    -99  2133  3.551  11816 1  
    51348.3855    86232    East         300       0x101ff       2.3367           -8.292  0.005    0   1  11  95 126   0   2    -99    -99  3708  4.747  11816 1  -7.204  0.011    0   1  30  82   0   0  12    -99    -99  3187  4.852  11816 1  
    51362.3595    87266    East         300       0x101ff       2.4612           -8.299  0.003    0   1   0 114   0   0   2    -99    -99  5076  2.967  11816 1  -7.203  0.006    0   1   0 114   0   0  12    -99    -99  2378  2.990  11816 1  
    51381.8183    88157    West         300       0x001bf       1.4530           -8.277  0.006    0   1  24 114 155   0   6    -99    -99  2765  5.964  11816 1  -7.178  0.013    0   1  46  91   0   0   8    -99    -99  2105  6.049  11816 1  
    51390.8223    88792    West         300       0x101fb       1.3633           -8.294  0.006    0   1  23 121 177   0   6    -99    -99  5779  5.358  11816 1  -7.139  0.015    9   1  40  96   0   0   8    -99    -99  8008  5.327  11816 1  
    51394.7408    89272    West         300       0x101ff       1.6299           -8.289  0.004    0   1   0 112   0   0   6    -99    -99  4247  3.854  11816 1  -7.152  0.008    0   1  15  97   0   0   8    -99    -99  3714  3.819  11816 1  
    51404.7658    89826    West         300       0x101ff       1.4176           -8.310  0.004    0   1  13 122   0   0   6    -99    -99  2694  4.698  11816 1  -7.173  0.009    0   1  35 102   0   0   8    -99    -99  2010  4.742  11816 1  
    51407.8012    90135    West         300       0x101ff       1.3013           -8.286  0.004    0   1   0 152 195   0   6    -99    -99  2445  3.774  11816 1  -7.145  0.007    0   1   5 104   0   0   8    -99    -99  1943  3.830  11816 1  
    51411.6843    90456    West         300       0x101ff       1.6820           -8.267  0.005    0   1   2 110   0   0   6    -99    -99  5105  4.704  11816 1  -7.112  0.011    0   1  25  85   0   0   8    -99    -99  3538  4.725  11816 1  
    51420.6659    91056    West         300       0x101ff       1.6491           -8.264  0.003    0   1   0 145   0   0   6    -99    -99  8145  2.467  11816 1  -7.121  0.008    0   1   0 109   0   0   8    -99    -99  9395  2.458  11816 1  
    51423.7024    91250    West         300       0x101ff       1.4568           -8.286  0.003    0   1   0 166   0   0   6    -99    -99  4907  2.106  11816 1  -7.135  0.005    0   1   0 132   0   0   8    -99    -99  3674  2.127  11816 1  
    51427.7304    91469    West         300       0x001af       1.3393           -8.276  0.003    0   1   0 175 194   0   6    -99    -99  2213  3.743  11816 1  -7.121  0.007    0  41  14 122   0   0   8    -99    -99  2043  3.711  11816 1  
    51433.6610    91831    West         300       0x101ff       1.5101           -8.264  0.003    0   1   0 151   0   0   6    -99    -99  2893  3.116  11816 1  -7.094  0.006    0   1   0 117   0   0   8    -99    -99  2335  3.091  11816 1  
    51435.6742    92009    West         300       0x101ff       1.4410           -8.274  0.003    0   1   0 132   0   0   6    -99    -99  2910  2.700  11816 1  -7.115  0.006    0   1   0 124   0   0   8    -99    -99  2501  2.696  11816 1  
    51439.7749    92152    West         300       0x101ff       1.2094           -8.288  0.004    0   1   0 102 182   0   6    -99    -99  2575  3.682  11816 1  -7.017  0.008    0  41  14 228   0   0   8    -99    -99  2035  3.704  11816 1  
    51443.7622    92368    West         300       0x101ff       1.2111           -8.231  0.003    0   1   0 201 129   0   6    -99    -99  3853  3.379  11816 1  -7.134  0.008    0  41   0 112   0   0   8    -99    -99  3637  3.351  11816 1  
    51450.6733    92539    West         300       0x101ff       1.3251           -8.286  0.004    0   1   0 127 173   0   6    -99    -99  8709  2.683  11816 1  -7.139  0.008    6   1   0 104   0   0   8    -99    -99  7201  2.544  11816 1  
    51462.5762    92685    West         300       0x101ff       1.5328           -8.292  0.011    0   3 255  92 192   0   6    -99    -99  2379  7.233  11816 1  -7.192  0.027    0   1  59  68 205   0   8    -99    -99  2232  7.447  11816 1  
    51463.7436    92794    West         300       0x101ff       1.1885           -8.288  0.005    0   1   0 103  90   0   6    -99    -99  3676  3.453  11816 1  -7.144  0.011   -7   1   0  95   0   0   8    -99    -99  2854  3.344  11816 1  
    51470.5899    92935    West         300       0x101ff       1.4036           -8.314  0.005    0   1  24 126   0   0   6    -99    -99  3793  5.364  11816 1  -7.169  0.015    0   1  45  91   0   0   8    -99    -99  4475  5.434  11816 1  
    51471.7544    93035    West         300       0x101ff       1.1876           -8.311  0.003    0   1   0 153   0   0   6    -99    -99  2929  3.598  11816 1  -7.143  0.007    0   1   3 116   0   0   8    -99    -99  2704  3.532  11816 1  
    51477.5220    93149    West         300       0x101ff       1.5913           -8.193  0.014    7   3   4 174 223   0   6    -99    -99 10517  5.064  11816 1  -7.090  0.034    0   1  34 130   0   0   8    -99    -99 10565  5.627  11816 1  
    51478.7228    93239    West         300       0x101ff       1.1858           -8.306  0.005    0   1   0 104 111   0   6    -99    -99  6518  4.158  11816 1  -7.170  0.011    0   1  16  89   0   0   8    -99    -99  5879  4.176  11816 1  
    51482.5928    93347    West         300       0x101ff       1.3088           -8.284  0.004    0   1  14 150 184   0   6    -99    -99  2518  4.640  11816 1  -7.137  0.010    0  41  30  99   0   0   8    -99    -99  1969  4.773  11816 1  
    51488.5387    93467    West         300       0x101ff       1.4117           -8.265  0.037    0   1   5  91 181   0   6    -99    -99 11853  4.489  11816 1  -7.080  0.103   21   1  21  93   0   0   8    -99    -99  9609  4.508  11816 1  
    51491.6170    93580    West         300       0x101ff       1.2262           -8.309  0.006    0   1  30 115   0   0   6    -99    -99  2520  5.699  11816 1  -7.145  0.013    0   1  44  84   0   0   8    -99    -99  2207  5.760  11816 1  
    51493.6144    93675    West         300       0x101ff       1.2228           -8.297  0.003    0   1   0 187  68   0   6    -99    -99  2350  2.707  11816 1  -7.130  0.005    0   1   0 128   0   0   8    -99    -99  2011  2.648  11816 1  
    51495.6347    93781    West         300       0x101ff       1.1992           -8.314  0.006    0   1   3 103   0   0   6    -99    -99  2988  4.828  11816 1  -7.156  0.016    0   1  33  97   0   0   8    -99    -99  2694  4.912  11816 1  
    51505.6233    93881    West         300       0x101ff       1.1906           -8.299  0.004    0   1   0 138   0   0   6    -99    -99 12420  2.792  11816 1  -7.149  0.009   13   1   0 102   0   0   8    -99    -99 12568  2.789  11816 1  
    51510.6128    93990    West         300       0x101ff       1.1894           -8.270  0.003    0   1   0 193   0   0   6    -99    -99  3346  2.428  11816 1  -7.077  0.005   -1   1   0 152   0   0   8    -99    -99  3000  2.261  11816 1  
    51512.7381    94068    West         300       0x101ff       1.2950           -8.270  0.005    0   1   0 118   0   0   6    -99    -99 27753  3.328  11816 1  -7.131  0.012    0   1   0 108   0   0   8    -99    -99 19131  3.179  11816 1  
    51514.6287    94174    West         300       0x101ff       1.1863           -8.284  0.003    0   1   0 140   0   0   6    -99    -99  2328  3.172  11816 1  -7.101  0.006    0   1   0 107   0   0   8    -99    -99  1746  3.074  11816 1  
    51515.7052    94254    West         300       0x101ff       1.2504           -8.286  0.003    0   1   0 162   0   0   6    -99    -99  2205  3.434  11816 1  -7.109  0.006    0   1   0 126   0   0   8    -99    -99  1622  3.325  11816 1  
    51525.5870    94379    West         300       0x101fb       1.1861           -8.314  0.003    0   1   0 179   0   0   6    -99    -99  2489  2.947  11816 1  -7.139  0.006    0   1   0 129   0   0   8    -99    -99  2150  2.841  11816 1  
    51533.6837    94573    East         300       0x101fb       1.3011              -99    -99  999 999 999 999 999 999  -1    -99    -99   -99    -99      0 0  -7.100  0.014    0   1   0 100   0   0  12    -99    -99 13094  2.780  11816 1  
    51542.6028    94673    West         300       0x101ff       1.2141           -8.306  0.003    0   1   0 131   0   0   6    -99    -99  2375  3.366  11816 1  -7.155  0.007    0   1   3  89   0   0   8    -99    -99  1714  3.316  11816 1  
