!  Star 52.4446.17                         RA  05 07 31.210   DEC  -66 56 18.30
#  281 observations from the production databases
#  Field inception date: 50062.0417
#  Pixel coordinate system: none
#
#  Template         magnitude        chip coordinates        west-chunk
#     Red:            -8.200         1039.94, 1398.45              9
#    Blue:            -7.175         1012.87, 1387.49            101
#
!         Date    Obsid    Pier    Exposure     Checklist      Airmass             rMag   rErr  rDS rTF rCP rX2 rMP rCR  rA  rXpix  rYpix  rSky  rFWHM  rTobs r    bMag   bErr  bDS bTF bCP bX2 bMP bCR  bA  bXpix  bYpix  bSky  bFWHM  bTobs b  
    49001.5680     2755    West         300       0x100bf       1.2403           -8.168  0.003    0   1   0 144   0   0   2    -99    -99  3400  3.256   3647 1  -7.182  0.005    0   1   0 109   0   0  13    -99    -99  2606  3.198   3647 1  
    49020.7491     3241    East         300       0x101bf       2.4655           -8.183  0.005    0   1   0 146   0   0   6    -99    -99  1951  5.360   3647 1  -7.179  0.011    0   1   0 109   0   0   9    -99    -99  1764  5.730   3647 1  
    49042.5865     3647    East         300       0x101bf       1.6553           -8.198  0.003    0   1   0 162   0   0   6    -99    -99  2531  2.360   3647 1  -7.197  0.005    0   1   0 123   0   0   9    -99    -99  1646  2.397   3647 1  
    49094.5566     5324    East         300       0x101bf       2.5689           -8.176  0.007    0   1   0 132   0   0   6    -99    -99  3334  3.491   3647 1  -7.046  0.017    0  41   0 180   0   0   9    -99    -99  2543  3.696   3647 1  
    49114.5332     6499    East         300       0x101bf       2.9523           -8.152  0.011    0   1   0 100   0   0   6    -99    -99 22695  4.890   3647 1  -7.163  0.030    0   1   0 130   0   0   9    -99    -99 20689  5.366   3647 1  
    49124.4602     7048    East         300       0x101bf       2.4027           -8.179  0.005    0   1   0  99   0   0   6    -99    -99  3898  4.392   3647 1  -7.165  0.010    0   1   0  92   0   0   9    -99    -99  2307  4.702   3647 1  
    49127.4947     7380    East         300       0x100af       2.9173              -99    -99  999 999 999 999 999 999  -1    -99    -99   -99    -99      0 0     -99    -99  999 999 999 999 999 999  -1    -99    -99   -99    -99      0 0  
    49165.7596     9204    West         300       0x101bf       2.0629           -8.174  0.006    0   1   0 135   0   0   2    -99    -99  3152  4.988   3647 1  -7.074  0.013    0  41   0 192   0   0  13    -99    -99  2544  5.186   3647 1  
    49184.8173     9925    West         300       0x101bf       1.4392           -8.187  0.003    0   1   0 110   0   0   2    -99    -99  2212  3.631   3647 1  -7.032  0.007    9  41   0 243   0   0  13    -99    -99  2166  3.693   3647 1  
    49189.8341    10274    West         300       0x101bf       1.3437           -8.175  0.004    0   1   0 123   0   0   2    -99    -99  2394  4.041   3647 1  -7.057  0.008    0  41   0 226   0   0  13    -99    -99  2177  4.094   3647 1  
    49208.7743    10965    West         300       0x101bf       1.3692           -8.177  0.007    0   1   0 104   0   0   2    -99    -99  4882  4.911   3647 1  -7.133  0.017    0   1   0 165   0   0  13    -99    -99  4891  5.020   3647 1  
    49216.6946    11390    West         300       0x101bf       1.5867           -8.248  0.007    0   1   0 153   0   0   2    -99    -99  2446  6.391   3647 1  -7.194  0.017    0   1   3 163   0   0  13    -99    -99  2265  6.753   3647 1  
    49222.7583    11809    West         300       0x101bf       1.3108           -8.174  0.003    0   1   0 213   0   0   2    -99    -99  1992  3.010   3647 1  -7.132  0.006    0   1   0 229   0   0  13    -99    -99  2219  2.644   3647 1  
    49255.6934    12273    West         300       0x101bf       1.2596           -8.178  0.004    0   1   0 176   0   0   2    -99    -99  3125  3.943   3647 1  -7.129  0.008    0   1   0 180   0   0  13    -99    -99  3326  4.275   3647 1  
    49260.6450    12530    West         300       0x101bf       1.3350           -8.169  0.004    0   1   0 132   0   0   2    -99    -99 13367  3.001   3647 1  -7.115  0.012    0   1   0 179   0   0  13    -99    -99 22117  2.905   3647 1  
    49268.6821    12722    West         300       0x101bf       1.2223           -8.183  0.003    0   1   0 150   0   0   2    -99    -99  2599  3.264   3647 1  -7.121  0.005    0   1   0 224   0   0  13    -99    -99  2854  3.018   3647 1  
    49273.6789    12897    West         300       0x101bf       1.2099           -8.175  0.003    0   1   0 208   0   0   2    -99    -99  2251  3.070   3647 1  -6.892  0.006    0  41   0 253   0   0  13    -99    -99  2175  3.023   3647 1  
    49283.6859    13113    West         300       0x101bf       1.1835           -8.152  0.003    0   1   0 149   0   0   2    -99    -99  1800  3.149   3647 1  -7.109  0.005    0   1   0 211   0   0  13    -99    -99  1789  3.274   3647 1  
    49291.6556    13364    West         300       0x101bf       1.1880           -8.161  0.004    0   1   0 135   0   0   2    -99    -99  9507  3.496   3647 1  -7.130  0.011  -10   1   0 174   0   0  13    -99    -99 11289  3.639   3647 1  
    49307.7452    13499    West         300       0x101bf       1.2657           -8.180  0.004    0   1   0 156   0   0   2    -99    -99 29376  2.422   3647 1  -6.925  0.008    2  41   0 253   0   0  13    -99    -99 10743  2.358   3647 1  
    49313.6105    13708    West         300       0x101bf       1.1809           -8.173  0.003    0   1   0 116   0   0   2    -99    -99  2535  3.740   3647 1  -7.055  0.007    0   1   0 238   0   0  13    -99    -99  2564  3.872   3647 1  
    49376.6629    14068    East         300       0x101bf       1.6086           -8.182  0.003    0   1   0 121   0   0   6    -99    -99  5886  3.279   3647 1  -7.152  0.007    0  41   0  84   0   0   9    -99    -99  4704  3.370   3647 1  
    49386.6908    14382    East         300       0x101bf       1.9474           -8.182  0.004    0   1   0 161   0   0   6    -99    -99  4060  3.911   3647 1  -7.172  0.009    0   1   0 111   0   0   9    -99    -99  3576  3.951   3647 1  
    49399.6322    14599    East         300       0x101bf       1.7866           -8.202  0.004    0   1   0 187   0   0   6    -99    -99  2447  4.463   3647 1     -99    -99  999 999 999 999 999 999   9    -99    -99  1934  4.546   3647 0  
    49409.7254    14846    East         300       0x100bf       2.9656           -8.123  0.009    0   1   0 149   0   0   6    -99    -99 21275  4.580   3647 1     -99    -99  999 999 999 999 999 999  -1    -99    -99   -99    -99      0 0  
    49424.6462    15201    East         300       0x101bf       2.5050           -8.162  0.010    0   1   0 118   0   0   6    -99    -99  4077  7.367   3647 1     -99    -99  999 999 999 999 999 999   9    -99    -99  2872  7.605   3647 0  
    49448.6063    16051    East         300       0x101bf       2.8078           -8.173  0.015    0   1   0  92   0   0   6    -99    -99  3781  7.414   3647 1  -7.167  0.042    0  41  22  90   0   0   9    -99    -99  3031  7.900   3647 1  
    49460.5749    16598    East         300       0x101bf       2.8209           -8.206  0.004    0   1   0 141   0   0   6    -99    -99  3346  4.537   3647 1  -7.211  0.010    0   1   0 113   0   0   9    -99    -99  2350  4.940   3647 1  
    49518.8084    19351    West         300       0x101af       1.9392           -8.191  0.012    0   1   0 100   0   0   2    -99    -99  4716  5.468   3647 1     -99    -99  999 999 999 999 999 999  13    -99    -99  3693  5.533   3647 0  
    49537.7210    20124    West         300       0x101bf       2.2380           -8.174  0.009    0   1   0 106   0   0   2    -99    -99  3731  6.698   3647 1  -7.081  0.022    0   1   4 155   0   0  13    -99    -99  2608  7.076   3647 1  
    49542.7454    20554    West         300       0x101bf       1.9206           -8.136  0.006    0   1   0 125   0   0   2    -99    -99  2936  5.242   3647 1  -7.141  0.014    0  41   0 166   0   0  13    -99    -99  2369  5.649   3647 1  
    49552.7582    21122    West         300       0x101bf       1.6679           -8.203  0.003    0   1   0 155   0   0   2    -99    -99  4258  2.693   3647 1  -6.864  0.007    5  41   0 253   0   0  13    -99    -99  2986  2.589   3647 1  
    49556.7647    21395    West         300       0x101bf       1.5802           -8.167  0.005    0   1   0 108   0   0   2    -99    -99  8280  3.747   3647 1  -7.021  0.015    9   1   0 190   0   0  13    -99    -99 13892  3.607   3647 1  
    49571.7424    22267    West         300       0x0013b       1.4987           -8.189  0.006    0   1   0 107   0   0   2    -99    -99  2623  5.693   3647 1  -7.089  0.014    0   1   0 178   0   0  13    -99    -99  2220  5.764   3647 1  
    49578.7391    22717    West         300       0x101bf       1.4392           -8.144  0.003    0   1   0 143   0   0   2    -99    -99  2210  2.602   3647 1  -6.792  0.006    0   1   0 253   0   0  -1    -99    -99   -99    -99      0 1  
    49586.7659    23146    West         300       0x101bf       1.3003           -8.151  0.006    0   1   0 107   0   0   2    -99    -99  5823  4.475   3647 1  -7.092  0.017    0   1   0 165   0   0  13    -99    -99 11198  4.474   3647 1  
    49587.7280    23204    West         300       0x101bf       1.3945           -8.130  0.013    0   1   0  97   0   0   2    -99    -99  5732  6.726   3647 1  -7.109  0.045    0   1   8 117   0   0  13    -99    -99 10183  7.115   3647 1  
    49605.7533    24116    West         300       0x101bf       1.2296           -8.165  0.003    0   1   0 162   0   0   2    -99    -99  2275  1.838   3647 1  -6.369  0.008    0   1   0 253   0   0  13    -99    -99  2337  1.718   3647 1  
    49614.7177    24638    West         300       0x101bf       1.2462           -8.192  0.017    0   1   0 102   0   0   2    -99    -99  6947  7.762   3647 1  -7.139  0.068   -4   1  23 111   0   0  13    -99    -99 14465  8.183   3647 1  
    49623.7012    25104    West         300       0x101bf       1.2339           -8.138  0.007    0   1   0 113   0   0   2    -99    -99  2604  5.903   3647 1  -7.050  0.017    0   1   0 168   0   0  13    -99    -99  2578  6.252   3647 1  
    49638.7125    25708    West         300       0x101bf       1.1840           -7.963  0.135    0   1   0  88   0   0   2    -99    -99  2733  3.372   3647 1  -7.075  0.262    0   3   0 100   0   0  -1    -99    -99   -99    -99      0 1  
    49649.6273    26091    West         300       0x101bf       1.2382           -8.166  0.003    0   1   0 155   0   0   2    -99    -99  4063  2.203   3647 1  -6.695  0.008    0   1   0 253   0   0  13    -99    -99  4184  2.119   3647 1  
    49670.6765    26459    West         300       0x101af       1.1825           -8.169  0.006    0   1   0 105   0   0   2    -99    -99  3086  5.332   3647 1  -7.112  0.015    0   1   0 173   0   0  13    -99    -99  3983  5.552   3647 1  
    49690.6436    26813    West         300       0x101bf       1.1957           -8.158  0.002    0   1   0 161   0   0   2    -99    -99  1717  2.155   3647 1  -6.674  0.005    0  41   0 253   0   0  13    -99    -99  1683  2.137   3647 1  
    49699.5162    27157    West         300       0x101bf       1.2063           -8.173  0.003    0   1   0 141   0   0   2    -99    -99  5040  2.626   3647 1  -6.899  0.007    0   1   0 253   0   0  13    -99    -99  6165  2.626   3647 1  
    49716.7120    27484    East         300       0x101bf       1.5190              -99    -99  999 999 999 999 999 999  -1    -99    -99   -99    -99      0 0  -7.171  0.006    0  41   0  89   0   0   9    -99    -99  1467  3.382   3647 1  
    49728.6984    27634    East         300       0x101bf       1.6061              -99    -99  999 999 999 999 999 999  -1    -99    -99   -99    -99      0 0  -6.747  0.006    0  41   0 253   0   0   9    -99    -99  1434  2.493   3647 1  
    49740.5480    27830    West         300       0x101bf       1.2445           -8.166  0.003    0   1   0 196   0   0   2    -99    -99  2469  3.155   3647 1  -6.996  0.006    0  41   0 253   0   0  13    -99    -99  1932  3.183   3647 1  
    49742.6088    27924    East         300       0x101bf       1.4000              -99    -99  999 999 999 999 999 999  -1    -99    -99   -99    -99      0 0  -7.133  0.005    0   1   0 110   0   0   9    -99    -99  1604  3.505   3647 1  
    49746.6789    28019    East         300       0x101bf       1.7704              -99    -99  999 999 999 999 999 999  -1    -99    -99   -99    -99      0 0  -7.106  0.005    0  41   0 117   0   0   9    -99    -99  1547  2.799   3647 1  
    49749.7572    28182    East         300       0x101bf       2.5118              -99    -99  999 999 999 999 999 999  -1    -99    -99   -99    -99      0 0  -7.020  0.010    0   1   0 207   0   0   9    -99    -99  3556  4.143   3647 1  
    49752.4934    28253    East         300       0x101bf       1.2134              -99    -99  999 999 999 999 999 999  -1    -99    -99   -99    -99      0 0  -7.047  0.006    0   1   0 203   0   0   9    -99    -99  1576  4.123   3647 1  
    49755.6957    28379    East         300       0x101bf       2.0714              -99    -99  999 999 999 999 999 999  -1    -99    -99   -99    -99      0 0  -7.164  0.006    0   1   0 110   0   0   9    -99    -99  1502  3.554   3647 1  
    49787.6791    28800    East         300       0x101bf       2.8229           -8.204  0.003    0   1   0 142   0   0   6    -99    -99  2380  3.548   3647 1  -7.203  0.008    0  41   0  76   0   0   9    -99    -99  1906  3.866   3647 1  
    49797.5969    29207    East         300       0x101bf       2.2114           -8.191  0.003    0   1   0 126   0   0   6    -99    -99  5818  3.307   3647 1  -7.170  0.008    0  41   0  97   0   0   9    -99    -99  5488  3.514   3647 1  
    49808.5269    29750    East         300       0x101bf       1.8850           -8.090  0.003    0   1   0 214   0   0   6    -99    -99  2259  3.596   3647 1  -7.144  0.006    0   1   0 115   0   0   9    -99    -99  1678  3.664   3647 1  
    49829.4978    30451    East         300       0x101bf       2.1062           -8.146  0.003    0   1   0 223   0   0   6    -99    -99  2431  2.842   3647 1  -7.185  0.005    0  41   0 118   0   0   9    -99    -99  1871  2.964   3647 1  
    49927.7864    33631    West         300       0x101bf       1.4285           -8.129  0.005    0   1   0 108   0   0   3    -99    -99  3692  3.752   3647 1  -6.997  0.012    0   1   0 198   0   0  13    -99    -99  2748  3.792   3647 1  
    49936.8229    34202    West         300       0x101bf       1.2686           -8.172  0.003    0   1   0 109   0   0   3    -99    -99  2167  3.361   3647 1  -6.972  0.007    0   1   0 249   0   0  13    -99    -99  1876  3.370   3647 1  
    49939.7538    34513    West         300       0x101bf       1.4280           -8.184  0.004    0   1   0 133   0   0   3    -99    -99  9954  2.751   3647 1  -7.179  0.011    0   1   0 180   0   0  13    -99    -99 16447  2.673   3647 1  
    49942.7894    34819    West         300       0x101bf       1.3042           -8.174  0.003    0   1   0 195   0   0   3    -99    -99  3942  2.428   3647 1  -7.126  0.006    0   1   0 224   0   0  13    -99    -99  6525  2.192   3647 1  
    49946.7377    35126    West         300       0x101bf       1.4178           -8.139  0.005    0  41   0 111   0   0   3    -99    -99  2726  4.843   3647 1  -6.779  0.023    0   1  71 102   0   0  13    -99    -99  2599  4.721   3647 1  
    49953.6828    35632    West         300       0x101bf       1.5580           -8.165  0.003    0  41   0 129   0   0   3    -99    -99  2072  2.707   3647 1  -7.081  0.006    0   1   0 228   0   0  13    -99    -99  2049  2.556   3647 1  
    49957.7998    35913    West         300       0x101bf       1.2164           -8.155  0.003    0   1   0 212   0   0   3    -99    -99  1899  2.254   3647 1  -7.052  0.005    0   1   0 243   0   0  13    -99    -99  1662  2.074   3647 1  
    49961.8008    36067    West         300       0x101bf       1.2035           -8.143  0.004    0   1   0 172   0   0   3    -99    -99  2090  3.764   3647 1  -6.961  0.008    0   1   0 234   0   0  13    -99    -99  1728  3.637   3647 1  
    49966.7655    36235    West         300       0x101bf       1.2288           -8.161  0.004    0   1   0 154   0   0   3    -99    -99  2981  3.768   3647 1  -7.142  0.007    0   1   0 185   0   0  13    -99    -99  2686  3.658   3647 1  
    49970.7527    36415    West         300       0x101bf       1.2315           -8.173  0.003    0   1   0 126   0   0   3    -99    -99  5763  2.640   3647 1  -6.994  0.009    5   1   0 233   0   0  13    -99    -99  9236  2.691   3647 1  
    49982.6032    36805    West         300       0x101bf       1.5596           -8.164  0.003    0  41   0 124   0   0   3    -99    -99  2548  3.260   3647 1  -6.957  0.007    0   1   0 246   0   0  13    -99    -99  2097  3.155   3647 1  
    49987.6374    36955    West         300       0x101bf       1.3812           -8.157  0.003    0   1   0 148   0   0   3    -99    -99  2704  2.078   3647 1  -6.731  0.008    1   1   0 253   0   0  13    -99    -99  2455  2.033   3647 1  
    49997.7181    37269    West         300       0x101bf       1.1908           -8.164  0.005    0   1   0 108   0   0   3    -99    -99  7908  4.421   3647 1  -7.070  0.018    0   1   0 167   0   0  13    -99    -99 11031  4.594   3647 1  
    50013.6272    37682    West         300       0x101bf       1.2436           -8.150  0.003    0   1   0 106   0   0   3    -99    -99  1743  4.617   3647 1  -7.032  0.007    0   1   0 229   0   0  13    -99    -99  1665  4.554   3647 1  
    50029.6058    37935    West         300       0x101bf       1.2133           -8.203  0.034  -15   1   0 104   0   0   3    -99    -99 50196  3.971   3647 1  -6.652  0.112   43   1   0  99   0   0  13    -99    -99 32181  3.610   3647 1  
    50045.6662    38160    West         300       0x101bf       1.1915           -8.137  0.003    0   1   0 127   0   0   3    -99    -99  1943  4.272   3647 1  -7.135  0.006    0   1   0 182   0   0  13    -99    -99  1448  4.272   3647 1  
    50048.5620    38290    West         300       0x101bf       1.2048           -8.148  0.002    0   1   0 173   0   0   3    -99    -99  1791  2.459   3647 1  -7.008  0.005    0   1   0 253   0   0  13    -99    -99  1762  2.431   3647 1  
    50066.6019    38588    West         300       0x101ff       1.1872           -8.179  0.003    0  43   0 143   0   0   3    -99    -99  2008  3.297   3647 1  -6.931  0.006    0  41   0 253   0   0  13    -99    -99  1683  3.170   3647 1  
    50126.7013    39583    East         300       0x001ff       2.2631           -8.183  0.003    0   1   0 174   1   1   6    -99    -99  3185  3.489   3647 1  -7.172  0.006    0  41   0 106   0   0   9    -99    -99  2362  3.652   3647 1  
    50157.6240    40402    East         300       0x101ff       2.3357           -8.170  0.008    0   1   0 113   0   0   6    -99    -99  3613  5.005   3647 1  -7.202  0.018    0  41   0  86   0   0   9    -99    -99  2498  5.218   3647 1  
    50173.5680    41013    East         300       0x101ff       2.2152           -8.134  0.005    0   1   0 126   0   0   6    -99    -99  7005  4.533   3647 1  -7.099  0.016    0   1   0 101   0   0   9    -99    -99 10874  4.709   3647 1  
    50200.5299    42145    East         300       0x101ff       2.5924           -8.104  0.007    0   1   0 133   0   0   6    -99    -99  5362  6.211   3647 1  -7.107  0.019   11  41   0 102   0   0   9    -99    -99  5999  6.522   3647 1  
    50254.8377    45422    West         300       0x101ef       1.6584           -8.129  0.004    0  41   0 124   0   0   3    -99    -99  4662  3.735   3647 1  -6.977  0.008    0   1   0 226   0   0  13    -99    -99  3197  3.744   3647 1  
    50278.7557    46455    West         300       0x101ff       1.7512           -8.176  0.004    0  41   0 121   0   0   3    -99    -99  3115  4.448   3647 1  -7.060  0.009    0   1   0 214   0   0  13    -99    -99  2174  4.575   3647 1  
    50310.7408    47543    West         300       0x101bf       1.4188           -8.166  0.004    0   1   0 133   0   0   3    -99    -99  2315  4.802   3647 1  -7.045  0.008    0   1   0 217   0   0  13    -99    -99  1839  4.835   3647 1  
    50368.6285    49405    West         300       0x101ff       1.2933           -8.160  0.003    0   1   0 130   0   0   3    -99    -99  2522  3.403   3647 1  -6.959  0.006    0   1   0 253   0   0  13    -99    -99  1961  3.272   3647 1  
    50374.6352    49687    West         300       0x000bf       1.2492           -8.152  0.004    0   1   0 106   0   0   3    -99    -99  1676  4.757   3647 1  -7.149  0.008    0   1   0 167   0   0  13    -99    -99  1675  4.844   3647 1  
    50376.6183    49749    West         300       0x101ff       1.2696           -8.141  0.003    0   1   0 124   0   0   3    -99    -99  3037  3.147   3647 1  -7.091  0.006    0   1   0 211   0   0  13    -99    -99  2975  3.046   3647 1  
    50388.7521    50093    West         300       0x101bf       1.2151           -8.160  0.004    0   1   0 156   0   0   3    -99    -99  7147  3.023   3647 1  -7.063  0.007    0   1   0 213   0   0  13    -99    -99  7887  2.654   3647 1  
    50399.6238    50382    West         300       0x101ff       1.1867           -8.178  0.004    0   1   0 110   0   0   3    -99    -99  1811  4.977   3647 1  -6.880  0.018  -11   1  79 118   0   0  13    -99    -99  1629  5.117   3647 1  
    50410.6312    50712    West         300       0x101ff       1.1776           -8.159  0.004    0   1   0 134   0   0   3    -99    -99  8025  3.329   3647 1  -7.017  0.009    0   1   0 219   0   0  13    -99    -99  8529  3.162   3647 1  
    50425.5847    51135    West         300       0x0013f       1.1774           -8.183  0.003    0   1   0 139   0   0   3    -99    -99  1810  3.064   3647 1  -6.913  0.006    0   1   0 253   0   0  13    -99    -99  1372  3.052   3647 1  
    50432.6589    51433    East         300       0x101ff       1.2535           -8.160  0.004    0   1   0 135   0   0   6    -99    -99  3261  2.423   3647 1  -7.106  0.007    0  41   0 108   0   0   9    -99    -99  2692  2.299   3647 1  
    50444.6599    51789    East         300       0x101ff       1.3244           -8.088  0.004    0   1   0 209   0   0   6    -99    -99  7569  3.153   3647 1  -7.163  0.007    0   1   0 102   0   0   9    -99    -99  8910  3.095   3647 1  
    50455.7093    52141    East         300       0x101ff       1.6128           -8.141  0.003    0   1   0 207   0   0   6    -99    -99  1767  4.010   3647 1  -7.176  0.006    0  41   0  97   0   0   9    -99    -99  1248  4.060   3647 1  
    50468.6468    52514    East         300       0x101ff       1.4923           -8.185  0.003    0   1   0 179   0   0   6    -99    -99  7227  3.010   3647 1  -6.882  0.008    8  41   0 242   0   0   9    -99    -99  6344  2.899   3647 1  
    50480.6030    52742    East         300       0x101ff       1.4502           -8.207  0.003    0   1   0 133   0   0   6    -99    -99  3100  2.928   3647 1  -7.166  0.007    0   1   0 114   0   0   9    -99    -99  2264  2.920   3647 1  
    50485.6115    52871    East         300       0x000ff       1.5383           -8.139  0.009    0   1   0 154   0   0   6    -99    -99  2977  2.907   3647 1  -7.194  0.017    0  41   0  87   0   0   9    -99    -99  2561  2.793   3647 1  
    50492.6803    53004    East         300       0x001bf       2.0907           -8.184  0.003    0   1   0 160   0   0   6    -99    -99  1864  3.262   3647 1  -7.150  0.006    0  41   0 116   0   0   9    -99    -99  1426  3.357   3647 1  
    50494.6976    53090    East         300       0x101ff       2.3001           -8.178  0.005    0   1   0 122   0   0   6    -99    -99  2224  5.098   3647 1  -7.168  0.011    0  41   0 102   0   0   9    -99    -99  1716  5.370   3647 1  
    50497.5353    53218    East         300       0x101ff       1.3797           -8.156  0.003    0   1   0 128   0   0   6    -99    -99  6874  2.803   3647 1  -7.124  0.007    0  41   0  97   0   0   9    -99    -99  6948  2.747   3647 1  
    50502.7007    53374    East         300       0x101bf       2.5691           -8.185  0.007    0   1   0 144   0   0   6    -99    -99 10768  5.021   3647 1  -7.187  0.024   19  41   0  98   0   0   9    -99    -99 22532  5.271   3647 1  
    50509.7119    53504    East         300       0x101ff       2.9481           -8.111  0.005    0   1   0 157   0   0   6    -99    -99  4285  4.726   3647 1  -7.203  0.011    0  41   0  98   0   0   9    -99    -99  3830  5.009   3647 1  
    50519.5233    53725    East         300       0x101ff       1.5594           -8.192  0.005    0   1   0 117   0   0   6    -99    -99  2031  5.557   3647 1  -7.175  0.010    0   1   0  99   0   0   9    -99    -99  1469  5.713   3647 1  
    50527.4509    54133    East         300       0x101ff       1.3722           -8.189  0.004    0   1   0 110   0   0   6    -99    -99  7509  3.419   3647 1  -7.159  0.009    0   1   0 101   0   0   9    -99    -99  9359  3.385   3647 1  
    50530.4815    54276    East         300       0x101ff       1.5085           -8.124  0.005    0   1   0 166   0   0   6    -99    -99 10661  4.238   3647 1  -7.189  0.014    0   1   0  94   0   0   9    -99    -99 18005  4.264   3647 1  
    50533.6080    54450    East         300       0x101ff       2.4769           -8.197  0.005    0   1   0 121   0   0   6    -99    -99 13889  3.205   3647 1  -7.189  0.013    0  41   0 100   0   0   9    -99    -99 15721  3.396   3647 1  
    50539.4659    54722    East         300       0x101fb       1.5473           -8.199  0.003    0   1   0 149   0   0   6    -99    -99  3019  2.833   3647 1  -7.158  0.005    0   1   0 111   0   0   9    -99    -99  1684  2.778   3647 1  
    50542.4625    54878    East         300       0x101ff       1.5690           -8.162  0.010    0   1   0 112   0   0   6    -99    -99  3570  5.837   3647 1  -7.180  0.021    0   1   0 100   0   0   9    -99    -99  2312  5.973   3647 1  
    50545.5486    55144    East         300       0x101ff       2.2065           -8.205  0.005    0   1   0 113   0   0   6    -99    -99  2242  5.552   3647 1  -7.220  0.010    0   1   0 105   0   0   9    -99    -99  1679  5.848   3647 1  
    50548.4746    55420    East         300       0x101ff       1.7166           -8.178  0.008    0   1   0 109   0   0   6    -99    -99  3824  3.366   3647 1  -7.177  0.018    0   1   0  91   0   0   9    -99    -99  2645  3.431   3647 1  
    50552.5842    55648    East         300       0x101ff       2.8131           -8.210  0.005    0   1   0 104   0   0   6    -99    -99  2867  3.636   3647 1  -7.236  0.013    0   1   0  96   0   0   9    -99    -99  2256  3.917   3647 1  
    50557.4624    55872    East         300       0x101bf       1.7915           -8.157  0.008    0   1   0  90   0   0   6    -99    -99  6792  5.810   3647 1  -7.155  0.024    0   1   0  92   0   0   9    -99    -99 10247  6.019   3647 1  
    50565.5033    56160    East         300       0x101ff       2.2962           -8.191  0.004    0   1   0 102   0   0   6    -99    -99  5586  3.322   3647 1  -7.189  0.008    0  41   0  99   0   0   9    -99    -99  4617  3.481   3647 1  
    50569.5421    56545    East         300       0x101ff       2.8694           -8.144  0.004    0   1   0 175   0   0   6    -99    -99  3035  4.065   3647 1  -7.205  0.010    0   1   0 103   0   0   9    -99    -99  2137  4.246   3647 1  
    50577.4142    56974    East         300       0x101ff       1.8330           -8.148  0.006    0   1   0 122   0   0   6    -99    -99  2878  6.209   3647 1  -7.184  0.013    0  41   0 102   0   0   9    -99    -99  1852  6.427   3647 1  
    50581.4292    57268    East         300       0x101ff       2.0242           -8.169  0.003    0   1   0 147   0   0   6    -99    -99  4524  2.658   3647 1  -7.161  0.006    0  41   0 108   0   0   9    -99    -99  3418  2.768   3647 1  
    50595.4592    57573    East         300       0x101ff       2.7182           -8.169  0.004    0   1   0 115   0   0   6    -99    -99  3294  4.514   3647 1  -7.148  0.011    0  41   0  80   0   0   9    -99    -99  2156  4.762   3647 1  
    50601.4485    58066    East         300       0x101ff       2.7906           -8.193  0.005    0   1   0 112   0   0   6    -99    -99  4044  3.687   3647 1  -7.192  0.010    0   1   0 131   0   0   9    -99    -99  2347  3.997   3647 1  
    50608.3643    58622    East         300       0x101ff       2.0973           -8.177  0.003    0   1   0 134   0   0   6    -99    -99  2649  3.636   3647 1  -7.012  0.008    0  41   0 224   0   0   9    -99    -99  1957  3.787   3647 1  
    50615.3732    59071    East         300       0x101ff       2.3603           -8.159  0.021    0   1   1  87   0   0   6    -99    -99  7992  8.237   3647 1  -7.014  0.080    0  41  41 109   0   0   9    -99    -99  8739  8.850   3647 1  
    50622.7402    59662    West         300       0x101ff       2.3379           -8.149  0.006    0  43   0 109   0   0   3    -99    -99  9695  3.498   3647 1  -7.014  0.016   13  41   0 188   0   0  13    -99    -99 11029  3.871   3647 1  
    50646.8318    60944    West         300       0x1017f       1.3831           -8.146  0.005    0   1   0 110   0   0   3    -99    -99  2904  5.078   3647 1  -6.792  0.019    0   1  67 128   0   0  13    -99    -99  2084  4.763   3647 1  
    50651.8295    61414    West         300       0x101ff       1.3505           -8.149  0.003    0   1   0 125   0   0   3    -99    -99  6220  2.369   3647 1  -6.758  0.009    0   1   0 251   0   0  13    -99    -99  8314  2.274   3647 1  
    50657.7861    61752    West         300       0x101ff       1.4342           -8.191  0.003    0  41   0 163   0   0   3    -99    -99  2742  3.585   3647 1  -7.198  0.007    0  41   0 136   0   0  13    -99    -99  2023  3.421   3647 1  
    50660.6807    62038    West         300       0x101ff       1.9496           -8.178  0.004    0   1   0 121   0   0   3    -99    -99  3610  3.728   3647 1  -7.008  0.009    0   1   0 226   0   0  13    -99    -99  2272  3.720   3647 1  
    50662.7616    62245    West         300       0x101ff       1.4738           -8.183  0.003    0   1   0 119   0   0   3    -99    -99  2623  2.898   3647 1  -6.872  0.007    0   1   0 253   0   0  13    -99    -99  1876  2.848   3647 1  
    50670.6405    62678    West         300       0x101ff       2.0505           -8.146  0.007    0  41   0 104   0   0   3    -99    -99  3636  5.916   3647 1  -7.069  0.016    0   1   0 167   0   0  13    -99    -99  2173  6.070   3647 1  
    50674.7410    62918    West         300       0x101ff       1.4299           -8.151  0.003    0   1   0 113   0   0   3    -99    -99  2463  3.860   3647 1  -6.975  0.008    0   1   0 235   0   0  13    -99    -99  1858  3.707   3647 1  
    50678.6552    63200    West         300       0x101ff       1.7870           -8.130  0.008    0   1   0 114   0   0   3    -99    -99 15086  4.805   3647 1  -7.047  0.032    8   1   0 134   0   0  13    -99    -99 24744  5.111   3647 1  
    50680.6255    63397    West         300       0x101ff       1.9539           -8.163  0.005    0  41   0 116   0   0   3    -99    -99  8172  3.560   3647 1  -7.006  0.016    3   1   0 186   0   0  13    -99    -99 12736  3.616   3647 1  
    50681.8247    63552    West         300       0x101ff       1.2079           -8.158  0.005    0   1   0 107   0   0   3    -99    -99 17402  3.453   3647 1  -7.018  0.015    0   1   0 183   0   0  13    -99    -99 15485  3.516   3647 1  
    50684.6582    63740    West         300       0x101ff       1.6729           -8.191  0.013    0  41   0  96   0   0   3    -99    -99  3325  8.176   3647 1  -7.173  0.033    0   1  22 122   0   0  13    -99    -99  2853  8.218   3647 1  
    50689.6733    64008    West         300       0x101ff       1.5334           -8.166  0.003    0   1   0 151   0   0   3    -99    -99  2225  2.525   3647 1  -6.821  0.007    0   1   0 253   0   0  13    -99    -99  2039  2.407   3647 1  
    50700.7300    64187    West         300       0x101ff       1.2711           -8.154  0.003    0   1   0 138   0   0   3    -99    -99  2291  2.561   3647 1  -6.740  0.007    0   1   0 253   0   0  13    -99    -99  1868  2.451   3647 1  
    50704.6505    64332    West         300       0x101ff       1.4605           -8.155  0.004    0  41   0 218   0   0   3    -99    -99  6760  2.587   3647 1  -7.173  0.008    0  41   0 114   0   0  13    -99    -99  7547  2.488   3647 1  
    50713.7582    64495    West         300       0x101ff       1.1899           -8.149  0.004    0  41   0 115   0   0   3    -99    -99  3796  3.873   3647 1  -7.003  0.009    0   1   0 219   0   0  13    -99    -99  2649  3.873   3647 1  
    50717.6601    64612    West         300       0x101ff       1.3225           -8.175  0.003    0   1   0 149   0   0   3    -99    -99  1705  2.521   3647 1  -6.767  0.006    0   1   0 253   0   0  13    -99    -99  1736  2.291   3647 1  
    50719.5981    64737    West         300       0x101ff       1.5053           -8.191  0.003    0   1   0 162   0   0   3    -99    -99  2170  3.313   3647 1  -7.200  0.007    0  41   0 149   0   0  13    -99    -99  2064  3.395   3647 1  
    50720.7317    64849    West         300       0x101ff       1.1954           -8.177  0.003    0   1   0 125   0   0   3    -99    -99  1903  2.825   3647 1  -6.835  0.007    0   1   0 253   0   0  13    -99    -99  1670  2.573   3647 1  
    50722.5738    64972    West         300       0x101ff       1.5761           -8.171  0.003    0   1   0 125   0   0   3    -99    -99  2543  2.827   3647 1  -6.918  0.008    0   1   0 248   0   0  13    -99    -99  2271  2.887   3647 1  
    50724.7353    65098    West         300       0x101ff       1.1856           -8.173  0.004    0   1   0  97   0   0   3    -99    -99  1836  4.523   3647 1  -7.035  0.009    0   1   0 218   0   0  13    -99    -99  1504  4.451   3647 1  
    50729.7534    65253    West         300       0x101ff       1.1773           -8.185  0.003    0   1   0 119   0   0   3    -99    -99  1970  3.497   3647 1  -6.950  0.007    0   1   0 249   0   0  13    -99    -99  1471  3.254   3647 1  
    50731.6365    65352    West         300       0x101ff       1.2892           -8.163  0.004    0   1   0 112   0   0   3    -99    -99  2685  4.520   3647 1  -7.125  0.011    0   1   0 170   0   0  13    -99    -99  2575  4.800   3647 1  
    50732.7403    65447    West         300       0x101ff       1.1774           -8.164  0.005    0   1   0 110   0   0   3    -99    -99  1892  4.980   3647 1  -6.846  0.022    0   1  74 112   0   0  13    -99    -99  1488  5.255   3647 1  
    50734.5446    65545    West         300       0x101ff       1.5594           -8.153  0.004    0   1   0 204   0   0   3    -99    -99  6593  2.841   3647 1  -6.941  0.012    4   1   0 217   0   0  13    -99    -99 10244  2.839   3647 1  
    50735.7112    65645    West         300       0x101ff       1.1827           -8.188  0.018    0   1   0  97   0   0   3    -99    -99  5992  7.904   3647 1  -7.213  0.065  -22   1  29 102   0   0  13    -99    -99  8845  8.415   3647 1  
    50736.7500    65731    West         300       0x101ff       1.1795           -8.156  0.006    0   1   0 111   0   0   3    -99    -99  9577  4.044   3647 1  -7.062  0.017    0   1   0 170   0   0  13    -99    -99 12409  3.980   3647 1  
    50738.6555    65839    West         300       0x101ff       1.2240           -8.159  0.005    0   1   0 100   0   0   3    -99    -99  8601  4.177   3647 1  -7.036  0.014    9   1   0 188   0   0  13    -99    -99  8914  3.904   3647 1  
    50743.7161    66083    West         300       0x101ff       1.1773           -8.179  0.003    0  43   0 156   0   0  -1    -99    -99   -99    -99      0 1  -6.719  0.007    0  41   0 253   0   0  13    -99    -99  2270  2.064   3647 1  
    50746.7335    66291    West         300       0x101ff       1.1837           -8.183  0.003    0  41   0 179   0   0   3    -99    -99  2278  2.783   3647 1  -7.162  0.006    0  41   0  87   0   0  13    -99    -99  1758  2.610   3647 1  
    50759.6719    66410    West         300       0x101bf       1.1771           -8.124  0.003    0   1   0 140   0   0   3    -99    -99  2232  2.902   3647 1  -7.095  0.005    0   1   0 208   0   0  13    -99    -99  1688  2.718   3647 1  
    50768.6510    66521    West         300       0x101bf       1.1773           -8.162  0.004    0   1   0 128   0   0   3    -99    -99  7823  4.528   3647 1  -7.009  0.010    2   1   0 208   0   0  13    -99    -99  6420  4.185   3647 1  
    50770.6541    66627    West         300       0x101af       1.1787           -8.176  0.003    0   1   0 126   0   0   3    -99    -99  4303  3.759   3647 1  -6.975  0.007    0   1   0 234   0   0  13    -99    -99  4059  3.616   3647 1  
    50775.4840    66751    West         300       0x101bf       1.3702           -8.155  0.009    0  41   0 167   0   0   3    -99    -99  2940  7.676   3647 1  -7.183  0.024    0  41  34  80   0   0  13    -99    -99  2450  8.074   3647 1  
    50776.6824    66837    West         300       0x101bf       1.2066           -8.149  0.003    0   1   0 138   0   0   3    -99    -99  2571  2.948   3647 1  -6.850  0.006    0   1   0 253   0   0  13    -99    -99  1735  2.915   3647 1  
    50784.5936    66969    West         300       0x101ff       1.1779           -8.169  0.002    0   1   0 145   0   0   3    -99    -99  1913  3.101   3647 1  -6.883  0.005    0   1   0 253   0   0  13    -99    -99  1573  2.947   3647 1  
    50793.5533    67076    West         300       0x101ff       1.1825           -8.164  0.003    0   1   0 145   0   0   3    -99    -99  7620  3.113   3647 1  -6.927  0.009    0   1   0 235   0   0  13    -99    -99  7493  3.191   3647 1  
    50796.6678    67166    West         300       0x101ff       1.2636           -8.152  0.003    0   1   0 125   0   0   3    -99    -99 11457  2.758   3647 1  -6.906  0.008    0   1   0 242   0   0  13    -99    -99 10272  2.688   3647 1  
    50802.5966    67311    West         300       0x101ff       1.1935           -8.133  0.003    0   1   0 158   0   0   3    -99    -99  4424  2.949   3647 1  -6.853  0.008    0   1   0 251   0   0  13    -99    -99  3225  2.776   3647 1  
    50804.6331    67412    West         300       0x101ff       1.2418           -8.138  0.004    0   1   0 110   0   0   3    -99    -99  2737  4.437   3647 1  -6.755  0.020   -2   1  67 117   0   0  13    -99    -99  2031  4.531   3647 1  
    50809.4721    67513    West         300       0x101ff       1.2112           -8.154  0.003    0   1   0 111   0   0   3    -99    -99  3052  3.510   3647 1  -6.964  0.007    0   1   0 243   0   0  13    -99    -99  2283  3.480   3647 1  
    50812.6296    67620    West         300       0x105ff       1.2740           -8.177  0.003    0  43   0 215   0   0   3    -99    -99  2534  3.124   3647 1  -6.987  0.007    0  41   0 251   0   0  13    -99    -99  1899  3.073   3647 1  
    50821.5741    67743    East         300       0x105ff       1.2238           -7.938  0.005    0   1   0 230   0   0   6    -99    -99 10189  2.591   3647 1  -7.097  0.008    0   1   0 112   0   0   9    -99    -99  8182  2.547   3647 1  
    50830.6630    67865    East         300       0x105ff       1.5242           -8.168  0.004    0   1   0 139   0   0   6    -99    -99  4092  4.447   3647 1  -7.142  0.010    0   1   0 106   0   0   9    -99    -99  5790  4.636   3647 1  
    50834.6876    67963    East         300       0x105ff       1.6994           -8.199  0.003    0   1   0 162   0   0   6    -99    -99  3035  2.801   3647 1  -7.181  0.005    0   1   0 167   0   0   9    -99    -99  2418  2.816   3647 1  
    50839.5234    68087    East         300       0x105ff       1.2217           -8.095  0.003    0   1  20 221   0   0   6    -99    -99  1704  3.157   3647 1  -7.133  0.005    0  41   0 119   0   0   9    -99    -99  1387  3.072   3647 1  
    50841.6090    68205    East         300       0x105ff       1.4318           -8.175  0.002    0   1   0 161   0   0   6    -99    -99  1517  2.944   3647 1  -6.654  0.007    0  41   0 206   0   0   9    -99    -99  1263  2.929   3647 1  
    50844.6530    68314    East         300       0x105ff       1.6593           -8.192  0.003    0   1   0 166   0   0   6    -99    -99  2658  2.161   3647 1  -7.139  0.005    0  41   0 128   0   0   9    -99    -99  1623  2.118   3647 1  
    50848.7206    68434    East         300       0x105ff       2.2291           -8.194  0.003    0   1   0 126   0   0   6    -99    -99  2349  3.465   3647 1  -7.024  0.007    0   1   0 234   0   0   9    -99    -99  1707  3.674   3647 1  
    50857.4889    68546    East         300       0x105ff       1.2431           -8.054  0.005    0   1   0 193   0   0   6    -99    -99  7289  4.084   3647 1  -7.142  0.012    0   1   0 127   0   0   9    -99    -99 10464  4.253   3647 1  
    50862.6930    68758    East         300       0x105ff       2.3339           -8.155  0.003    0   1   0 163   0   0   6    -99    -99  4197  3.535   3647 1  -7.125  0.008    0   1   0 100   0   0   9    -99    -99  3873  3.713   3647 1  
    50864.7139    68879    East         300       0x105ff       2.6251           -8.169  0.005    0   1   0 113   0   0   6    -99    -99  4138  3.869   3647 1  -7.117  0.013    0   1   0 131   0   0   9    -99    -99  3390  4.128   3647 1  
    50866.6372    68985    East         300       0x105ff       1.9418           -8.151  0.004    0   1   0 104   0   0   6    -99    -99  2349  4.914   3647 1  -7.147  0.010    0   1   0 117   0   0   9    -99    -99  1658  5.189   3647 1  
    50868.7102    69109    East         300       0x105ff       2.7132           -8.170  0.003    0   1   0 115   0   0   6    -99    -99  2623  3.370   3647 1  -7.218  0.007    0   1   0 122 212   0   9    -99    -99  1857  3.667   3647 1  
    50874.5405    69309    East         300       0x105ff       1.5150           -8.189  0.003    0   1   0 157   0   0   6    -99    -99  2970  3.113   3647 1  -6.963  0.008    0  41   0 238   0   0   9    -99    -99  2162  3.198   3647 1  
    50878.5606    69461    East         300       0x105ff       1.6629           -8.198  0.009    0   1   0 129   0   0   6    -99    -99  7072  3.562   3647 1  -7.186  0.019    0  41   0  98   0   0   9    -99    -99  4793  3.659   3647 1  
    50881.4620    69582    East         300       0x105ff       1.3206           -8.188  0.003    0   1   0 164   0   0   6    -99    -99  5856  3.301   3647 1  -7.162  0.007    0  41   0  96   0   0   9    -99    -99  6886  3.316   3647 1  
    50883.5842    69774    East         300       0x105ff       1.8933           -8.200  0.004    0   1   0 124   0   0   6    -99    -99  9121  3.078   3647 1  -7.011  0.013    0  41   0 198   0   0   9    -99    -99 16114  3.230   3647 1  
    50888.6503    69982    East         300       0x105ff       2.6489           -8.156  0.005    0   1   0 206   0   0   6    -99    -99 11379  3.756   3647 1  -7.086  0.016    0  41   0 176   0   0   9    -99    -99 12393  4.061   3647 1  
    50909.4603    70190    East         300       0x105ff       1.5840           -8.045  0.004    0   1   0 189   0   0   6    -99    -99  6681  3.415   3647 1  -7.133  0.010    0  41   0 110   0   0   9    -99    -99  7157  3.597   3647 1  
    50917.4640    70529    East         300       0x105ff       1.7184           -8.191  0.003    0   1   0 151   0   0   6    -99    -99  8107  2.885   3647 1  -7.170  0.007    0   1   0 127   0   0   9    -99    -99  7646  2.973   3647 1  
    50931.5417    70900    East         300       0x105ff       2.7586           -8.196  0.006    0   1   0 124   0   0   6    -99    -99  3696  5.526   3647 1  -7.202  0.013    0   1   0 102   0   0   9    -99    -99  2151  5.842   3647 1  
    50942.3934    71221    East         300       0x001bf       1.7054           -8.163  0.004    0   1   0 113   0   0   6    -99    -99  8297  3.854   3647 1  -7.175  0.011    0   1   0 103   0   0   9    -99    -99 10480  4.002   3647 1  
    50954.4809    71686    East         300       0x105ff       2.7866           -8.130  0.006    0   1   0 149   0   0   6    -99    -99  3596  5.484   3647 1  -7.178  0.012    0   1   0 100   0   0   9    -99    -99  2287  5.858   3647 1  
    50968.4322    72335    East         300       0x105ff       2.6575           -8.174  0.003    0   1   0 166   0   0   6    -99    -99  5979  2.940   3647 1  -7.178  0.009    0  41   0 101   0   0   9    -99    -99  7559  3.199   3647 1  
    50980.7755    73050    West         300       0x105ff       2.1796           -8.221  0.009    0  43   0  98   0   0   3    -99    -99  5236  6.360   3647 1  -7.140  0.020    0  41   0 154   0   0  13    -99    -99  5085  6.356   3647 1  
    50993.3528    73557    East         300       0x105ff       2.5288           -8.163  0.006    0   1   0 107   0   0   6    -99    -99  6008  2.605   3647 1  -7.159  0.013    0   1   0 115   0   0   9    -99    -99  4397  2.834   3647 1  
    50996.7448    73875    West         300       0x105ff       2.0654           -8.107  0.003    0  41   0 253   0   0   3    -99    -99  3795  2.869   3647 1  -6.937  0.007    0   1   0 253   0   0  13    -99    -99  2171  2.866   3647 1  
    51004.8014    74315    West         300       0x105ff       1.5694           -8.115  0.004    0   1   0 236   0   0   3    -99    -99  8672  3.488   3647 1  -7.005  0.012    0   1   0 200   0   0  13    -99    -99 11071  3.294   3647 1  
    51016.8140    74830    West         300       0x105ff       1.3947           -8.113  0.003    0   1   0 253   0   0   3    -99    -99  2586  2.678   3647 1  -6.802  0.006    0   1   0 253   0   0  13    -99    -99  1465  2.503   3647 1  
    51028.7411    75212    West         300       0x105ff       1.5456           -8.218  0.004    0  41   0 120   0   0   3    -99    -99  2740  4.651   3647 1  -7.051  0.010    0   1   0 204   0   0  13    -99    -99  2086  4.514   3647 1  
    51034.6477    75353    West         300       0x105ff       2.0109           -7.836  0.012    0  41  61 164   0   0   3    -99    -99 10244  2.952   3647 1  -6.944  0.016    4   1   0 194   0   0  13    -99    -99 15703  3.103   3647 1  
    51048.7563    75655    West         300       0x105ff       1.3131           -8.142  0.003    0   1   0 253   0   0   3    -99    -99  2117  2.526   3647 1  -7.213  0.005    0   1   0 200   0   0  13    -99    -99  1661  2.349   3647 1  
    51053.7881    75995    West         300       0x105ff       1.2286           -8.217  0.004    0   1   0 162   0   0   3    -99    -99  1712  2.773   3647 1  -7.024  0.007    0   1   0 236   0   0  13    -99    -99  1209  2.428   3647 1  
    51057.5885    76256    West         300       0x105ff       1.9824           -8.132  0.005    0  41   0 205   0   0   3    -99    -99  6264  3.848   3647 1  -7.039  0.012    0   1   0 195   0   0  13    -99    -99  5232  3.962   3647 1  
    51061.7880    76410    West         300       0x105ff       1.2030           -7.922  0.011    0   1  72 158   0   0   3    -99    -99  7213  3.350   3647 1  -7.039  0.012    0   1   0 202   0   0  13    -99    -99  9920  3.265   3647 1  
    51072.6674    76660    West         300       0x105ff       1.3751           -8.201  0.003    0   1   0 100   0   0   3    -99    -99  2256  3.820   3647 1  -7.009  0.008    0   1   0 231   0   0  13    -99    -99  1889  3.644   3647 1  
    51074.7373    76795    West         300       0x105ff       1.2199           -8.211  0.005    0  41   0 114   0   0   3    -99    -99  3155  3.475   3647 1  -6.973  0.012    3   1   0 209   0   0  13    -99    -99  2440  3.442   3647 1  
    51084.6163    76992    West         300       0x105ff       1.4341           -8.229  0.004    0   1   0 104   0   0   3    -99    -99  2253  4.656   3647 1  -6.836  0.021    0   1  77 124   0   0  13    -99    -99  2117  4.663   3647 1  
    51086.5037    77098    West         300       0x105ff       2.0262           -8.125  0.004    0  41   0 253   0   0   3    -99    -99  6893  2.907   3647 1  -6.976  0.010   12   1   0 227   0   0  13    -99    -99  6082  2.820   3647 1  
    51087.7756    77227    West         300       0x105ff       1.1774           -8.200  0.007    0  41   0 123   0   0   3    -99    -99  2627  6.188   3647 1  -7.111  0.021    0   1   0 155   0   0  13    -99    -99  2712  6.508   3647 1  
    51096.7409    77348    West         300       0x105ff       1.1775           -8.051  0.003    0   1   0 253   0   0   3    -99    -99  3833  2.103   3647 1  -6.644  0.008    1   1   0 253   0   0  13    -99    -99  2754  1.907   3647 1  
    51099.6946    77450    West         300       0x105ff       1.1940           -8.156  0.009    0   1   0  98   0   0   3    -99    -99  2316  7.279   3647 1  -7.156  0.022   -6   1   9 138   0   0  13    -99    -99  1843  7.295   3647 1  
    51101.7002    77578    West         300       0x105ff       1.1866           -8.171  0.003    0   1   0 241   0   0   3    -99    -99  1889  2.825   3647 1  -6.979  0.006    0   1   0 247   0   0  13    -99    -99  1524  2.735   3647 1  
    51106.5144    77702    West         300       0x105ff       1.6088           -8.177  0.009    0   1   0 102   0   0   3    -99    -99  3525  6.956   3647 1  -7.151  0.023    0   1  10 142   0   0  13    -99    -99  2421  7.129   3647 1  
    51108.7323    77826    West         300       0x105ff       1.1802           -8.076  0.003    0  41   0 253   0   0   3    -99    -99  2309  2.341   3647 1  -6.718  0.006    0  41   0 253   0   0  13    -99    -99  1593  2.128   3647 1  
    51111.5241    77951    West         300       0x105ff       1.5035           -8.172  0.003    0   1   0 253   0   0   3    -99    -99  2276  3.212   3647 1  -7.241  0.006    0   1   0 119   0   0  13    -99    -99  1836  3.171   3647 1  
    51113.7030    78080    West         300       0x105ff       1.1773           -8.225  0.004    0  41   0 112   0   0   3    -99    -99  2083  4.678   3647 1  -7.082  0.009    0   1   0 217  55   9  13    -99    -99  1354  4.658   3647 1  
    51118.6581    78192    West         300       0x105ff       1.1843           -8.177  0.004    0   1   0 129   0   0   3    -99    -99  4790  4.269   3647 1  -7.049  0.014    0   1   0 189   0   0  13    -99    -99  6377  4.167   3647 1  
    51120.7044    78314    West         300       0x105ff       1.1819           -8.106  0.004    0  43   0 225   1   1   3    -99    -99 10965  2.508   3647 1  -6.802  0.011    9  41   0 241   0   0  13    -99    -99 11249  2.311   3647 1  
    51131.6885    78420    West         300       0x105ff       1.1895              -99    -99  999 999 999 999 999 999  -1    -99    -99   -99    -99      0 0  -6.521  0.008    0   1   0 253   0   0  13    -99    -99  1507  1.820   3647 1  
    51136.7130    78527    West         300       0x105ff       1.2280           -8.093  0.004    0  41   0 253   0   0   3    -99    -99  2125  3.766   3647 1  -7.199  0.007    0  41   0  82   0   0  13    -99    -99  1230  3.676   3647 1  
    51141.5245    78612    West         300       0x105ff       1.2659           -8.078  0.004    0   1   0 253   0   0   3    -99    -99  1900  3.612   3647 1  -7.194  0.007    0  41   0 124   0   0  13    -99    -99  1558  3.760   3647 1  
    51147.6306    78733    West         300       0x105ff       1.1820           -8.102  0.004    0   1   0 253   0   0   3    -99    -99  5517  2.756   3647 1  -6.913  0.009    0   1   0 244   0   0  13    -99    -99  5620  2.534   3647 1  
    51153.6899    78872    West         300       0x105ff       1.2655              -99    -99  999 999 999 999 999 999  -1    -99    -99   -99    -99      0 0  -7.120  0.076   17  41   0 108   0   0  13    -99    -99 15541  4.522   3647 1  
    51158.7076    78994    West         300       0x105ff       1.2883           -8.488  0.005    0   1   0 203   0   0   3    -99    -99  2590  3.291   3647 1  -7.256  0.013   36   1   0 242   0   0  13    -99    -99  2206  3.393   3647 1  
    51170.6882    79122    East         300       0x105ff       1.3721              -99    -99  999 999 999 999 999 999  -1    -99    -99   -99    -99      0 0  -7.155  0.006    0   1   0 129   0   0   9    -99    -99  1383  2.907   3647 1  
    51175.6789    79241    East         300       0x105ff       1.3856              -99    -99  999 999 999 999 999 999  -1    -99    -99   -99    -99      0 0  -7.142  0.013    0   1   0 110   0   0   9    -99    -99  2295  2.829   3647 1  
    51180.5579    79349    East         300       0x105ff       1.1911              -99    -99  999 999 999 999 999 999  -1    -99    -99   -99    -99      0 0  -7.190  0.010  -24   1   0 112   0   0   9    -99    -99 13059  2.672   3647 1  
    51182.5409    79458    East         300       0x105ff       1.1839              -99    -99  999 999 999 999 999 999  -1    -99    -99   -99    -99      0 0  -6.984  0.012    3  41   0 200   0   0   9    -99    -99  7671  3.581   3647 1  
    51184.6116    79559    West         300       0x105ff       1.2780           -8.180  0.004    0   1   0 129   0   0   3    -99    -99  4314  4.024   3647 1  -7.041  0.012    0   1   0 196   0   0  13    -99    -99  4739  3.860   3647 1  
    51189.7201    79672    East         300       0x105ff       1.7329           -8.141  0.005    0   1   0 125   0   0   6    -99    -99  4448  2.757   3647 1  -7.161  0.010    0   1   0 101   0   0   9    -99    -99  2817  2.676   3647 1  
    51195.6445    79777    East         300       0x105ff       1.4534           -8.201  0.003    0   1   0 158   0   0   6    -99    -99  2445  2.850   3647 1  -7.194  0.006    0   1   0 161   0   0   9    -99    -99  1652  2.675   3647 1  
    51207.6378    79886    East         300       0x105ff       1.5607           -8.166  0.005    0   1   0 117   0   0   6    -99    -99  9253  3.225   3647 1  -7.154  0.012    0   1   0 105   0   0   9    -99    -99  8717  3.150   3647 1  
    51221.6984    80015    East         300       0x105ff       2.2326           -8.206  0.011    0   1   0 102   0   0   6    -99    -99  3213  4.470   3647 1  -7.150  0.028    0   1   0  87   0   0   9    -99    -99  2468  4.586   3647 1  
    51225.5561    80109    East         300       0x105ff       1.4305           -8.187  0.003    0   1   0 155   0   0   6    -99    -99  2454  3.613   3647 1  -7.153  0.005    0  41   0 118   0   0   9    -99    -99  1636  3.482   3647 1  
    51228.6043    80239    East         300       0x105ff       1.6805           -8.149  0.003    0   1   0 196   0   0   6    -99    -99  2444  3.391   3647 1  -7.181  0.006    0   1   0  95   0   0   9    -99    -99  1844  3.366   3647 1  
    51240.5702    80446    East         300       0x105ff       1.6732           -8.072  0.004    2   1   0 208   0   0   6    -99    -99  9804  3.184   3647 1  -7.175  0.009    0   1   0  93   0   0   9    -99    -99 17144  3.204   3647 1  
    51246.5498    80688    East         300       0x105ff       1.6522           -8.176  0.003    0   1   0 154   0   0   6    -99    -99  3146  3.223   3647 1  -7.161  0.005    0   1   0 108   0   0   9    -99    -99  2111  3.210   3647 1  
    51249.5176    80815    East         300       0x105ff       1.5369           -8.143  0.003    0   1   0 182   0   0   6    -99    -99  2608  2.866   3647 1  -6.803  0.006    2  41   0 253   0   0   9    -99    -99  1764  2.656   3647 1  
    51251.4728    80989    East         300       0x105ff       1.3907           -8.136  0.005    0   1   0 107   0   0   6    -99    -99  4087  3.043   3647 1  -6.856  0.013    0  41   0 203   0   0   9    -99    -99  2900  2.917   3647 1  
    51260.5112    81216    East         300       0x105ff       1.6505           -8.188  0.003    0   1   0 161   0   0   6    -99    -99  2445  3.313   3647 1  -7.179  0.005    0  41   0 118   0   0   9    -99    -99  1657  3.220   3647 1  
    51275.4915    81475    East         300       0x101bf       1.7726           -8.152  0.012    0   1   0  96   0   0   6    -99    -99  4115  3.699   3647 1  -7.177  0.025    0   1   0  96   0   0   9    -99    -99  2963  3.807   3647 1  
    51278.5598    81627    East         300       0x101bf       2.4062           -8.171  0.003    0   1   0 135   0   0   6    -99    -99  2649  3.083   3647 1  -7.160  0.006    0   1   0 114   0   0   9    -99    -99  2088  3.340   3647 1  
    51284.5365    82068    East         300       0x105ff       2.3354           -8.163  0.003    0   1   0 143   0   0   6    -99    -99  3019  3.125   3647 1  -7.192  0.006    0   1   0 114   0   0   9    -99    -99  2257  3.309   3647 1  
    51288.4403    82421    East         300       0x105ff       1.6807           -8.173  0.003    0   1   0 237   0   0   6    -99    -99  3490  2.853   3647 1  -7.159  0.005    0   1   0 105   0   0   9    -99    -99  2251  2.907   3647 1  
    51291.4424    82721    East         300       0x105ff       1.7401           -8.178  0.003    0   1   0 144   0   0   6    -99    -99  5211  2.939   3647 1  -7.159  0.006    0   1   0 109   0   0   9    -99    -99  4227  2.979   3647 1  
    51298.5143    83118    East         300       0x105ff       2.5059           -8.156  0.005    0   1   0 163   0   0   6    -99    -99 21646  3.723   3647 1  -7.128  0.016    0   1   0 128   0   0   9    -99    -99 25001  3.976   3647 1  
    51301.4085    83380    East         300       0x105fb       1.7014           -8.172  0.003    0   1   0 151   0   0   6    -99    -99  6845  2.465   3647 1  -7.148  0.005    0   1   0 110   0   0   9    -99    -99  4571  2.458   3647 1  
    51304.4637    83735    East         300       0x105ff       2.1604           -8.172  0.004    0   1   0 144   0   0   6    -99    -99  4060  3.073   3647 1  -7.181  0.008    0   1   0 131   0   0   9    -99    -99  2448  3.239   3647 1  
    51307.4881    83961    East         300       0x105ff       2.4881           -8.180  0.003    0   1   0 136   0   0   6    -99    -99  3172  3.269   3647 1  -7.183  0.006    0   1   0 125   0   0   9    -99    -99  1936  3.522   3647 1  
    51312.4680    84238    East         300       0x105ff       2.4175           -8.184  0.005    0   1   0 125   0   0   6    -99    -99  4619  5.131   3647 1  -7.199  0.011    0   1   0  90   0   0   9    -99    -99  2296  5.432   3647 1  
    51315.4332    84534    East         300       0x105ff       2.1563           -8.161  0.005    0   1   0 126   0   0   6    -99    -99  5117  3.281   3647 1  -7.152  0.009    0   1   0 103   0   0   9    -99    -99  2666  3.377   3647 1  
    51325.4467    85166    East         300       0x105ff       2.5775           -8.212  0.007    0   1   0  96   0   0   6    -99    -99 12993  5.333   3647 1  -7.279  0.020    0   1   0 103   0   0   9    -99    -99 13413  5.712   3647 1  
    51339.3563    85738    East         300       0x105ff       2.0587           -8.158  0.004    0   1   0  97   0   0   6    -99    -99  3565  4.578   3647 1  -7.144  0.009    0   1   0  99   0   0   9    -99    -99  2191  4.796   3647 1  
    51353.3570    86705    East         300       0x105ff       2.4304           -8.194  0.003    0   1   0 137   0   0   6    -99    -99 10193  2.344   3647 1  -7.191  0.007    0   1   0 109   0   0   9    -99    -99  9148  2.574   3647 1  
    51383.7365    88405    West         300       0x105ff       1.7038           -8.153  0.004    0   1   0 113   0   0   2    -99    -99  4707  3.693   3647 1  -7.159  0.008    0   1   0 173   0   0  13    -99    -99  3724  3.836   3647 1  
    51391.8175    88915    West         300       0x001bf       1.3098           -8.158  0.003    0   1   0 131   0   0   2    -99    -99  4638  3.248   3647 1  -7.108  0.008    0   1   0 205   0   0  13    -99    -99  6124  3.260   3647 1  
    51394.8198    89289    West         300       0x105ff       1.2865           -8.143  0.004    0   1   0 144   0   0   2    -99    -99  3899  3.807   3647 1  -7.132  0.007    0   1   0 194   0   0  13    -99    -99  3146  3.888   3647 1  
    51401.7918    89710    West         300       0x105ff       1.3062           -8.124  0.008    0   1   0 102   0   0   2    -99    -99  3720  5.740   3647 1  -7.097  0.018    0   1   0 162   0   0  13    -99    -99  3022  5.941   3647 1  
    51407.6677    90106    West         300       0x105ff       1.7226           -8.187  0.003    0   1   0 115   0   0   2    -99    -99  2792  3.529   3647 1  -7.054  0.007    0   1   0 241   0   0  13    -99    -99  2538  3.644   3647 1  
    51410.7931    90352    West         300       0x105ff       1.2543           -8.191  0.003    0   1   0 155   0   0   2    -99    -99  2499  3.953   3647 1  -7.217  0.007    0   1   0 187   0   0  13    -99    -99  2198  3.981   3647 1  
    51413.7552    90646    West         300       0x105ff       1.3150           -8.185  0.003    0   1   0 127   0   0   2    -99    -99  4811  2.245   3647 1  -6.754  0.008    0   1   0 253   0   0  13    -99    -99  4110  2.150   3647 1  
    51420.7764    91080    West         300       0x105ff       1.2371           -8.124  0.003    0   1   0 175   0   0   2    -99    -99  5020  2.835   3647 1  -7.119  0.007    0   1   0 186   0   0  13    -99    -99  5996  2.779   3647 1  
    51423.7915    91270    West         300       0x105ff       1.2075           -8.125  0.003    0   1   0 173   0   0   2    -99    -99  4008  2.384   3647 1  -7.089  0.006  -10   1   0 220   0   0  13    -99    -99  3172  2.281   3647 1  
    51427.6601    91460    West         300       0x0013b       1.4938           -8.156  0.004    0   1   0 114   0   0   2    -99    -99  2392  4.318   3647 1  -7.135  0.008    0   1   0 188   0   0  13    -99    -99  2257  4.434   3647 1  
    51432.7262    91738    West         300       0x105ff       1.2664           -8.169  0.004    0   1   0 140   0   0   2    -99    -99  2056  4.474   3647 1  -7.179  0.008    0   1   0 179   0   0  13    -99    -99  1907  4.568   3647 1  
    51432.7978    91754    West         300       0x105ff       1.1840           -8.170  0.004    0   1   0 121   0   0   2    -99    -99  3602  3.949   3647 1  -7.076  0.009    0   1   0 216   0   0  13    -99    -99  3932  4.081   3647 1  
    51435.6078    91994    West         300       0x105ff       1.6318           -8.171  0.003    0   1   0 118   0   0   2    -99    -99  3224  3.148   3647 1  -7.144  0.007    0   1   0 207   0   0  13    -99    -99  2768  3.213   3647 1  
    51439.7393    92144    West         300       0x105ff       1.2171           -8.164  0.003    0   1   0 148   0   0   2    -99    -99  2277  3.242   3647 1  -7.154  0.006    0   1   0 200   0   0  13    -99    -99  1961  3.223   3647 1  
    51443.6374    92340    West         300       0x105ff       1.4170           -8.165  0.005    0   1   0 109   0   0   2    -99    -99  7157  3.754   3647 1  -7.171  0.013    0   1   0 142   0   0  13    -99    -99 10469  3.811   3647 1  
    51449.7752    92485    West         300       0x105ff       1.1774           -8.152  0.003    0   1   0 122   0   0   2    -99    -99  6323  2.431   3647 1  -6.831  0.008    0   1   0 253   0   0  13    -99    -99  6272  2.393   3647 1  
    51458.7820    92636    West         300       0x105ff       1.1839              -99    -99  999 999 999 999 999 999  -1    -99    -99   -99    -99      0 0  -7.084  0.013  -39   1   0 177   0   0  13    -99    -99 35964  2.507   3647 1  
    51463.5340    92752    West         300       0x105ff       1.6179              -99    -99  999 999 999 999 999 999  -1    -99    -99   -99    -99      0 0  -6.871  0.011    4   1   0 229   0   0  13    -99    -99  3411  2.569   3647 1  
    51468.6628    92898    West         300       0x105ff       1.2138              -99    -99  999 999 999 999 999 999  -1    -99    -99   -99    -99      0 0  -7.001  0.009    0   1   0 227   0   0  13    -99    -99  2254  3.574   3647 1  
    51471.5818    92996    West         300       0x105ff       1.3531              -99    -99  999 999 999 999 999 999  -1    -99    -99   -99    -99      0 0  -7.157  0.008    0   1   0 195   0   0  13    -99    -99  5587  3.233   3647 1  
    51472.7173    93107    West         300       0x105ff       1.1773              -99    -99  999 999 999 999 999 999  -1    -99    -99   -99    -99      0 0  -7.044  0.010    0   1   0 215   0   0  13    -99    -99  3946  4.067   3647 1  
    51478.5387    93201    West         300       0x105ff       1.4273              -99    -99  999 999 999 999 999 999  -1    -99    -99   -99    -99      0 0  -7.018  0.034    0   1   0 141   0   0  13    -99    -99 18313  2.798   3647 1  
    51479.6709    93300    West         300       0x105ff       1.1833              -99    -99  999 999 999 999 999 999  -1    -99    -99   -99    -99      0 0  -7.077  0.007   -3   1   0 211   0   0  13    -99    -99  4394  2.789   3647 1  
    51484.4897    93384    West         300       0x105ff       1.5563              -99    -99  999 999 999 999 999 999  -1    -99    -99   -99    -99      0 0  -6.542  0.029    0   1  85 100   0   0  13    -99    -99  2615  3.859   3647 1  
    51488.6613    93488    West         300       0x105ff       1.1784              -99    -99  999 999 999 999 999 999  -1    -99    -99   -99    -99      0 0  -6.848  0.006    0   1   0 253   0   0  13    -99    -99  1683  2.819   3647 1  
    51491.6845    93595    West         300       0x105ff       1.1808              -99    -99  999 999 999 999 999 999  -1    -99    -99   -99    -99      0 0  -7.073  0.008    0   1   0 218   0   0  13    -99    -99  1709  4.705   3647 1  
    51493.6875    93691    West         300       0x105ff       1.1845              -99    -99  999 999 999 999 999 999  -1    -99    -99   -99    -99      0 0  -6.970  0.006    0   1   0 253   0   0  13    -99    -99  1646  2.988   3647 1  
    51495.6834    93792    West         300       0x105ff       1.1851              -99    -99  999 999 999 999 999 999  -1    -99    -99   -99    -99      0 0  -7.138  0.008    0   1   0 196   0   0  13    -99    -99  2039  3.761   3647 1  
    51505.5733    93871    West         300       0x105ff       1.2018              -99    -99  999 999 999 999 999 999  -1    -99    -99   -99    -99      0 0  -7.113  0.010   -4   1   0 161   0   0  13    -99    -99 12834  2.897   3647 1  
    51510.5763    93982    West         300       0x105ff       1.1887              -99    -99  999 999 999 999 999 999  -1    -99    -99   -99    -99      0 0  -7.053  0.005   -6   1   0 232   0   0  13    -99    -99  2020  2.552   3647 1  
    51512.6940    94058    West         300       0x105fb       1.2449              -99    -99  999 999 999 999 999 999  -1    -99    -99   -99    -99      0 0  -6.858  0.007    0   1   0 253   0   0  13    -99    -99  2588  2.639   3647 1  
    51514.5879    94165    West         300       0x105ff       1.1791              -99    -99  999 999 999 999 999 999  -1    -99    -99   -99    -99      0 0  -7.029  0.006    0   1   0 251   0   0  13    -99    -99  1683  2.856   3647 1  
    51515.6522    94242    West         300       0x105ff       1.2024              -99    -99  999 999 999 999 999 999  -1    -99    -99   -99    -99      0 0  -7.046  0.007    0   1   0 236  40   3  13    -99    -99  1469  3.925   3647 1  
    51526.6972    94440    East         300       0x105ff       1.3300           -8.144  0.003    0   1   0 198   0   0   6    -99    -99  3018  2.906   3647 1  -7.149  0.007    0   1   0 116   0   0   9    -99    -99  2278  2.850   3647 1  
    51531.7147    94523    East         300       0x105ff       1.4226           -8.159  0.004    0   1   0 172   0   0   6    -99    -99  2237  4.973   3647 1  -7.152  0.008    0   1   0 129   0   0   9    -99    -99  1699  5.053   3647 1  
    51541.6706    94647    East         300       0x105ff       1.3697           -8.196  0.006    0   1   0 131   0   0   6    -99    -99  4910  3.350   3647 1  -7.169  0.014    0   1   0 102   0   0   9    -99    -99  4264  3.333   3647 1  
    51546.5866    94741    East         300       0x105ff       1.2231           -8.131  0.014    0   1   0 117   0   0   6    -99    -99  5045  2.899   3647 1  -6.545  0.055    0  41   0  98   0   0   9    -99    -99  4247  2.614   3647 1  
