!  Star 54.2883.16                         RA  04 57 43.706   DEC  -66 15 27.16
#  266 observations from the production databases
#  Field inception date: 50235.0833
#  Pixel coordinate system: none
#
#  Template         magnitude        chip coordinates        west-chunk
#     Red:           -10.434          589.46,  468.97             45
#    Blue:           -10.593          627.45,  483.85             56
#
!         Date    Obsid    Pier    Exposure     Checklist      Airmass             rMag   rErr  rDS rTF rCP rX2 rMP rCR  rA  rXpix  rYpix  rSky  rFWHM  rTobs r    bMag   bErr  bDS bTF bCP bX2 bMP bCR  bA  bXpix  bYpix  bSky  bFWHM  bTobs b  
    48836.5907      714    West         300       0x101bf       2.6823          -10.375  0.003    0   2  26 170   0   0   6    -99    -99  7286  5.071  11963 1 -10.514  0.004    0   2  30 176   0   0   8    -99    -99  3191  5.375  11963 1  
    48843.7965      849    West         300       0x101bf       1.2556          -10.402  0.004    0   2  39 108   0   0   6    -99    -99  4989  5.798  11963 1 -10.566  0.004    0   2  44  91   0   0   8    -99    -99  2409  6.167  11963 1  
    48854.6962      978    West         300       0x101bf       1.4607          -10.385  0.003    0   2 255 250 232   0   6    -99    -99  7653  3.510  11963 1 -10.563  0.003    0  42 255 227 225   0   8    -99    -99  4451  3.661  11963 1  
    48856.7320     1079    West         300       0x101bf       1.3235          -10.390  0.003    0   2 255 183 225   0   6    -99    -99  5780  3.782  11963 1 -10.563  0.003    0   2 255 146 212   0   8    -99    -99  3090  3.904  11963 1  
    49001.5769     2757    West         300       0x101bf       1.2608          -10.404  0.003    0   2 255 144 244   0   6    -99    -99  3592  2.784  11963 1 -10.576  0.005    0   2 255 127 252   0   8    -99    -99  2945  2.652  11963 1  
    49021.7003     3294    East         300       0x100bf       2.1465          -10.399  0.002    0   2  14 214   0   0   2    -99    -99  2305  4.236  11963 1 -10.488  0.002    0   2 255 224 192   0  12    -99    -99  1895  4.187  11963 1  
    49025.7158     3369    East         300       0x101bf       2.4217          -10.395  0.003    0   2  12 225   0   0   2    -99    -99 15181  5.098  11963 1 -10.551  0.005    0   2 255 217 221   0  12    -99    -99 28050  5.057  11963 1  
    49042.5956     3649    East         300       0x101bf       1.7738          -10.416  0.002    0   2 255 125 222   0   2    -99    -99  2414  3.066  11963 1 -10.560  0.003    0   2 255 135 244   0  12    -99    -99  1836  2.842  11963 1  
    49042.6060     3651    East         300       0x101bf       1.8445          -10.396  0.003    0   2 255 115 225   0   2    -99    -99  2406  3.159  11963 1 -10.541  0.005    0   2 255 103 247   0  12    -99    -99  1804  3.041  11963 1  
    49065.6015     4355    East         300       0x101bf       2.3619          -10.394  0.002    0   2 255 131 228   0   2    -99    -99  2395  2.983  11963 1 -10.552  0.003    0   2 255 113 243   0  12    -99    -99  1930  2.947  11963 1  
    49095.4983     5408    East         300       0x101bf       2.1452          -10.399  0.003    0   2 255 160 230   0   2    -99    -99  2765  3.203  11963 1 -10.564  0.005    0   2 255 158 244   0  12    -99    -99  2050  3.180  11963 1  
    49118.4801     6666    East         300       0x101bf       2.6299          -10.419  0.003    0   2  38 106   0   0   2    -99    -99  3574  5.156  11963 1 -10.556  0.004    0   2  32  81   0   0  12    -99    -99  2425  5.356  11963 1  
    49186.8439    10092    West         300       0x101bf       1.3042          -10.409  0.003    0   2  26 108   0   0   6    -99    -99 15750  4.897  11963 1 -10.550  0.003    0   2  33 102   0   0   8    -99    -99  6900  5.151  11963 1  
    49196.7957    10534    West         300       0x101bf       1.3639          -10.436  0.003    0   2  31  92   0   0   6    -99    -99  2686  4.813  11963 1 -10.578  0.003    0   2  33 114   0   0   8    -99    -99  2199  5.153  11963 1  
    49209.7917    11046    West         300       0x101bf       1.2807          -10.445  0.005    0   2  41  90   0   0   6    -99    -99  2892  7.021  11963 1 -10.581  0.006    0   2  47  67 135   0   8    -99    -99  2759  7.498  11963 1  
    49217.7011    11493    West         300       0x101bf       1.4983          -10.452  0.002    0   2 255 127 220   0   6    -99    -99  2385  3.166  11963 1 -10.592  0.003    0   2 255 131 234   0   8    -99    -99  2110  3.329  11963 1  
    49224.6939    11963    West         300       0x101bf       1.4514          -10.423  0.003    0   2 255 126 245   0   6    -99    -99  2823  2.590  11963 1 -10.568  0.005    0   2 255 126 250   0   8    -99    -99  2675  2.680  11963 1  
    49256.6809    12346    West         300       0x101bf       1.2464          -10.465  0.002    0   2 255 253 247   0   6    -99    -99  4495  2.470  11963 1 -10.436  0.005    0   2 255 244 253   0   8    -99    -99  6166  2.498  11963 1  
    49269.7111    12772    West         300       0x101bf       1.1703          -10.429  0.004    0   2  41  81   0   0   6    -99    -99  2745  6.052  11963 1 -10.579  0.004    0   2  47  74 167   0   8    -99    -99  2634  6.369  11963 1  
    49282.7056    13046    West         300       0x101bf       1.1626          -10.428  0.003    0   2 255 135 225   0   6    -99    -99  2205  3.389  11963 1 -10.621  0.004    0   2 255 117 242   0   8    -99    -99  2048  3.529  11963 1  
    49287.6643    13238    West         300       0x101bf       1.1690          -10.377  0.004    0   2 255 201 246   0   6    -99    -99  4936  2.819  11963 1 -10.573  0.005    0   2 255 205 248   0   8    -99    -99  7432  3.018  11963 1  
    49309.7232    13552    West         300       0x101bf       1.2408          -10.439  0.003    0   2 255 107 220   0   6    -99    -99  2306  3.869  11963 1 -10.563  0.003    0   2 255  92 228   0   8    -99    -99  2065  3.987  11963 1  
    49315.5911    13782    West         300       0x101bf       1.1674          -10.443  0.002    0   2  23 122   0   0   6    -99    -99  7143  3.844  11963 1 -10.568  0.003    0   2  23 110 156   0   8    -99    -99  7481  4.020  11963 1  
    49378.5692    14157    West         300       0x00110       1.3142          -10.447  0.003    0   2 255 171 186   0   6    -99    -99 28085  3.883  11963 1 -10.544  0.003    0   2  24 188   0   0   8    -99    -99 24658  4.280  11963 1  
    49390.6771    14469    East         300       0x101bf       2.0293          -10.441  0.003    0   2  36 100   0   0   2    -99    -99  2849  5.416  11963 1 -10.571  0.004    0   2  42 114   0   0  12    -99    -99  2342  5.704  11963 1  
    49426.6189    15331    East         300       0x101bf       2.4297          -10.470  0.002    0   2  15 203   0   0   2    -99    -99  3243  4.407  11963 1 -10.591  0.003    0   2  33 222   0   0  12    -99    -99  2630  4.696  11963 1  
    49450.5883    16206    East         300       0x101bf       2.8804          -10.418  0.002    0   2  20 124   0   0   2    -99    -99  3529  3.839  11963 1 -10.556  0.003    0   2 255 114 207   0  12    -99    -99  3067  4.000  11963 1  
    49518.7907    19347    West         300       0x101bf       2.0244          -10.429  0.005    0   2  33 112   0   0   6    -99    -99  5992  5.208  11963 1 -10.574  0.005    0   2  31 101 186   0   8    -99    -99  4397  5.459  11963 1  
    49534.7914    19957    West         300       0x101bf       1.7081          -10.452  0.003    0   2  22 105   0   0   6    -99    -99  4862  4.373  11963 1 -10.567  0.003    0   2  30 114   0   0   8    -99    -99  4048  4.576  11963 1  
    49540.8176    20413    West         300       0x001af       1.4929          -10.459  0.003    0   2  31 111   0   0   6    -99    -99  2726  5.151  11963 1 -10.577  0.004    0   2  37 110   0   0   8    -99    -99  2268  5.371  11963 1  
    49550.7777    21020    West         300       0x101bf       1.5488          -10.453  0.002    0   2  22 128   0   0   6    -99    -99  3002  3.914  11963 1 -10.577  0.003    0   2 255 117 201   0   8    -99    -99  2301  4.178  11963 1  
    49554.7552    21238    West         300       0x101bf       1.6049          -10.416  0.002    0   2  15 202   0   0   6    -99    -99  9957  3.900  11963 1 -10.572  0.003    0   2 255 147 177   0   8    -99    -99 11076  4.147  11963 1  
    49569.7688    22174    West         300       0x101bf       1.3812          -10.456  0.003    0   2  26 119   0   0   6    -99    -99  2924  4.339  11963 1 -10.566  0.003    0   2  32 115   0   0   8    -99    -99  2225  4.537  11963 1  
    49577.7601    22638    West         300       0x101bf       1.3413          -10.451  0.003    0   2  31  82   0   0   6    -99    -99  2125  4.762  11963 1 -10.572  0.003    0   2  29  77   0   0   8    -99    -99  2010  5.014  11963 1  
    49585.7577    23066    West         300       0x101bf       1.2912          -10.451  0.004    0   2  39  84   0   0   6    -99    -99 10064  5.556  11963 1 -10.566  0.005    0   2  39  74 145   0   8    -99    -99 16908  5.959  11963 1  
    49604.7475    24038    West         300       0x101bf       1.2141          -10.439  0.003    0   2 255 145 245   0   6    -99    -99  2291  2.532  11963 1 -10.601  0.003    0   2 255 117 248   0   8    -99    -99  2195  2.582  11963 1  
    49611.7227    24513    West         300       0x101bf       1.2223          -10.455  0.003    0   2  27  94   0   0   6    -99    -99  4044  5.177  11963 1 -10.568  0.004    0   2  35  83 174   0   8    -99    -99  5041  5.458  11963 1  
    49619.6939    24945    West         300       0x101bf       1.2335          -10.441  0.002    0   2  26 191   0   0   6    -99    -99  4448  4.374  11963 1 -10.564  0.003    0   2  30  61   0   0   8    -99    -99  4264  4.629  11963 1  
    49635.6889    25573    West         300       0x101bf       1.1842          -10.438  0.003    0   2  29 157   0   0   6    -99    -99  1920  4.921  11963 1 -10.576  0.003    0   2  34  94   0   0   8    -99    -99  1881  5.165  11963 1  
    49648.7011    26043    West         300       0x101bf       1.1625          -10.424  0.002    0   2 255 167 243   0   6    -99    -99  4603  2.255  11963 1 -10.593  0.004    0   2 255 121 253   0   8    -99    -99  4370  2.290  11963 1  
    49670.6200    26447    West         300       0x101bf       1.1671              -99    -99  999 999 999 999 999 999  -1    -99    -99   -99    -99      0 0 -10.584  0.004    0   2  33 117 187   0   8    -99    -99  6004  5.001  11963 1  
    49690.5960    26803    West         300       0x101bf       1.1631              -99    -99  999 999 999 999 999 999  -1    -99    -99   -99    -99      0 0 -10.423  0.006    0  13 255 185 253   0   8    -99    -99  1859  1.868  11963 1  
    49699.6201    27178    West         300       0x101bf       1.1913              -99    -99  999 999 999 999 999 999  -1    -99    -99   -99    -99      0 0 -10.601  0.003    0   2 255 130 246   0   8    -99    -99  5233  2.852  11963 1  
    49717.5838    27512    East         300       0x101bf       1.2052          -10.500  0.003    0   2 255 174 245   7   2    -99    -99  1905  2.716  11963 1 -10.582  0.005    0   2 255 123 250   0  12    -99    -99  1711  2.754  11963 1  
    49729.6270    27663    East         300       0x101bf       1.3681          -10.497  0.003    0   2 255 144 244   0   2    -99    -99  4478  2.804  11963 1 -10.607  0.004    0   2 255 104 252   0  12    -99    -99  3803  2.693  11963 1  
    49740.6502    27851    East         300       0x101bf       1.5793          -10.479  0.003    0   2 255  95 205   0   2    -99    -99  3629  3.895  11963 1 -10.594  0.005    0   2 255  73 238   0  12    -99    -99  3600  3.876  11963 1  
    49747.5547    28048    East         300       0x101bf       1.3037              -99    -99  999 999 999 999 999 999  -1    -99    -99   -99    -99      0 0 -10.579  0.004    0   2 255  82 243   0  -1    -99    -99   -99    -99      0 1  
    49764.5782    28546    East         300       0x101bf       1.5482          -10.557  0.004    0   2 255 169 252   0   2    -99    -99  8218  2.265  11963 1 -10.507  0.005    0   2 255 124 253   0  12    -99    -99 16826  2.186  11963 1  
    49764.6621    28554    East         300       0x101bf       2.1105          -10.471  0.003    0   2 255 131 183   0   2    -99    -99 12466  3.803  11963 1 -10.571  0.004    0   2 255 129 234   0  12    -99    -99 22360  3.829  11963 1  
    49790.4609    28959    East         300       0x101bf       1.3692          -10.555  0.003    0   2 255 110 223   0   3    -99    -99  6112  4.152  11963 1 -10.594  0.004    0   2 255  87 228   0  12    -99    -99  8633  4.205  11963 1  
    49809.6108    29835    East         300       0x101bf       2.9629          -10.560  0.003    0   2 255 147 202   0   3    -99    -99  2741  4.080  11963 1 -10.592  0.003    0   2 255 124 205   0  12    -99    -99  1857  4.138  11963 1  
    49929.6680    33732    West         300       0x101bf       2.0051          -10.528  0.004    0   2  41  74   0   0   6    -99    -99  3054  6.277  11963 1 -10.580  0.005    0   2  44  45   0   0   8    -99    -99  1963  6.566  11963 1  
    49937.6990    34276    West         300       0x101bf       1.6462          -10.533  0.004    0   2  34 126   0   0   6    -99    -99  7946  5.920  11963 1 -10.592  0.004    0   2  39  78   0   0   8    -99    -99  8444  6.280  11963 1  
    49941.7385    34696    West         300       0x101bf       1.4207          -10.309  0.002    0   2   0 253 133  81   6    -99    -99  5923  3.147  11963 1 -10.442  0.002    0   2  17 253   0   0   8    -99    -99 10702  3.297  11963 1  
    49943.6372    34899    West         300       0x101bf       1.9456          -10.186  0.002    6   2   0 253 128  78   6    -99    -99  6954  2.759  11963 1 -10.374  0.002    0   2   0 253 155  43   8    -99    -99  8464  2.860  11963 1  
    49947.6754    35203    West         300       0x101bf       1.6258          -10.251  0.002    0   2   6 253 144  93   6    -99    -99  3518  3.006  11963 1 -10.435  0.002    0   2   9 253   0   0   8    -99    -99  2612  3.022  11963 1  
    49953.7889    35653    West         300       0x101bf       1.2181          -10.310  0.002    0   2   0 253 112  64   6    -99    -99  1811  2.909  11963 1 -10.452  0.002    0   2   0 253  91   0   8    -99    -99  1604  2.950  11963 1  
    49972.7213    36503    West         300       0x101bf       1.2440          -10.114  0.002    8   2   0 253 102  60   6    -99    -99  5716  2.626  11963 1 -10.252  0.002    0   2   0 253 210  53   8    -99    -99  5826  2.672  11963 1  
    49982.6983    36826    West         300       0x101bf       1.2364          -10.471  0.004    0   2 255 189 250   0   6    -99    -99  2470  2.466  11963 1 -10.579  0.004    0   2 255 164 252   0   8    -99    -99  1931  2.472  11963 1  
    49987.7387    36976    West         300       0x101bf       1.1739          -10.463  0.003    0   2 255 180 230   0   6    -99    -99  1926  3.272  11963 1 -10.588  0.004    0   2 255 144 243   0   8    -99    -99  1705  3.307  11963 1  
    50005.7008    37497    West         300       0x101bf       1.1680          -10.476  0.012    0   2 255  87 253   0   6    -99    -99  3464  2.312  11963 1 -10.662  0.003    0   2 255 147 252   0   8    -99    -99  3145  2.292  11963 1  
    50088.7261    38905    East         300       0x101bf       1.7402          -10.564  0.006    0   2 255 129 249   0   3    -99    -99 10651  2.795  11963 1 -10.613  0.004    0   2 255 125 250   0  12    -99    -99 12893  2.866  11963 1  
    50109.7166    39322    East         300       0x101bf       2.1046          -10.520  0.003    0   2 255 119 229   0   3    -99    -99  2296  3.633  11963 1 -10.548  0.004    0   2 255 128 231   0  12    -99    -99  1505  3.795  11963 1  
    50131.6486    39823    East         300       0x101bf       2.0337          -10.486  0.003    0   2 255 131 220   0   3    -99    -99  2502  3.650  11963 1 -10.551  0.004    0   2 255 123 233   0  12    -99    -99  1599  3.723  11963 1  
    50193.5066    41703    East         300       0x101bf       2.2933          -10.488  0.003    0   2 255 106 234   0   3    -99    -99  3403  3.506  11963 1 -10.581  0.004    0   2 255 101 235   0  12    -99    -99  1953  3.596  11963 1  
    50197.5164    41814    East         300       0x101bf       2.5275          -10.479  0.003    0   2  32  97   0   0   3    -99    -99  2961  5.405  11963 1 -10.558  0.004    0   2  40  93   0   0  12    -99    -99  2205  5.612  11963 1  
    50304.8232    47065    West         300       0x101bf       1.2248          -10.449  0.004    0   2   0 118   0   0   6    -99    -99  3678  3.077  11963 1 -10.561  0.004    0   2   0  90 182   0   8    -99    -99  2440  3.129  11963 1  
    50350.7539    48994    West         300       0x101bf       1.1685          -10.448  0.003    0   2  26 138 170   0   6    -99    -99  3083  4.544  11963 1 -10.575  0.003    0   2 255  70 201   0   8    -99    -99  3340  4.704  11963 1  
    50369.7724    49511    West         300       0x101bf       1.1795          -10.483  0.005    0   2 255 138 249   0   6    -99    -99 10416  2.901  11963 1 -10.599  0.005    0   2 255  90 250   0   8    -99    -99 11573  2.992  11963 1  
    50370.6515    49556    West         300       0x101af       1.2125          -10.386  0.003    0   2 255 243 253   0   6    -99    -99  2061  1.952  11963 1     -99    -99  999 999 999 999 999 999  -1    -99    -99   -99    -99      0 0  
    50379.6726    49885    West         300       0x101bf       1.1696          -10.467  0.003    0   2 255 193 250   0   6    -99    -99  5323  2.344  11963 1 -10.562  0.005    0   2 255 158 253   0   8    -99    -99  8010  2.376  11963 1  
    50396.6533    50250    West         300       0x101bf       1.1623          -10.353  0.002    0   2   5 253   0   0   6    -99    -99  1832  3.385  11963 1 -10.424  0.002    0   2  12 253  85  45   8    -99    -99  1451  3.376  11963 1  
    50405.6546    50516    West         300       0x101ff       1.1676          -10.433  0.003    0   2 255 159 238   0   6    -99    -99  2335  3.388  11963 1 -10.565  0.003    0   2 255 103 237   0   8    -99    -99  1645  3.493  11963 1  
    50412.6329    50816    West         300       0x1017f       1.1665          -10.473  0.003    0   2  28 132   0   0   6    -99    -99 10892  4.752  11963 1 -10.568  0.003    0   2  31  91   0   0   8    -99    -99 10436  4.979  11963 1  
    50429.6575    51317    West         300       0x101ff       1.2415          -10.444  0.003    0   2  31 136   0   0   6    -99    -99  2228  4.818  11963 1 -10.557  0.003    0   2  26  90   0   0   8    -99    -99  1433  4.923  11963 1  
    50437.7161    51601    East         300       0x101ff       1.4657          -10.494  0.003    0   2 255 178 237   0   3    -99    -99  2335  3.317  11963 1 -10.581  0.004    0   2 255 153 248   0  12    -99    -99  1522  2.958  11963 1  
    50451.5884    51976    West         300       0x101ff       1.2263          -10.449  0.003    0   2 255 191 246   0   6    -99    -99  2397  2.697  11963 1 -10.607  0.004    0   2 255 156 246   0   8    -99    -99  1599  2.692  11963 1  
    50461.7158    52304    East         300       0x101ff       1.8114          -10.483  0.003    0   2 255 156 242   0   3    -99    -99  2791  3.020  11963 1 -10.573  0.003    0   2 255 109 245   0  12    -99    -99  1521  2.842  11963 1  
    50478.6716    52645    East         300       0x101ff       1.8268          -10.493  0.003    0   2 255 171 244   0   3    -99    -99  3736  2.730  11963 1 -10.553  0.004    0   2 255 133 251   0  12    -99    -99  3770  2.673  11963 1  
    50483.4967    52784    East         300       0x000ff       1.2193          -10.544  0.004    0   2 255 170 253   0   3    -99    -99  2520  2.348  11963 1 -10.510  0.003    0   2 255 141 251   0  12    -99    -99  1698  2.343  11963 1  
    50486.5732    52911    East         300       0x101ff       1.4311          -10.491  0.003    0   2 255 146 242   0   3    -99    -99  2200  2.934  11963 1 -10.565  0.003    0   2 255 128 245   0  12    -99    -99  1459  2.847  11963 1  
    50495.4861    53113    East         300       0x101ff       1.2577          -10.496  0.003    0   2 255 138 241   0   3    -99    -99  4524  3.012  11963 1 -10.584  0.005    0   2 255 102 249   0  12    -99    -99  3796  3.012  11963 1  
    50497.7088    53251    East         300       0x101fb       2.7073          -10.463  0.002    0   2 255 125 189   0   3    -99    -99  2542  3.820  11963 1 -10.553  0.003    0   2 255 120 208   0  12    -99    -99  1760  3.945  11963 1  
    50519.6181    53746    East         300       0x101ff       2.3390          -10.464  0.006    0   2  47  96   0   0   3    -99    -99  2788  7.883  11963 1 -10.553  0.007    0   2  49  79   0   0  12    -99    -99  1741  8.170  11963 1  
    50522.5075    53920    East         300       0x101ff       1.5697          -10.500  0.003    0   2 255 133 220   0   3    -99    -99  3010  3.619  11963 1 -10.594  0.003    0   2 255 119 234   0  12    -99    -99  2019  3.654  11963 1  
    50527.5570    54157    East         300       0x101ff       1.9703          -10.474  0.004    0   2  41 102   0   0   3    -99    -99  6750  5.627  11963 1 -10.562  0.004    0   2  40  62   0   0  12    -99    -99  9302  5.816  11963 1  
    50530.6178    54304    East         300       0x101ff       2.6959          -10.447  0.008    0   2  50  99   0   0   3    -99    -99 12315  8.712  11963 1 -10.529  0.008    0   2  50 103   0   0  12    -99    -99 23942  8.778  11963 1  
    50534.4990    54527    East         300       0x101ff       1.7002          -10.484  0.003    0   2 255 102 214   0   3    -99    -99  7455  3.783  11963 1 -10.555  0.003    0   2 255 136 219   0  12    -99    -99  6595  3.882  11963 1  
    50539.5721    54744    East         300       0x101ff       2.4343          -10.482  0.004    0   2 255 132 241   0   3    -99    -99  2997  2.942  11963 1 -10.574  0.004    0   2 255 117 248   0  12    -99    -99  1745  2.949  11963 1  
    50542.5948    54906    East         300       0x001bf       2.8292          -10.458  0.006    0   2  47  82   0   0   3    -99    -99  2862  7.803  11963 1 -10.583  0.006    0   2  52  67   0   0  12    -99    -99  1900  8.143  11963 1  
    50546.5710    55247    East         300       0x101ff       2.6548          -10.498  0.004    0   2 255 122 242   0   3    -99    -99  2787  2.875  11963 1 -10.601  0.004    0   2 255 133 244   0  12    -99    -99  1886  2.939  11963 1  
    50551.4459    55517    East         300       0x101fb       1.6617          -10.505  0.003    0   2 255 148 236   0   3    -99    -99  3363  3.373  11963 1 -10.599  0.004    0   2 255 138 247   0  12    -99    -99  2280  3.049  11963 1  
    50560.4168    55965    East         300       0x101bf       1.6364          -10.465  0.003    0   2  22 135   0   0   3    -99    -99 26329  4.202  11963 1 -10.539  0.003    0   2  18 162   0   0  12    -99    -99 23771  4.199  11963 1  
    50565.5342    56167    East         300       0x101ff       2.8606          -10.470  0.003    0   2 255 138 220   0   3    -99    -99  7036  3.601  11963 1 -10.546  0.003    0   2 255 146 220   0  12    -99    -99  5949  3.640  11963 1  
    50572.4823    56727    East         300       0x101ff       2.4392          -10.522  0.003    0   2 255 123 236   0   3    -99    -99  3174  3.166  11963 1 -10.482  0.003    0   2 255 146 238   0  12    -99    -99  1871  3.208  11963 1  
    50577.5033    56994    East         300       0x101ff       2.8854          -10.481  0.007    0   2  49  78   0   0   3    -99    -99  2708  8.374  11963 1 -10.554  0.008    0   2  51  71   0   0  12    -99    -99  2049  8.831  11963 1  
    50581.4988    57283    East         300       0x101ff       2.9639          -10.486  0.002    0   2  16 121   0   0   3    -99    -99  5048  3.690  11963 1 -10.569  0.003    0   2  27 129   0   0  12    -99    -99  3847  3.780  11963 1  
    50597.8122    57748    West         300       0x101ff       2.2496          -10.507  0.004    0   2  36 134   0   0   6    -99    -99  4668  6.192  11963 1 -10.597  0.005    0   2  45 111 149   0   8    -99    -99  4221  6.561  11963 1  
    50609.4037    58728    East         300       0x101bf       2.7173          -10.466  0.003    0   2  11 164   0   0   3    -99    -99  4909  3.695  11963 1 -10.563  0.003    0   2  16 111   0   0  12    -99    -99  3913  3.718  11963 1  
    50616.3746    59185    East         300       0x101ff       2.5886          -10.478  0.003    0   2  33 115   0   0   3    -99    -99 10399  5.070  11963 1 -10.575  0.004    0   2  39 103   0   0  12    -99    -99  9481  5.219  11963 1  
    50646.8229    60942    West         300       0x1017f       1.3715          -10.493  0.002    0   2  28 139   0   0   6    -99    -99  2667  4.424  11963 1 -10.585  0.003    0   2  33 119   0   0   8    -99    -99  1922  4.509  11963 1  
    50651.8251    61413    West         300       0x101ff       1.3255          -10.449  0.003    0   2 255 190 249   0   6    -99    -99  6087  2.455  11963 1 -10.576  0.005    0   2 255 136 253   0   8    -99    -99  8832  2.514  11963 1  
    50657.6746    61730    West         300       0x101ff       2.0073          -10.496  0.002    0   2 255 146 179   0   6    -99    -99  3300  4.086  11963 1 -10.574  0.003    0   2  27 122 181   0   8    -99    -99  2269  4.287  11963 1  
    50659.8303    61965    West         300       0x101ff       1.2621          -10.433  0.003    0   2 255 198 250   0   6    -99    -99  3171  2.403  11963 1 -10.582  0.004    0   2 255 150 249   0   8    -99    -99  2826  2.443  11963 1  
    50661.8210    62155    West         300       0x101ff       1.2701          -10.500  0.003    0   2  30 132   0   0   6    -99    -99  3070  5.043  11963 1 -10.590  0.003    0   2  38  93   0   0   8    -99    -99  1964  5.315  11963 1  
    50669.7548    62583    West         300       0x101ff       1.3882          -10.420  0.003    0   2 255 161 239   0   6    -99    -99  2744  3.043  11963 1 -10.584  0.003    0   2 255 105 240   0   8    -99    -99  2036  3.134  11963 1  
    50674.6468    62897    West         300       0x101ff       1.8641          -10.499  0.003    0   2 255 151 210   0   6    -99    -99  6227  4.102  11963 1 -10.592  0.003    0   2 255 156 175   0   8    -99    -99  5721  4.294  11963 1  
    50677.7738    63117    West         300       0x101ff       1.2776          -10.486  0.003    0   2  33 101   0   0   6    -99    -99 10151  5.350  11963 1 -10.568  0.004    0   2  40  66 182   0   8    -99    -99 13363  5.565  11963 1  
    50679.7826    63317    West         300       0x101ff       1.2487          -10.457  0.003    0   2 255 185 248   0   6    -99    -99  6883  2.496  11963 1 -10.570  0.004    0   2 255 109 249   0   8    -99    -99 12449  2.528  11963 1  
    50681.6295    63507    West         300       0x101ff       1.8508          -10.406  0.003    0   2 255 196 244   0   6    -99    -99  6813  2.697  11963 1 -10.582  0.004    0   2 255 197 248   0   8    -99    -99  8948  2.791  11963 1  
    50683.7743    63684    West         300       0x101ff       1.2438          -10.529  0.005   -6   2  45 140   0   0   6    -99    -99  4505  7.804  11963 1 -10.592  0.006   -2   2  48 117 141   0   8    -99    -99  3555  8.156  11963 1  
    50687.2180    63848    West         300       0x00110       1.6682          -10.508  0.003    0   2 255 170 240   0   6    -99    -99  3005  3.000  11963 1 -10.575  0.003    0   2 255 159 240   0   8    -99    -99  2321  3.033  11963 1  
    50688.7084    63935    West         300       0x101ff       1.3707          -10.434  0.004    0   2 255 157 248   0   6    -99    -99  1961  2.807  11963 1 -10.570  0.002    0   2 255 184 243   0   8    -99    -99  1770  2.834  11963 1  
    50700.6528    64170    West         300       0x101ff       1.4501          -10.486  0.003    0   2 255 174 241   0   6    -99    -99  2543  2.990  11963 1 -10.583  0.003    0   2 255 147 240   0   8    -99    -99  2298  3.063  11963 1  
    50704.5752    64315    West         300       0x101ff       1.7928          -10.465  0.003    0   2 255 144 220   0   6    -99    -99  8692  3.662  11963 1 -10.579  0.003    0   2 255 149 219   0   8    -99    -99 10119  3.819  11963 1  
    50713.6886    64480    West         300       0x101ff       1.2508          -10.485  0.003    0   2 255 167 244   0   6    -99    -99  3804  2.840  11963 1 -10.587  0.003    0   2 255  97 243   0   8    -99    -99  2966  2.877  11963 1  
    50716.7372    64594    West         300       0x101ff       1.1773          -10.449  0.003    0   2 255 163 241   0   6    -99    -99  2028  3.072  11963 1 -10.588  0.003    0   2 255  92 240   0   8    -99    -99  1951  3.153  11963 1  
    50718.7266    64701    West         300       0x101ff       1.1814          -10.485  0.003    0   2 255 154 220   0   6    -99    -99  1858  3.525  11963 1 -10.585  0.004    0   2 255  87 234   0   8    -99    -99  1759  3.629  11963 1  
    50720.5737    64812    West         300       0x101ff       1.5545          -10.474  0.003    0   2 255 154 240   0   6    -99    -99  2707  3.041  11963 1 -10.576  0.003    0   2 255 162 236   0   8    -99    -99  2218  3.143  11963 1  
    50721.6808    64922    West         300       0x101ff       1.2266          -10.483  0.003    0   2 255 202 249   0   6    -99    -99  1934  2.256  11963 1 -10.590  0.003    0   2 255 159 253   0   8    -99    -99  1996  2.248  11963 1  
    50724.5980    65068    West         300       0x101ff       1.4111          -10.488  0.004    0   2  39 115   0   0   6    -99    -99  1900  6.024  11963 1 -10.577  0.005    0   2  44 100 178   0   8    -99    -99  1900  6.325  11963 1  
    50725.6710    65167    West         300       0x101ff       1.2249          -10.446  0.002    0   2 255 170 209   0   6    -99    -99  4040  2.351  11963 1 -10.587  0.002    0   2 255 118 234   0   8    -99    -99  3590  2.358  11963 1  
    50730.7091    65310    West         300       0x101ff       1.1708          -10.448  0.003    0   2 255 228 253   1   6    -99    -99  1931  1.890  11963 1 -10.575  0.005    0   2 255 155 253   0   8    -99    -99  1707  1.771  11963 1  
    50732.6179    65420    West         300       0x101ff       1.2905          -10.488  0.002    0   2  21 134   0   0   6    -99    -99  4149  4.345  11963 1 -10.585  0.003    0   2  20 104   0   0   8    -99    -99  4920  4.430  11963 1  
    50733.6965    65507    West         300       0x101ff       1.1735          -10.504  0.003    0   2 255 145 230   0   6    -99    -99  3523  3.486  11963 1 -10.590  0.003    0   2 255  74 236   0   8    -99    -99  4103  3.537  11963 1  
    50735.5201    65613    West         300       0x101ff       1.6171          -10.496  0.004    0   2  35 132   0   0   6    -99    -99 10930  6.151  11963 1 -10.584  0.005    0   2  39  95   0   0   8    -99    -99 16109  6.410  11963 1  
    50736.6595    65711    West         300       0x101ff       1.1995          -10.475  0.003    0   2 255 126 217   0   6    -99    -99 10596  3.700  11963 1 -10.586  0.004    0   2 255  62 233   0   8    -99    -99 16072  3.819  11963 1  
    50737.7226    65796    West         300       0x101ff       1.1622          -10.490  0.003    0   2  26 131   0   0   6    -99    -99  8901  4.814  11963 1 -10.584  0.003    0   2  28 127   0   0   8    -99    -99 11999  4.923  11963 1  
    50740.7214    65909    West         300       0x1017f       1.1629          -10.468  0.002    0   2 255 206 235   0   6    -99    -99  5015  2.754  11963 1 -10.628  0.006    0   2 255  83 251   0   8    -99    -99  4441  2.830  11963 1  
    50740.7580    65916    West         300       0x1017f       1.1804          -10.475  0.003    0   2 255 181 246   0   6    -99    -99  5778  2.621  11963 1 -10.578  0.003    0   2 255 129 247   0   8    -99    -99  5405  2.654  11963 1  
    50743.5427    66044    West         300       0x101ff       1.4231          -10.440  0.004    0   2 255 154 241   0   6    -99    -99  2391  3.061  11963 1 -10.605  0.003    0   2 255 143 239   0   8    -99    -99  2344  3.114  11963 1  
    50744.7382    66153    West         300       0x101ff       1.1739          -10.453  0.002    0   2 255 198 236   0   6    -99    -99  2457  2.719  11963 1 -10.620  0.003    0   2 255  97 245   0   8    -99    -99  2221  2.743  11963 1  
    50746.5703    66254    West         300       0x101ff       1.3137          -10.415  0.003    0   2 255 147 238   0   6    -99    -99  2569  3.003  11963 1 -10.575  0.004    0   2 255  91 242   0   8    -99    -99  2412  3.005  11963 1  
    50748.5629    66334    West         300       0x101ff       1.3184          -10.515  0.002    0   2  27 137   0   0   6    -99    -99  2245  4.485  11963 1 -10.614  0.003    0   2  27 117   0   0   8    -99    -99  2147  4.654  11963 1  
    50767.4716    66454    West         300       0x101bf       1.4436          -10.451  0.003    0   2 255 142 245   0   6    -99    -99 12232  2.986  11963 1 -10.513  0.005    0   2 255 148 250   0   8    -99    -99 11203  3.015  11963 1  
    50769.5828    66568    West         300       0x101bf       1.1854          -10.465  0.003   53   2   2 253   0   0   6    -99    -99  7723  2.819  11963 1 -10.555  0.004    0   2 255 183 245   0   8    -99    -99  6551  2.795  11963 1  
    50771.6357    66667    West         300       0x101bf       1.1626          -10.459  0.005    0   2 255 162 249   0   6    -99    -99  3446  3.008  11963 1 -10.598  0.004    0   2 255 100 250   0   8    -99    -99  3642  2.999  11963 1  
    50775.5756    66768    West         300       0x101bb       1.1777          -10.505  0.004    0   2 255 163 213   0   6    -99    -99  2684  3.837  11963 1 -10.615  0.003    0   2 255 153 231   0   8    -99    -99  2512  3.737  11963 1  
    50784.6733    66987    West         300       0x101ff       1.2214          -10.456  0.004    0   2 255 153 245   0   6    -99    -99  2311  3.223  11963 1 -10.622  0.004    0   2 255  85 248   0   8    -99    -99  1547  3.188  11963 1  
    50793.5801    67082    West         300       0x101ff       1.1634          -10.496  0.004    0   2 255 177 251   0   6    -99    -99  8039  2.739  11963 1 -10.623  0.004    0   2 255 138 247   0   8    -99    -99  7942  2.847  11963 1  
    50797.4911    67187    West         300       0x101ff       1.2017          -10.471  0.003    0   2 255 196 250   0   6    -99    -99  7582  2.441  11963 1 -10.612  0.004    0   2 255 144 253   0   8    -99    -99  7661  2.458  11963 1  
    50803.5449    67336    West         300       0x101ff       1.1623          -10.489  0.003    0   2 255 161 209   0   6    -99    -99  2118  4.165  11963 1 -10.581  0.004    0   2 255 125 223   0   8    -99    -99  1861  4.269  11963 1  
    50805.5332    67441    West         300       0x101ff       1.1622          -10.468  0.004    0   2 255 181 248   0   6    -99    -99  2638  2.924  11963 1 -10.629  0.004    0   2 255 104 249   0   8    -99    -99  1864  2.983  11963 1  
    50811.5870    67565    West         300       0x101ff       1.2041          -10.487  0.003    0   2 255 152 239   0   6    -99    -99  2108  3.338  11963 1 -10.659  0.003    0   2 255 127 239   0   8    -99    -99  1878  3.470  11963 1  
    50813.6704    67671    East         300       0x101ff       1.4066          -10.515  0.002    0   2   0 173   0   0   3    -99    -99  3245  3.193  11963 1 -10.579  0.002    0   2   1 210   0   0  12    -99    -99  2536  3.477  11963 1  
    50825.5930    67788    East         300       0x101ff       1.2810          -10.583  0.006    0   2 255 132 251   0   3    -99    -99 15406  2.762  11963 1 -10.723  0.006    0   2 255 184 251   0  12    -99    -99 17002  2.917  11963 1  
    50830.7006    67873    East         300       0x101ff       1.7805          -10.510  0.003    0   2  31 106   0   0   3    -99    -99  4710  5.000  11963 1 -10.580  0.003    0   2  32 128   0   0  12    -99    -99  6085  5.289  11963 1  
    50834.7105    67967    East         300       0x101ff       1.9305          -10.476  0.003    0   2 255 157 242   0   3    -99    -99  3286  2.992  11963 1 -10.351  0.005    0   2 255 171 249   0  12    -99    -99  2489  2.818  11963 1  
    50839.5325    68088    East         300       0x101ff       1.2368          -10.513  0.003    0   2 255 103 240   0   3    -99    -99  1814  3.148  11963 1 -10.586  0.003    0   2 255  93 243   0  12    -99    -99  1520  3.114  11963 1  
    50841.6198    68207    East         300       0x101ff       1.5067          -10.540  0.004    0   2 255 120 247   0   3    -99    -99  1752  3.028  11963 1 -10.708  0.004    0   2 255 168 249   0  12    -99    -99  1342  3.058  11963 1  
    50844.6574    68315    East         300       0x101ff       1.7491          -10.530  0.002    0   2 255 215 250   0   3    -99    -99  2703  2.186  11963 1 -10.612  0.003    0   2 255 196 251   0  12    -99    -99  1693  2.202  11963 1  
    50848.7162    68433    East         300       0x101ff       2.3325          -10.501  0.002    0   2 255 160 220   0   3    -99    -99  2347  3.452  11963 1 -10.575  0.003    0   2 255 155 232   0  12    -99    -99  1684  3.535  11963 1  
    50857.4800    68544    East         300       0x101fb       1.2314          -10.476  0.003    0   2 255 177 225   0   3    -99    -99  5971  3.956  11963 1 -10.538  0.004    0   2 255 192 224   0  12    -99    -99  8422  4.453  11963 1  
    50860.7068    68633    East         300       0x101ff       2.6076          -10.467  0.004    0   2  40 105   0   0   3    -99    -99  6561  6.030  11963 1 -10.542  0.004    0   2  46 144   0   0  12    -99    -99  6519  5.988  11963 1  
    50862.6840    68756    East         300       0x101ff       2.4009          -10.490  0.002    0   2   8 137   0   0   3    -99    -99  4385  3.644  11963 1 -10.561  0.005    0   2 255  99 184   0  12    -99    -99  3819  3.687  11963 1  
    50864.7094    68878    East         300       0x101ff       2.7868          -10.489  0.002    0   2  23 111   0   0   3    -99    -99  3949  4.115  11963 1 -10.556  0.003    0   2  25 114   0   0  12    -99    -99  3111  4.267  11963 1  
    50866.6239    68982    East         300       0x101fb       1.9370          -10.480  0.003    0   2  34  95   0   0   3    -99    -99  2418  5.163  11963 1 -10.558  0.004    0   2  39  97   0   0  12    -99    -99  1676  5.545  11963 1  
    50868.6918    69105    East         300       0x101ff       2.6979          -10.504  0.003    0   2 255 105 238   0   3    -99    -99  2638  3.180  11963 1 -10.478  0.003    0   2 255 209 228   0  12    -99    -99  1842  3.206  11963 1  
    50874.5286    69307    East         300       0x101ff       1.5026          -10.517  0.003    0   2 255 207 227   0   3    -99    -99  3227  3.225  11963 1 -10.539  0.007    0   2 255 146 224   0  12    -99    -99  2351  3.433  11963 1  
    50879.4584    69483    East         300       0x101fb       1.3118          -10.498  0.003    0   2 255 127 223   0   3    -99    -99  4322  4.051  11963 1 -10.600  0.004    0   2 255  95 236   0  12    -99    -99  3776  4.017  11963 1  
    50881.5288    69597    East         300       0x101ff       1.5927          -10.494  0.003    0   2 255 103 224   0   3    -99    -99  5536  3.925  11963 1 -10.581  0.004    0   2 255 125 228   0  12    -99    -99  6922  4.139  11963 1  
    50884.6143    69831    East         300       0x101ff       2.2972          -10.468  0.003    0   2 255 167 191   0   3    -99    -99 12537  3.729  11963 1 -10.518  0.004    0   2 255 179 215   0  12    -99    -99 22628  4.043  11963 1  
    50908.4930    70090    East         300       0x001bf       1.8184          -10.478  0.003    0   2 255 153 242   0   3    -99    -99  5212  3.044  11963 1 -10.596  0.003    0   2 255 136 244   0  12    -99    -99  4924  3.106  11963 1  
    50917.4463    70525    East         300       0x101ff       1.6794          -10.519  0.005    0   2 255 149 247   0   3    -99    -99  7515  3.144  11963 1 -10.543  0.005    0   2 255 137 247   0  12    -99    -99  6327  3.281  11963 1  
    50933.4298    70978    East         300       0x101ff       1.8549          -10.466  0.002    0   2  17 253   0   0   3    -99    -99  4219  3.898  11963 1 -10.542  0.003    0   2 255 248 215   0  12    -99    -99  2350  4.124  11963 1  
    50943.3660    71320    East         300       0x101ff       1.6281              -99    -99  999 999 999 999 999 999  -1    -99    -99   -99    -99      0 0 -10.582  0.014    0   2   0 121   0   0  12    -99    -99 26594  2.721  11963 1  
    50956.4089    71813    East         300       0x101ff       2.2107          -10.520  0.008    0   2  51 189   0   0   3    -99    -99  4027  8.721  11963 1 -10.573  0.008    0   2  51  73   0   0  12    -99    -99  1891  9.271  11963 1  
    50969.4083    72430    East         300       0x101ff       2.6027          -10.329  0.002    0   2   4 253 132  82   3    -99    -99  7602  3.138  11963 1 -10.546  0.004    0   2 255 133 240   0  12    -99    -99  7686  3.182  11963 1  
    50980.7856    73052    West         300       0x101ff       2.0371          -10.481  0.004    0   2  37 126   0   0   6    -99    -99  5261  5.791  11963 1 -10.576  0.004    0   2  41  89   0   0   8    -99    -99  5228  5.783  11963 1  
    50994.7554    73667    West         300       0x101ff       1.9699          -10.501  0.002    0   2  21 137   0   0   6    -99    -99  3319  4.551  11963 1 -10.580  0.003    0   2  25 120   0   0   8    -99    -99  2273  4.777  11963 1  
    51000.7581    74082    West         300       0x101ff       1.8271          -10.517  0.003    0   2 255 182 235   0   6    -99    -99  5951  3.338  11963 1 -10.587  0.003    0   2 255 185 238   0   8    -99    -99  3696  3.235  11963 1  
    51005.7328    74400    West         300       0x101ff       1.9120          -10.507  0.003    0   2 255 147 204   0   6    -99    -99 10813  4.278  11963 1 -10.598  0.003    0   2 255 156 173   0   8    -99    -99 13648  4.406  11963 1  
    51017.7299    74853    West         300       0x101ff       1.7095          -10.513  0.002    0   2  19 161   0   0   6    -99    -99  3075  4.250  11963 1 -10.596  0.003    0   2  25 131   0   0   8    -99    -99  2393  4.510  11963 1  
    51028.7543    75215    West         300       0x101ff       1.4464          -10.512  0.003    0   2  35 135   0   0   6    -99    -99  2448  5.081  11963 1 -10.616  0.003    0   2  32 131   0   0   8    -99    -99  1960  5.117  11963 1  
    51034.6389    75351    West         300       0x101ff       2.0296          -10.533  0.003    0   2 255 187 242   0   6    -99    -99 10912  2.883  11963 1 -10.599  0.004    0   2 255 185 240   0   8    -99    -99 17486  3.151  11963 1  
    51048.7325    75650    West         300       0x101ff       1.3495          -10.432  0.003    0   2 255 198 250   0   6    -99    -99  2267  2.376  11963 1 -10.644  0.003    0   2 255 180 250   0   8    -99    -99  1834  2.421  11963 1  
    51053.6990    75973    West         300       0x101ff       1.4000          -10.347  0.003    0   2 255 220 250   0   6    -99    -99  2943  2.183  11963 1 -10.575  0.004    0   2 255 179 253   0   8    -99    -99  2138  2.187  11963 1  
    51057.5664    76251    West         300       0x101ff       2.1142          -10.525  0.003    0   2  28 148   0   0   6    -99    -99  6923  4.973  11963 1 -10.609  0.003    0   2  31 131   0   0   8    -99    -99  6087  5.293  11963 1  
    51061.7660    76405    West         300       0x101ff       1.2021          -10.531  0.003    0   2 255 139 233   0   6    -99    -99  7796  3.534  11963 1 -10.589  0.003    0   2 255  59 234   0   8    -99    -99 12087  3.651  11963 1  
    51072.6120    76650    West         300       0x101ff       1.5388          -10.517  0.002    0   2  16 162   0   0   6    -99    -99  2518  4.292  11963 1 -10.597  0.002    0   2  28 149   0   0   8    -99    -99  2108  4.170  11963 1  
    51073.7744    76754    West         300       0x101ff       1.1679          -10.517  0.002    0   2  23 158   0   0   6    -99    -99  2204  4.305  11963 1 -10.616  0.002    0   2  24 119   0   0   8    -99    -99  1587  4.206  11963 1  
    51082.7879    76904    West         300       0x101ff       1.1630          -10.438  0.004    0   2 255 174 248   0   6    -99    -99  7506  2.480  11963 1 -10.610  0.004    0   2 255 125 253   0   8    -99    -99  9074  2.511  11963 1  
    51085.5618    77043    West         300       0x101ff       1.6102          -10.534  0.003    0   2  26 159   0   0   6    -99    -99  4044  4.666  11963 1 -10.592  0.003    0   2  35 154 184   0   8    -99    -99  3853  4.943  11963 1  
    51086.7778    77156    West         300       0x101ff       1.1638          -10.505  0.003    0   2  32 142   0   0   6    -99    -99  3396  5.233  11963 1 -10.590  0.004    0   2  38  84   0   0   8    -99    -99  3427  5.562  11963 1  
    51089.6423    77285    West         300       0x101ff       1.2833          -10.511  0.003    0   2 255 166 176   0   6    -99    -99  5930  4.204  11963 1 -10.580  0.003    0   2  24  69 181   0   8    -99    -99  9675  4.334  11963 1  
    51097.7188    77388    West         300       0x101ff       1.1642          -10.490  0.002    0   2 255 212 236   0   6    -99    -99  4402  2.598  11963 1 -10.581  0.003    0   2 255 135 247   0   8    -99    -99  3418  2.461  11963 1  
    51100.5215    77487    West         300       0x1017f       1.6066          -10.522  0.003    0   2  29 139   0   0   6    -99    -99  3335  4.938  11963 1 -10.602  0.003    0   2  36 117   0   0   8    -99    -99  2495  5.169  11963 1  
    51102.5844    77621    West         300       0x101ff       1.3396          -10.511  0.002    0   2  24 156   0   0   6    -99    -99  2075  4.535  11963 1 -10.596  0.003    0   2  30 122   0   0   8    -99    -99  1983  4.476  11963 1  
    51106.6166    77719    West         300       0x101ff       1.2415          -10.523  0.002    0   2  22 138   0   0   6    -99    -99  2514  4.462  11963 1 -10.614  0.003    0   2  24  96 193   0   8    -99    -99  1897  4.404  11963 1  
    51106.6653    77730    West         300       0x101ff       1.1796          -10.520  0.003    0   2  34 123   0   0   6    -99    -99  2591  5.640  11963 1 -10.612  0.004    0   2 255  79 185   0   8    -99    -99  1830  5.679  11963 1  
    51109.6701    77853    West         300       0x101ff       1.1708          -10.489  0.003    0   2 255 148 240   0   6    -99    -99  2792  3.097  11963 1 -10.589  0.003    0   2 255 101 238   0   8    -99    -99  1614  3.111  11963 1  
    51111.7105    77988    West         300       0x101ff       1.1641          -10.503  0.002    0   2 255 170 209   0   6    -99    -99  1710  3.852  11963 1 -10.597  0.003    0   2 255 107 214   0   8    -99    -99  1538  3.828  11963 1  
    51114.4711    78103    West         300       0x101ff       1.6721          -10.533  0.002    0   2   0 177   0   0   6    -99    -99  9461  3.118  11963 1 -10.599  0.002    0   2   9 170   0   0   8    -99    -99  6977  3.243  11963 1  
    51118.7411    78207    West         300       0x101ff       1.1997          -10.513  0.002    0   2 255 173 185   0   6    -99    -99  2967  4.099  11963 1 -10.590  0.002    0   2 255 124 194   0   8    -99    -99  2221  4.083  11963 1  
    51120.7177    78317    West         300       0x101ff       1.1815          -10.468  0.003    0   2 255 192 248   0   6    -99    -99  9707  2.439  11963 1 -10.541  0.005    0   2 255 142 251   0   8    -99    -99 10902  2.309  11963 1  
    51131.6620    78414    West         300       0x101ff       1.1661          -10.387  0.003    0   2 255 201 247   0   6    -99    -99  2368  2.349  11963 1 -10.588  0.004    0   2 255 135 251   0   8    -99    -99  1599  2.265  11963 1  
    51136.6512    78513    West         300       0x101ff       1.1672          -10.537  0.003    0   2 255 160 240   0   6    -99    -99  2145  3.125  11963 1 -10.583  0.002    0   2 255 104 228   0   8    -99    -99  1507  3.210  11963 1  
    51140.6622    78599    West         300       0x101ff       1.1809          -10.498  0.002    0   2   0 188   0   0   6    -99    -99  2461  2.970  11963 1 -10.584  0.002    0   2   0 128   0   0   8    -99    -99  1754  2.949  11963 1  
    51146.6790    78702    West         300       0x101ff       1.2189          -10.469  0.003    0   2 255 196 237   0   6    -99    -99  2241  3.267  11963 1 -10.588  0.004    0   2 255 152 242   0   8    -99    -99  1794  3.157  11963 1  
    51150.7203    78810    West         300       0x001bf       1.3267          -10.509  0.003    0   2 255 168 216   0   6    -99    -99 13981  3.939  11963 1 -10.598  0.003    0   2 255 128 211   0   8    -99    -99 11910  3.999  11963 1  
    51158.6113    78973    West         300       0x101ff       1.1795          -10.477  0.003    0   2 255 204 223   0   6    -99    -99  2074  3.388  11963 1 -10.578  0.002    0   2 255 165 223   0   8    -99    -99  1636  3.294  11963 1  
    51170.6528    79114    East         300       0x101ff       1.2941          -10.387  0.001    0   2   0 253   0   0   3    -99    -99  2053  2.970  11963 1 -10.557  0.002    0   2 255 158 234   0  12    -99    -99  1467  2.825  11963 1  
    51175.6572    79237    East         300       0x101ff       1.3413          -10.467  0.002    0   2   0 253   0   0   3    -99    -99  2950  2.769  11963 1 -10.599  0.002    0   2 255 105 234   0  12    -99    -99  1919  2.531  11963 1  
    51180.5401    79345    East         300       0x101ff       1.1712          -10.401  0.002    0   2 255 253 227  77   3    -99    -99 12196  2.717  11963 1 -10.480  0.005    0   2 255 141 247   0  12    -99    -99 12261  2.890  11963 1  
    51181.7242    79436    East         300       0x101ff       1.6933          -10.617  0.002    0   2 255 253 236  19   3    -99    -99  9901  2.330  11963 1 -10.590  0.006    0   2 255 130 253   0  12    -99    -99 11543  2.352  11963 1  
    51184.4790    79535    West         300       0x101ff       1.1650          -10.490  0.002    0   2 255 253 223   0   6    -99    -99  2846  3.236  11963 1 -10.586  0.002    0   2 255 147 225   0   8    -99    -99  2127  3.232  11963 1  
    51189.6118    79656    East         300       0x101fb       1.3216          -10.383  0.002    6   2   0 253 177   1   3    -99    -99  2939  2.805  11963 1 -10.605  0.004    0   2 255  95 242   0  12    -99    -99  1556  2.800  11963 1  
    51195.5216    79754    East         300       0x101ff       1.1893          -10.452  0.005    0   2 255 241 222  69   3    -99    -99  2536  2.205  11963 1 -10.615  0.003    0   2 255 145 251   0  12    -99    -99  1654  2.153  11963 1  
    51206.6333    79845    East         300       0x101ff       1.5724          -10.226  0.002    8   2   0 253 140  86   3    -99    -99  5423  2.689  11963 1 -10.545  0.003    0   2 255 115 246   0  12    -99    -99  4280  2.681  11963 1  
    51228.5292    80223    East         300       0x000ff       1.3932          -10.566  0.002    0   2 255 253 222  57   3    -99    -99  2710  3.453  11963 1 -10.606  0.004    0   2 255 133 243   0  12    -99    -99  1849  3.405  11963 1  
    51240.5161    80434    East         300       0x101ff       1.4649          -10.503  0.002    0   2 255 253 234   8   3    -99    -99  8489  2.692  11963 1 -10.584  0.006    0   2 255 145 253   0  12    -99    -99 13643  2.466  11963 1  
    51246.4763    80668    East         300       0x101fb       1.3804          -10.433  0.002    0   2 255 253 234  16   3    -99    -99  2603  2.591  11963 1 -10.562  0.003    0   2 255 169 249   0  12    -99    -99  1680  2.580  11963 1  
    51249.5038    80812    East         300       0x101ff       1.5169          -10.555  0.002    0   2 255 253 232  42   3    -99    -99  2646  2.957  11963 1 -10.595  0.005    0   2 255  99 249   0  12    -99    -99  1782  2.869  11963 1  
    51250.6318    80931    East         300       0x101fb       2.5348          -10.513  0.004    0   2  39 164   0   0   3    -99    -99  3033  5.803  11963 1 -10.553  0.004    0   2  44  91   0   0  12    -99    -99  2056  5.871  11963 1  
    51260.4582    81204    East         300       0x101ff       1.4522          -10.433  0.002    0   2 255 253 231  43   3    -99    -99  3252  2.902  11963 1 -10.627  0.004    0   2 255 128 249   0  12    -99    -99  2245  2.897  11963 1  
    51275.5419    81483    East         300       0x101ff       2.2900          -10.489  0.006    0   2  14 159   0   0   2    -99    -99 10100  3.804  11963 1 -10.573  0.006    0   2  20 100   0   0  12    -99    -99  6391  3.699  11963 1  
    51279.4106    81716    East         300       0x101bb       1.4693           -9.875  0.002    0   2 255 253 242  33   2    -99    -99  2969  2.047  11963 1 -10.582  0.006    0  13 255 154 253   0  12    -99    -99  1858  1.992  11963 1  
    51285.5500    82160    East         300       0x101ff       2.7114          -10.489  0.004    0   2 255 119 239   0   2    -99    -99  2667  3.183  11963 1 -10.478  0.003    0   2 255 174 226   0  12    -99    -99  2610  3.186  11963 1  
    51286.5572    82239    East         300       0x101ff       2.8459          -10.450  0.003    0   2 255 112 218   0   2    -99    -99  2919  3.917  11963 1 -10.490  0.003    0   2 255 157 206   0  12    -99    -99  2316  4.038  11963 1  
    51289.4676    82502    East         300       0x101ff       1.9589          -10.465  0.008    0   2  50 108   0   0   2    -99    -99  2872  8.947  11963 1 -10.557  0.008    0   2  52  53   0   0  12    -99    -99  2522  9.487  11963 1  
    51292.4730    82834    East         300       0x101ff       2.0738          -10.461  0.004    0   2 255 129 250   0   2    -99    -99  4693  2.589  11963 1 -10.314  0.006    0   2 255 199 251   0  12    -99    -99  5504  2.611  11963 1  
    51299.5232    83217    East         300       0x101ff       2.8692          -10.474  0.004    0   2 255 146 242   0   2    -99    -99 19890  3.250  11963 1 -10.563  0.006    0   2 255 109 245   0  12    -99    -99 18878  3.303  11963 1  
    51302.4956    83532    East         300       0x101ff       2.6086          -10.393  0.004    0   2 255 208 245   0   2    -99    -99  8684  2.946  11963 1 -10.404  0.005    0   2 255 174 247   0  12    -99    -99  7175  3.053  11963 1  
    51306.3786    83877    East         300       0x101ff       1.6705          -10.488  0.004    0   2 255 106 238   0   2    -99    -99  3346  3.439  11963 1 -10.586  0.004    0   2 255  79 241   0  12    -99    -99  1978  3.496  11963 1  
    51309.4468    84068    East         300       0x101ff       2.2679          -10.496  0.005    0   2 255  85 247   0   2    -99    -99  2961  3.127  11963 1 -10.534  0.003    0   2 255 136 241   0  12    -99    -99  2083  3.172  11963 1  
    51314.4040    84418    East         300       0x101ff       1.9980          -10.560  0.006    0   2 255 150 253   0   2    -99    -99  3744  2.458  11963 1 -10.674  0.003    0   2 255 151 249   0  12    -99    -99  2095  2.439  11963 1  
    51330.4002    85361    East         300       0x101ff       2.3835          -10.469  0.004    0   2 255 173 252   0   2    -99    -99  9105  2.266  11963 1 -10.547  0.004    0   2 255 167 253   0  12    -99    -99  7637  2.304  11963 1  
    51345.3845    86093    East         300       0x101ff       2.6916          -10.455  0.004    0   2  41 150   0   0   2    -99    -99  3052  6.678  11963 1 -10.557  0.005    0   2  43  99   0   0  12    -99    -99  2528  6.957  11963 1  
    51366.7914    87729    West         300       0x101ff       1.6080          -10.551  0.002    0   2 255 253 228  52   6    -99    -99  5287  2.986  11963 1 -10.579  0.003    0   2 255 156 235   0   8    -99    -99  4313  3.081  11963 1  
    51382.8033    88285    West         300       0x101ff       1.3792          -10.480  0.002    0   2 255 208 187   0   6    -99    -99  2834  4.003  11963 1 -10.574  0.003    0   2 255 139 227   0   8    -99    -99  2415  4.069  11963 1  
    51390.7913    88785    West         300       0x101ff       1.3491          -10.464  0.005    0   2  45 109   0   0   6    -99    -99  5705  7.122  11963 1 -10.547  0.006    0   2  46  55 137   0   8    -99    -99  8089  7.458  11963 1  
    51393.8021    89183    West         300       0x101ff       1.2986          -10.447  0.002    0   2 255 245 187   0   6    -99    -99  6048  3.785  11963 1 -10.577  0.003    0   2 255 147 226   0   8    -99    -99  4741  3.849  11963 1  
    51401.7342    89697    West         300       0x101ff       1.4388          -10.501  0.003    0   2  37 130   0   0   6    -99    -99  3459  5.655  11963 1 -10.580  0.004    0   2 255 110 183   0   8    -99    -99  2684  5.855  11963 1  
    51406.6669    90058    West         300       0x101fb       1.6917          -10.469  0.003    0   2  19 184   0   0   6    -99    -99  6993  3.919  11963 1 -10.547  0.004    0   2  21 104 113   0   8    -99    -99  6107  4.052  11963 1  
    51410.7444    90341    West         300       0x101ff       1.3273          -10.490  0.003    0   2  34 129   0   0   6    -99    -99  2597  5.213  11963 1 -10.569  0.003    0   2  41 105 155   0   8    -99    -99  2374  5.460  11963 1  
    51413.7375    90642    West         300       0x101ff       1.3238          -10.243  0.002    0   2 255 253 237   0   6    -99    -99  6403  2.437  11963 1 -10.576  0.003    0   2 255 151 248   0   8    -99    -99  5677  2.462  11963 1  
    51420.7323    91071    West         300       0x101ff       1.2892          -10.425  0.002    0   2 255 236 229  62   6    -99    -99  8221  3.197  11963 1 -10.589  0.003    0   2 255 188 238   0   8    -99    -99  8120  3.309  11963 1  
    51422.6249    91219    West         300       0x101ff       1.6815          -10.444  0.002    0   2   0 253   0   0   6    -99    -99  6941  3.385  11963 1 -10.562  0.002    0   2 255 187 215   0   8    -99    -99  6238  3.328  11963 1  
    51426.7495    91389    West         300       0x101ff       1.2245          -10.503  0.003    0   2  22 149   0   0   6    -99    -99  4550  4.365  11963 1 -10.577  0.003    0   2  26 132 174   0   8    -99    -99  3386  4.486  11963 1  
    51431.7946    91651    West         300       0x101ff       1.1673          -10.509  0.002    0   2  16 190   0   0   6    -99    -99  3127  4.274  11963 1 -10.582  0.003    0   2  33 124 196   0   8    -99    -99  2609  4.379  11963 1  
    51434.6449    91940    West         300       0x101ff       1.4353          -10.428  0.002    0   2 255 253 226  46   6    -99    -99  3002  2.997  11963 1 -10.580  0.003    0   2 255 201 244   0   8    -99    -99  2558  3.000  11963 1  
    51439.6111    92116    West         300       0x101ff       1.5168          -10.523  0.002    0   2 255 173 204   0   6    -99    -99  3917  3.898  11963 1 -10.572  0.002    0   2 255 120 202   0   8    -99    -99  3387  4.052  11963 1  
    51440.7040    92216    West         300       0x101ff       1.2364          -10.473  0.002    0   2 255 242 233  62   6    -99    -99  2649  2.872  11963 1 -10.581  0.003    0   2 255 125 244   0   8    -99    -99  2315  2.915  11963 1  
    51444.7967    92389    West         300       0x101ff       1.1639          -10.173  0.003   26   2 255 253 211  55   6    -99    -99 26797  3.340  11963 1 -10.560  0.007    0   2 255  83 249   0   8    -99    -99 43221  3.395  11963 1  
    51458.6246    92601    West         300       0x1017f       1.2982          -10.509  0.002    0   2 255 253 239  39   6    -99    -99  2254  2.651  11963 1 -10.587  0.004    0   2 255 155 250   0   8    -99    -99  2217  2.675  11963 1  
    51462.6713    92706    West         300       0x101ff       1.1974          -10.401  0.002    0   2 255 253 204  12   6    -99    -99  2052  3.332  11963 1 -10.582  0.003    0   2 255 175 239   0   8    -99    -99  1821  3.306  11963 1  
    51466.6534    92820    West         300       0x101ff       1.2058          -10.522  0.002    0   2  25 179   0   0   6    -99    -99  2449  4.151  11963 1 -10.580  0.002    0   2  26  98   0   0   8    -99    -99  2230  4.215  11963 1  
    51470.6719    92949    West         300       0x101ff       1.1765          -10.532  0.002    0   2  18 217   0   0   6    -99    -99  2689  4.919  11963 1 -10.594  0.003    0   2  22 201 152   0   8    -99    -99  2520  4.938  11963 1  
    51471.7588    93036    West         300       0x101ff       1.1843          -10.480  0.002    0   2 255 235 192   0   6    -99    -99  4684  3.791  11963 1 -10.545  0.003    0   2 255 165 220   0   8    -99    -99  4592  3.843  11963 1  
    51477.4778    93139    West         300       0x101ff       1.6636          -10.530  0.002    0   2  18 209   0   0   6    -99    -99 12501  4.208  11963 1 -10.577  0.003    0   2  26 142 185   0   8    -99    -99 10721  4.333  11963 1  
    51478.6827    93230    West         300       0x101ff       1.1627          -10.489  0.002    0   2 255 253 199  55   6    -99    -99  6556  3.645  11963 1 -10.571  0.003    0   2 255  95 223   0   8    -99    -99  5909  3.715  11963 1  
    51482.5420    93336    West         300       0x101ff       1.3431          -10.523  0.003    0   2  29 189   0   0   6    -99    -99  2395  6.093  11963 1 -10.571  0.004    0   2  36 163 144   0   8    -99    -99  1979  6.186  11963 1  
    51485.5178    93429    West         300       0x101ff       1.3923          -10.444  0.002    0   2   6 253   0   0   6    -99    -99  2756  3.469  11963 1 -10.585  0.003    0   2 255 143 223   0   8    -99    -99  2373  3.535  11963 1  
    51489.5328    93530    West         300       0x101ff       1.3158          -10.435  0.002    0   2   2 253 189   0   6    -99    -99  2464  3.605  11963 1 -10.590  0.005    0   2 255 136 241   0   8    -99    -99  2155  3.672  11963 1  
    51492.4648    93614    West         300       0x0003f       1.5228          -10.542  0.002    0   2 255 253 219  68   6    -99    -99  3300  3.470  11963 1 -10.560  0.003    0   2 255 139 234   0   8    -99    -99  2696  3.491  11963 1  
    51494.5691    93721    West         300       0x101ff       1.2164          -10.552  0.002    0   2 255 253 251  17   6    -99    -99  2522  2.050  11963 1 -10.565  0.003    0   2 255 171 253   0   8    -99    -99  2274  1.984  11963 1  
    51500.7357    93821    West         300       0x101ff       1.2661          -10.534  0.003    0   2  30 158   0   0   6    -99    -99  7372  4.587  11963 1 -10.552  0.003    0   2  33 145 134   0   8    -99    -99  5115  4.689  11963 1  
    51507.5192    93912    West         300       0x101ff       1.2393          -10.203  0.002    4   2 255 253 236  43   6    -99    -99  6672  2.539  11963 1 -10.561  0.004    0   2 255 144 249   0   8    -99    -99  6126  2.500  11963 1  
    51510.6703    94003    West         300       0x101ff       1.2038          -10.364  0.002    2   2 255 253 233  26   6    -99    -99  3491  2.861  11963 1 -10.605  0.003    0   2 255 176 249   0   8    -99    -99  3498  2.631  11963 1  
    51513.4878    94076    West         300       0x101ff       1.2681          -10.514  0.002    0   2 255 253 228  56   6    -99    -99  2880  3.275  11963 1 -10.629  0.003    0   2 255 203 246   0   8    -99    -99  2474  3.169  11963 1  
    51514.6420    94177    West         300       0x101ff       1.1851          -10.494  0.002    0   2 255 215 230  36   6    -99    -99  2355  3.187  11963 1 -10.590  0.003    0   2 255 139 239   0   8    -99    -99  1779  3.114  11963 1  
    51515.7008    94253    West         300       0x101ff       1.2796          -10.507  0.002    4   2 255 244 224  59   6    -99    -99  2476  3.380  11963 1 -10.597  0.004    0   2 255 176 240   0   8    -99    -99  1747  3.375  11963 1  
    51526.7016    94441    East         300       0x101ff       1.3599              -99    -99  999 999 999 999 999 999  -1    -99    -99   -99    -99      0 0 -10.569  0.002    0   2 255 113 236   0  12    -99    -99  2309  2.642  11963 1  
    51531.7058    94521    East         300       0x101ff       1.4187              -99    -99  999 999 999 999 999 999  -1    -99    -99   -99    -99      0 0 -10.552  0.004    0   2  32  98   0   0  12    -99    -99  1741  5.459  11963 1  
    51541.6662    94646    East         300       0x101ff       1.3775              -99    -99  999 999 999 999 999 999  -1    -99    -99   -99    -99      0 0 -10.576  0.003    0   2 255 120 238   0  12    -99    -99  2976  3.095  11963 1  
    51546.5689    94737    East         300       0x101ff       1.1995              -99    -99  999 999 999 999 999 999  -1    -99    -99   -99    -99      0 0 -10.560  0.003    0   2   0 234   0   0  12    -99    -99  3826  2.684  11963 1  
