!  Star 59.5433.11                         RA  05 13 21.255   DEC  -65 39 14.95
#  309 observations from the production databases
#  Field inception date: 50062.0417
#  Pixel coordinate system: none
#
#  Template         magnitude        chip coordinates        west-chunk
#     Red:            -8.286         1596.74,  710.53             20
#    Blue:            -8.434         1575.38,  683.43             94
#
!         Date    Obsid    Pier    Exposure     Checklist      Airmass             rMag   rErr  rDS rTF rCP rX2 rMP rCR  rA  rXpix  rYpix  rSky  rFWHM  rTobs r    bMag   bErr  bDS bTF bCP bX2 bMP bCR  bA  bXpix  bYpix  bSky  bFWHM  bTobs b  
    49001.5993     2762    West         300       0x101bf       1.2753           -8.271  0.003    0   1   0 136   0   0   3    -99    -99  3429  3.634  13488 1  -8.433  0.003    0   1   0 113   0   0  12    -99    -99  2987  3.540  13488 1  
    49021.7228     3299    East         300       0x101bf       2.2314              -99    -99  999 999 999 999 999 999   7    -99    -99  2558  4.718  13488 0     -99    -99  999 999 999 999 999 999   8    -99    -99  1614  5.145  13488 0  
    49042.6399     3655    East         300       0x101bf       1.9968           -8.266  0.003    0   1   0 170   0   0   7    -99    -99  2739  2.828  13488 1  -8.429  0.003    0   1   0 184   0   0   8    -99    -99  1722  3.113  13488 1  
    49048.6753     3942    East         300       0x101bf       2.5243           -8.216  0.005    0   1   0  96   0   0   7    -99    -99  2693  5.265  13488 1  -8.358  0.005    0   1   0 106   0   0   8    -99    -99  1815  5.730  13488 1  
    49094.5204     5316    East         300       0x101bf       2.1991           -8.278  0.005    0   1   0 122   0   0   7    -99    -99  3030  3.663  13488 1  -8.412  0.005    0   1   0 108   0   0   8    -99    -99  2339  3.990  13488 1  
    49114.5017     6492    East         300       0x101bf       2.5966           -8.235  0.011    0   1   0 101   0   0   7    -99    -99 18835  5.440  13488 1  -8.339  0.012    0   1   0  92   0   0   8    -99    -99 17247  5.876  13488 1  
    49123.4736     6950    East         300       0x00110       2.6058           -8.243  0.004    0   1   0 129   0   0   7    -99    -99  4300  3.584  13488 1  -8.386  0.004    0   1   0 113  95   0   8    -99    -99  2502  3.969  13488 1  
    49127.4852     7378    East         300       0x101bf       2.8556           -8.231  0.004    0   1   0  99   0   0   7    -99    -99  4367  3.366  13488 1  -8.377  0.004    0   1   0 109   0   0   8    -99    -99  2959  3.736  13488 1  
    49164.8166     9118    West         300       0x101bf       1.7233           -8.161  0.006    0   1   0  96   0   0   3    -99    -99  2762  5.160  13488 1  -8.341  0.005    0   1   0 111   0   0  12    -99    -99  2503  5.461  13488 1  
    49184.7543     9913    West         300       0x101bf       1.7721           -8.248  0.005    0   1   0 126   0   0   3    -99    -99  3257  4.673  13488 1  -8.398  0.004    0   1   0 114   0   0  12    -99    -99  2652  4.722  13488 1  
    49189.7895    10264    West         300       0x101bf       1.5066           -8.210  0.004    0   1   0 192   0   0   3    -99    -99  2364  3.775  13488 1  -8.361  0.003    0   1   0 171   0   0  12    -99    -99  2019  3.632  13488 1  
    49203.8040    10750    West         300       0x101bf       1.3256           -8.257  0.004    0   1   0 119   0   0   3    -99    -99  5886  3.532  13488 1  -8.393  0.004    0   1   0 131   0   0  12    -99    -99  9022  3.331  13488 1  
    49211.7852    11210    West         300       0x101bf       1.3169           -8.250  0.004    0   1   0 134   0   0   3    -99    -99  2110  4.459  13488 1  -8.393  0.004    0   1   0 148   0   0  12    -99    -99  1693  4.659  13488 1  
    49222.7076    11800    West         300       0x101bf       1.4748           -8.253  0.003    0   1   0 156   0   0   3    -99    -99  2055  3.268  13488 1  -8.409  0.003    0   1   0 139   0   0  12    -99    -99  2496  2.954  13488 1  
    49224.7894    11981    West         300       0x101bf       1.2324           -8.289  0.003    0   1   0 170   0   0   3    -99    -99  1805  3.303  13488 1  -8.433  0.003    0   1   0 145   0   0  12    -99    -99  1928  2.959  13488 1  
    49255.6482    12263    West         300       0x101bf       1.3666           -8.263  0.003    0   1   0 173   0   0   3    -99    -99  4671  3.177  13488 1  -8.438  0.004    0   1  20 152   0   0  12    -99    -99  5490  3.274  13488 1  
    49257.7278    12428    West         300       0x101bf       1.1929           -8.223  0.003    0   1   0 186   0   0   3    -99    -99  3629  2.581  13488 1  -8.384  0.003    0   1   0 209   0   0  12    -99    -99  5133  2.655  13488 1  
    49268.6367    12712    West         300       0x100bf       1.2995           -8.237  0.003    0   1   0 135   0   0   3    -99    -99  2394  4.102  13488 1  -8.397  0.003    0   1   0 136   0   0  12    -99    -99  2548  3.910  13488 1  
    49273.6035    12887    West         300       0x101bf       1.3521           -8.181  0.003    0   1   0 182   0   0   3    -99    -99  2022  3.127  13488 1  -8.345  0.003    0   1   0 161   0   0  12    -99    -99  2293  2.827  13488 1  
    49283.6415    13103    West         300       0x101bf       1.2118           -8.248  0.003    0   1   0 167   0   0   3    -99    -99  2091  2.797  13488 1  -8.385  0.002    0   1   0 165   0   0  12    -99    -99  2181  2.694  13488 1  
    49291.5892    13353    West         300       0x101bf       1.2663           -8.162  0.005    0   1   0 147   0   0   3    -99    -99  9803  3.641  13488 1  -8.321  0.004    0   1   0 129   0   0  12    -99    -99 11647  3.403  13488 1  
    49307.6910    13488    West         300       0x101bf       1.1747           -8.271  0.002    0   1   0 171   0   0   3    -99    -99  1778  2.535  13488 1  -8.427  0.002    0   1   0 156   0   0  12    -99    -99  1644  2.511  13488 1  
    49312.6725    13657    West         300       0x101bf       1.1714           -8.149  0.003    0   1   0 113   0   0   3    -99    -99  2007  3.994  13488 1  -8.282  0.003    0   1   0 131   0   0  12    -99    -99  1569  4.379  13488 1  
    49317.6621    13844    West         300       0x101bf       1.1736           -8.166  0.003    0   1   0 111   0   0   3    -99    -99  4737  3.275  13488 1  -8.316  0.003    0   1   0 117   0   0  12    -99    -99  5720  3.513  13488 1  
    49375.7098    14023    East         300       0x101bf       1.8552           -8.174  0.003    0   1   0 136   0   0   7    -99    -99  2761  2.894  13488 1  -8.355  0.003    0   1   0 155   0   0   8    -99    -99  1944  3.146  13488 1  
    49380.7120    14242    East         300       0x0013f       1.9768           -8.250  0.007    0   1   0  90   0   0   7    -99    -99 17730  4.228  13488 1  -8.378  0.009    0   1   0 106   0   0   8    -99    -99 25539  4.547  13488 1  
    49398.6989    14557    East         300       0x101bf       2.3143              -99    -99  999 999 999 999 999 999   7    -99    -99  3084  3.253  13488 0  -8.407  0.003    0   1   0 125   0   0   8    -99    -99  2182  3.469  13488 1  
    49409.7006    14841    East         300       0x100bf       2.6937              -99    -99  999 999 999 999 999 999  -1    -99    -99   -99    -99      0 0  -8.386  0.012    0   1   0 134 175   0   8    -99    -99 37669  4.764  13488 1  
    49424.6003    15191    East         300       0x101bf       2.0534              -99    -99  999 999 999 999 999 999   7    -99    -99  3520  4.467  13488 0  -8.335  0.004    0   1   0  99 204   0   8    -99    -99  2429  4.564  13488 1  
    49448.5837    16046    East         300       0x101bf       2.5669           -8.302  0.020    0   1   0  92   0   0   7    -99    -99  3756  6.877  13488 1  -8.382  0.022    0   1   0  87   0   0   8    -99    -99  2670  7.414  13488 1  
    49460.5572    16594    East         300       0x101bf       2.6426           -8.299  0.004    0   1   0 133   0   0   7    -99    -99  3094  4.240  13488 1  -8.460  0.004    0   1   0 130   0   0   8    -99    -99  2157  4.664  13488 1  
    49513.8356    19100    West         300       0x101bf       1.8956           -8.282  0.004    0   1   0 142   0   0   3    -99    -99  7105  3.254  13488 1  -8.419  0.003    0   1   0 150   0   0  12    -99    -99  3693  3.084  13488 1  
    49518.7951    19348    West         300       0x101bf       2.1186           -8.252  0.042    0   1   0 100   0   0   3    -99    -99  6090  5.278  13488 1  -8.401  0.037    0   1   0  79   0   0  12    -99    -99  5053  5.101  13488 1  
    49534.8096    19961    West         300       0x101bf       1.6869           -8.311  0.006    0   1   0 109   0   0   3    -99    -99  3851  5.451  13488 1  -8.468  0.006    0   1   0 104   0   0  12    -99    -99  3551  5.605  13488 1  
    49541.8331    20474    West         300       0x001bf       1.4768           -8.249  0.003    0   1   0 152   0   0   3    -99    -99  3863  3.001  13488 1  -8.398  0.003    0   1   0 153   0   0  12    -99    -99  2380  2.612  13488 1  
    49552.7271    21115    West         300       0x101bf       1.9096           -8.276  0.004    0   1   0 112   0   0   3    -99    -99  7070  3.400  13488 1  -8.410  0.004    0   1   0 120   0   0  12    -99    -99  5854  3.411  13488 1  
    49555.7726    21302    West         300       0x101bf       1.5775           -8.238  0.008    0   1   0  93   0   0   3    -99    -99 10901  5.440  13488 1  -8.356  0.009    0   1   0 104   0   0  12    -99    -99 14624  5.292  13488 1  
    49569.7879    22178    West         300       0x101bf       1.3652           -8.336  0.003    0   1   0 144   0   0   3    -99    -99  2454  3.373  13488 1  -8.471  0.003    0   1   0 147   0   0  12    -99    -99  2059  3.308  13488 1  
    49577.7797    22642    West         300       0x101bf       1.3255           -8.298  0.004    0   1   0 163   0   0   3    -99    -99  1853  4.770  13488 1  -8.448  0.004    0   1   0 117   0   0  12    -99    -99  1819  4.935  13488 1  
    49586.7342    23139    West         300       0x101bf       1.3884           -8.308  0.006    0   1   0 106   0   0   3    -99    -99  6183  5.144  13488 1  -8.441  0.008    0   1   0  84   0   0  12    -99    -99 11849  5.169  13488 1  
    49605.7199    24109    West         300       0x101bf       1.2841           -8.295  0.003    0   1   0 218   0   0   3    -99    -99  2315  1.860  13488 1  -8.447  0.003    0   1   0 171   0   0  12    -99    -99  2518  1.715  13488 1  
    49611.7477    24517    West         300       0x101bf       1.2054           -8.248  0.009    0   1   0 153   0   0   3    -99    -99  2590  7.076  13488 1  -8.431  0.009    0   1   0  90   0   0  12    -99    -99  2588  7.370  13488 1  
    49619.7162    24950    West         300       0x101bf       1.2189           -8.265  0.006    0   1   0 147   0   0   3    -99    -99  3636  5.416  13488 1  -8.410  0.006    0   1   0  90   0   0  12    -99    -99  3855  5.644  13488 1  
    49635.7066    25577    West         300       0x101bf       1.1792           -8.294  0.004    0   1   0 104   0   0   3    -99    -99  1711  4.930  13488 1  -8.435  0.004    0   1   0 108   0   0  12    -99    -99  1705  5.014  13488 1  
    49649.5948    26084    West         300       0x101bf       1.2958           -8.365  0.003    0   1   0 131   0   0   3    -99    -99  3679  2.292  13488 1  -8.507  0.003    0   1   0 153   0   0  12    -99    -99  3847  2.140  13488 1  
    49670.6383    26451    West         300       0x101bf       1.1633           -8.272  0.005    0   1   0 144   0   0   3    -99    -99  3548  4.837  13488 1  -8.425  0.006    0   1   0 104   0   0  12    -99    -99  5321  4.932  13488 1  
    49690.6155    26807    West         300       0x101bf       1.1616           -8.285  0.002    0   1   0 197   0   0   3    -99    -99  1429  2.017  13488 1  -8.460  0.002    0   1   0 192   0   0  12    -99    -99  1535  1.943  13488 1  
    49691.7306    26889    West         300       0x101bf       1.3239           -8.330  0.003    0   1   0 160   0   0   3    -99    -99  7050  2.877  13488 1  -8.509  0.003    0   1   0 185   0   0  12    -99    -99  3973  2.909  13488 1  
    49692.5155    26901    West         300       0x101bf       1.2211           -8.347  0.002    0   1   0 138   0   0   3    -99    -99  1900  2.843  13488 1  -8.520  0.002    0   1   0 119   0   0  12    -99    -99  2106  2.660  13488 1  
    49695.6980    27005    West         300       0x101bf       1.2715           -8.286  0.003    0   1   0 140   0   0   3    -99    -99  1664  4.340  13488 1  -8.442  0.003    0   1   0 138   0   0  12    -99    -99  1454  4.466  13488 1  
    49696.7161    27065    West         300       0x101bf       1.3217           -8.276  0.003    0   1   0 131   0   0   3    -99    -99  1820  3.358  13488 1  -8.444  0.003    0   1   0 129   0   0  12    -99    -99  1505  3.665  13488 1  
    49702.7181    27282    East         300       0x101bf       1.3758           -8.262  0.003    0   1   0 153   0   0   7    -99    -99  7241  3.027  13488 1  -8.428  0.003    0   1   0 158   0   0   8    -99    -99  5941  3.154  13488 1  
    49703.5447    27302    West         300       0x101bf       1.1646           -8.276  0.004    0   1   0 114   0   0   3    -99    -99 11869  2.999  13488 1  -8.428  0.004    0   1   0 131   0   0  12    -99    -99 12193  3.050  13488 1  
    49704.7276    27382    East         300       0x101bf       1.4270           -8.296  0.004    0   1   0 117   0   0   7    -99    -99 16015  3.409  13488 1  -8.478  0.004    0   1   0 130   0   0   8    -99    -99 13892  3.603  13488 1  
    49716.6495    27472    West         300       0x101bf       1.2916           -8.270  0.005    0   1   0 150   0   0   3    -99    -99  1907  5.276  13488 1  -8.442  0.004    0   1   0 138   0   0  12    -99    -99  1538  5.008  13488 1  
    49728.6532    27624    East         300       0x101bf       1.3954           -8.274  0.002    0   1   0 170   0   0   7    -99    -99  1822  2.432  13488 1  -8.448  0.002    0   1   0 166   0   0   8    -99    -99  1291  2.486  13488 1  
    49730.7312    27737    East         300       0x101bf       1.8101           -8.340  0.003    0   1   0 149   0   0   7    -99    -99  2171  3.601  13488 1  -8.503  0.003    0   1   0 153   0   0   8    -99    -99  1487  3.847  13488 1  
    49740.5036    27820    West         300       0x101bf       1.1729           -8.342  0.003    0   1   0 111   0   0   3    -99    -99  2194  3.241  13488 1  -8.502  0.002    0   1   0 140   0   0  12    -99    -99  1523  3.294  13488 1  
    49742.5640    27914    East         300       0x101bf       1.2593           -8.292  0.003    0   1   0 158   0   0   7    -99    -99  2422  4.036  13488 1  -8.463  0.003    0   1   0 180   0   0   8    -99    -99  1441  4.202  13488 1  
    49746.6391    28010    East         300       0x101bf       1.5351           -8.275  0.002    0   1   0 161   0   0   7    -99    -99  1809  2.507  13488 1  -8.469  0.002    0   1   0 157   0   0   8    -99    -99  1440  2.610  13488 1  
    49748.4822    28099    East         300       0x101bf       1.1720           -8.253  0.003    0   1   0 101   0   0   7    -99    -99  2277  3.920  13488 1  -8.419  0.003    0   1   0 108   0   0   8    -99    -99  1706  4.016  13488 1  
    49749.6584    28160    East         300       0x101bf       1.6774           -8.285  0.003    0   1   0 122   0   0   7    -99    -99  2011  3.331  13488 1  -8.427  0.003    0   1   0 199 186   0   8    -99    -99  1433  3.521  13488 1  
    49751.7223    28237    East         300       0x101bf       2.2150           -8.301  0.005    0   1   0 100   0   0   7    -99    -99  2396  5.390  13488 1  -8.447  0.005    0   1   0 116 201   0   8    -99    -99  1763  5.782  13488 1  
    49755.5738    28353    East         300       0x101bf       1.3770           -8.263  0.002    0   1   0 150   0   0   7    -99    -99  1431  2.967  13488 1  -8.440  0.002    0   1   0 135   0   0   8    -99    -99  1169  3.077  13488 1  
    49760.6421    28458    East         300       0x101bf       1.7615           -8.274  0.005    0   1   0 167   0   0   7    -99    -99  7084  2.997  13488 1  -8.462  0.005    0   1   0 156   0   0   8    -99    -99  7180  3.201  13488 1  
    49760.6598    28462    East         300       0x101af       1.8851           -8.277  0.003    0   1   0 129   0   0   7    -99    -99  7053  3.169  13488 1  -8.455  0.003    0   1   0 131   0   0   8    -99    -99  7025  3.365  13488 1  
    49766.7368    28609    East         300       0x101bf       2.8932           -8.275  0.007    0   1   0 102   0   0   7    -99    -99 10337  5.124  13488 1  -8.420  0.011    0   1   0 100   0   0   8    -99    -99 16770  5.641  13488 1  
    49787.6310    28790    East         300       0x101bf       2.2867           -8.286  0.003    0   1   0 107   0   0   7    -99    -99  2290  3.797  13488 1  -8.418  0.003    0   1   0 120   0   0   8    -99    -99  1826  4.077  13488 1  
    49789.6392    28915    East         300       0x101bf       2.4376           -8.295  0.004    0   1   0 115   0   0   7    -99    -99  6409  3.820  13488 1  -8.441  0.004    0   1   0 117   0   0   8    -99    -99  8131  4.120  13488 1  
    49791.6214    29007    East         300       0x101bf       2.2998           -8.282  0.006    0   1   0 122   0   0   7    -99    -99 10772  4.616  13488 1  -8.407  0.009    0   1   0  93   0   0   8    -99    -99 20350  5.078  13488 1  
    49795.6568    29140    East         300       0x101bf       2.8824           -8.317  0.004    0   1   0 117   0   0   7    -99    -99 11686  3.243  13488 1  -8.437  0.005    0   1   0 120   0   0   8    -99    -99 15327  3.569  13488 1  
    49800.5323    29362    East         300       0x101bf       1.7581           -8.296  0.003    0   1   0 162   0   0   7    -99    -99  2015  3.674  13488 1  -8.440  0.003    0   1   0 137   0   0   8    -99    -99  1515  3.787  13488 1  
    49802.5870    29476    East         300       0x101bf       2.2548           -8.321  0.003    0   1   0 138   0   0   7    -99    -99  2255  3.666  13488 1  -8.462  0.003    0   1   0 111 148   0   8    -99    -99  1846  3.958  13488 1  
    49805.5944    29580    East         300       0x101bf       2.4245           -8.384  0.003    0   1   0 162   0   0   7    -99    -99  2613  3.754  13488 1  -8.452  0.003    0   1   0 132   0   0   8    -99    -99  2003  4.114  13488 1  
    49807.6013    29690    East         300       0x101bf       2.5740           -8.322  0.003    0   1   0 117   0   0   7    -99    -99  2333  3.921  13488 1  -8.426  0.004    0   1   0 134   0   0   8    -99    -99  1909  4.291  13488 1  
    49832.5369    30582    East         300       0x101bf       2.6238           -8.307  0.003    0   1   0 141   0   0   7    -99    -99  2237  2.627  13488 1  -8.440  0.003    0   1   0 156   0   0   8    -99    -99  1903  2.955  13488 1  
    49922.7751    33400    West         300       0x101bf       1.5424           -8.300  0.004    0   1   0 137   0   0   3    -99    -99  2134  4.268  13488 1  -8.430  0.004    0   1   0 110   0   0  12    -99    -99  1774  4.419  13488 1  
    49933.7023    34018    West         300       0x101bf       1.7801           -8.264  0.003    0   1   0 162   0   0   3    -99    -99  2396  2.852  13488 1  -8.418  0.003    0   1   0 146   0   0  12    -99    -99  1855  2.767  13488 1  
    49936.6802    34170    West         300       0x101bf       1.8780           -8.330  0.005    0   1   0 125   0   0   3    -99    -99  6185  4.324  13488 1  -8.480  0.005    0   1   0  99   0   0  12    -99    -99  6006  4.430  13488 1  
    49938.8053    34412    West         300       0x101bf       1.2901           -8.266  0.004    0   1   0 170   0   0   3    -99    -99  5180  3.742  13488 1  -8.410  0.004    0   1   0 132   0   0  12    -99    -99  5942  3.699  13488 1  
    49942.6371    34785    West         300       0x101bf       2.0963           -8.259  0.004    0   1   0 117   0   0   3    -99    -99  5815  3.236  13488 1  -8.402  0.004    0   1   0 133   0   0  12    -99    -99 10062  3.198  13488 1  
    49944.6589    34997    West         300       0x101bf       1.8736           -8.303  0.003    0   1   0 116   0   0   3    -99    -99  4056  3.201  13488 1  -8.439  0.003    0   1   0 149   0   0  12    -99    -99  5306  3.094  13488 1  
    49946.6871    35116    West         300       0x101bf       1.6569           -8.218  0.005    0   1   0 110   0   0   3    -99    -99  2948  5.605  13488 1  -8.353  0.005    0   1   0 100   0   0  12    -99    -99  2919  5.364  13488 1  
    49948.6794    35301    West         300       0x101bf       1.6696           -8.289  0.006    0   1   0 106   0   0   3    -99    -99  2661  5.965  13488 1  -8.403  0.006    0   1   0 114   0   0  12    -99    -99  2113  6.094  13488 1  
    49952.6385    35544    West         300       0x101bf       1.8630           -8.312  0.003    0   1   0 122   0   0   3    -99    -99  2646  2.973  13488 1  -8.447  0.003    0   1   0 146   0   0  12    -99    -99  2425  2.944  13488 1  
    49955.7257    35768    West         300       0x101bf       1.3908              -99    -99  999 999 999 999 999 999  -1    -99    -99   -99    -99      0 0     -99    -99  999 999 999 999 999 999  -1    -99    -99   -99    -99      0 0  
    49957.7556    35903    West         300       0x101bf       1.2851           -8.317  0.003    0   1   0 215   0   0   3    -99    -99  2145  2.289  13488 1  -8.444  0.003    0   1   0 171   0   0  12    -99    -99  2064  2.148  13488 1  
    49961.7541    36057    West         300       0x001bf       1.2645           -8.298  0.003    0   1   0 194   0   0   3    -99    -99  2038  3.535  13488 1  -8.452  0.003    0   1   0 168   0   0  12    -99    -99  1787  3.409  13488 1  
    49965.8035    36197    West         300       0x101bf       1.1788           -8.262  0.003    0   1   0 153   0   0   3    -99    -99  2926  3.684  13488 1  -8.398  0.003    0   1   0 143   0   0  12    -99    -99  2199  3.638  13488 1  
    49970.7082    36405    West         300       0x101bf       1.3140           -8.299  0.004    0   1   0 169   0   0   3    -99    -99  6027  3.121  13488 1  -8.463  0.004    0   1   0 110   0   0  12    -99    -99 10287  3.227  13488 1  
    49982.5477    36793    West         300       0x101bf       1.9304           -8.186  0.003    0   1   0 176   0   0   3    -99    -99  3062  3.638  13488 1  -8.350  0.003    0   1   0 152   0   0  12    -99    -99  2454  3.191  13488 1  
    49986.7802    36901    West         300       0x101bf       1.1614           -8.231  0.004    0   1   0 155   0   0   3    -99    -99  2356  4.143  13488 1  -8.362  0.004    0   1   0 114   0   0  12    -99    -99  1977  4.264  13488 1  
    49994.7257    37112    West         300       0x101bf       1.1776           -8.234  0.003    0   1   0 170   0   0   3    -99    -99  2069  3.090  13488 1  -8.379  0.003    0   1   0 124   0   0  12    -99    -99  1759  3.174  13488 1  
    50006.7681    37591    West         300       0x101af       1.1689           -8.227  0.006    0   1   0 109   0   0   3    -99    -99 12733  2.948  13488 1  -8.398  0.005    0   1   0  91   0   0  12    -99    -99  9987  2.812  13488 1  
    50021.6215    37820    West         300       0x101bf       1.2108           -8.255  0.003    0   1   0 139   0   0   3    -99    -99  2104  4.799  13488 1  -8.422  0.003    0   1   0 117   0   0  12    -99    -99  2042  4.598  13488 1  
    50038.5730    38069    West         300       0x101bf       1.2136           -8.238  0.002    0   1   0 183   0   0   3    -99    -99  1941  2.261  13488 1  -8.402  0.002    0   1   0 178   0   0  12    -99    -99  1912  2.068  13488 1  
    50046.6158    38212    West         300       0x101bf       1.1613           -8.213  0.005    0   1   0 118   0   0   3    -99    -99  3095  3.838  13488 1  -8.377  0.005    0   1   0  96   0   0  12    -99    -99  2838  3.716  13488 1  
    50057.7152    38385    West         300       0x101bf       1.2903           -8.255  0.004    0   1   0 117   0   0   3    -99    -99  9993  3.794  13488 1  -8.423  0.004    0   1   0 112   0   0  12    -99    -99  9228  3.892  13488 1  
    50089.7418    38957    East         300       0x101ff       1.7662           -8.189  0.003    0   1   0 116   0   0   7    -99    -99 10986  2.895  13488 1  -8.325  0.004    0   1   0 105   0   0   8    -99    -99 15223  3.080  13488 1  
    50124.7601    39478    East         300       0x101ff       2.9468           -8.208  0.014    0   1   6  88   0   0   7    -99    -99  5326  8.305  13488 1  -8.359  0.017    0   1  10  84   0   0   8    -99    -99  5233  8.664  13488 1  
    50154.5373    40272    East         300       0x101ff       1.6091           -8.286  0.003    0   1   0 146   0   0   7    -99    -99  2428  3.182  13488 1  -8.433  0.003    0   1   0 157   0   0   8    -99    -99  1446  3.456  13488 1  
    50185.5565    41463    East         300       0x101ff       2.4532           -8.303  0.004    0   1   0 163   0   0   7    -99    -99  2311  4.684  13488 1  -8.446  0.004    0   1   0 116   0   0   8    -99    -99  1769  4.998  13488 1  
    50198.5413    41917    East         300       0x101ff       2.7087           -8.259  0.005    0   1   0 101   0   0   7    -99    -99  3197  5.210  13488 1  -8.374  0.005    0   1   0 112   0   0   8    -99    -99  2672  5.552  13488 1  
    50225.4820    43402    East         300       0x101ff       2.9129           -8.255  9.999    0   5 255  97   0   0   7    -99    -99  4659  7.945  13488 1     -99    -99  999 999 999 999 999 999  -1    -99    -99   -99    -99      0 0  
    50232.8322    44130    West         300       0x1017f       2.1935           -8.228  0.005    0   1   0 117   0   0   3    -99    -99  8943  4.604  13488 1  -8.365  0.005    0   1   0 137   0   0  12    -99    -99  4469  4.746  13488 1  
    50254.8287    45420    West         300       0x101ff       1.7444           -8.152  0.003    0   1   0 153   0   0   3    -99    -99  3249  3.881  13488 1  -8.283  0.003    0   1   0 129   0   0  12    -99    -99  2191  3.836  13488 1  
    50277.7405    46357    West         300       0x101ff       1.9217           -8.176  0.005    0   1   0 126   0   0   3    -99    -99  3361  4.965  13488 1  -8.329  0.005    0   1   0 136   0   0  12    -99    -99  2225  5.086  13488 1  
    50308.7029    47454    West         300       0x101bf       1.6193           -8.326  0.003    0   1   0 113   0   0   3    -99    -99  2759  4.545  13488 1  -8.466  0.003    0   1   0 140   0   0  12    -99    -99  2259  4.606  13488 1  
    50319.7710    48102    West         300       0x101ff       1.2704           -8.287  0.002    0   1   0 155   0   0   3    -99    -99  2280  3.096  13488 1  -8.421  0.002    0   1   0 141   0   0  12    -99    -99  1825  3.031  13488 1  
    50335.7803    48497    West         300       0x101ff       1.1878           -8.297  0.003    0   1   0 102   0   0   3    -99    -99  2281  3.841  13488 1  -8.437  0.003    0   1   0 111   0   0  12    -99    -99  1532  3.743  13488 1  
    50352.7685    49058    West         300       0x101ff       1.1638           -8.248  0.004    0   1   0 147   0   0   3    -99    -99  7911  3.744  13488 1  -8.415  0.004    0   1   0 102   0   0  12    -99    -99 13173  3.855  13488 1  
    50359.6861    49155    West         300       0x101ff       1.2250           -8.247  0.002    0   1   0 189   0   0   3    -99    -99  2656  2.516  13488 1  -8.416  0.002    0   1   0 180   0   0  12    -99    -99  2679  2.085  13488 1  
    50371.6327    49627    West         300       0x101ff       1.2627           -8.246  0.002    0   1   0 193   0   0   3    -99    -99  1884  2.364  13488 1  -8.376  0.002    0   1   0 180   0   0  12    -99    -99  1923  2.039  13488 1  
    50385.6274    50025    West         300       0x101ff       1.2072           -8.310  0.004    0   1   0 159   0   0   3    -99    -99  6089  4.341  13488 1  -8.460  0.004    0   1   0 112   0   0  12    -99    -99  5511  4.179  13488 1  
    50397.6934    50323    West         300       0x000ff       1.1663           -8.327  0.004    0   1   0 106   0   0   3    -99    -99  1778  5.464  13488 1  -8.490  0.004    0   1   0 111   0   0  12    -99    -99  1327  5.338  13488 1  
    50406.6974    50589    West         300       0x101ff       1.1876           -8.350  0.003    0   1   0 140   0   0   3    -99    -99  1855  3.807  13488 1  -8.521  0.003    0   1   0 126   0   0  12    -99    -99  1356  3.681  13488 1  
    50417.6647    50931    West         300       0x101ff       1.1850           -8.198  0.003    0   1   0 143   0   0   3    -99    -99  4205  3.462  13488 1  -8.355  0.003    0   1   0 126   0   0  12    -99    -99  3855  3.246  13488 1  
    50419.5824    50974    West         300       0x101ff       1.1652           -8.256  0.003    0   1   0 108   0   0   3    -99    -99  1827  3.902  13488 1  -8.427  0.003    0   1   0 121   0   0  12    -99    -99  1561  3.938  13488 1  
    50431.6354    51366    East         300       0x101ff       1.1936           -8.294  0.003    0   1   0 190   0   0   7    -99    -99  1740  2.438  13488 1  -8.460  0.002    0   1   0 151   0   0   8    -99    -99  1568  2.319  13488 1  
    50439.6890    51676    East         300       0x101ff       1.3412           -8.073  0.005    0   1   0 206  39   0   7    -99    -99  5377  4.262  13488 1  -8.382  0.004    0   1   0 108   0   0   8    -99    -99  4724  4.315  13488 1  
    50452.6664    52034    East         300       0x101ff       1.3809           -8.058  0.003    0   1   0 253   0   0   7    -99    -99  1961  2.579  13488 1  -8.449  0.002    0   1   0 158   0   0   8    -99    -99  1364  2.547  13488 1  
    50467.6248    52444    East         300       0x101ff       1.3788           -7.974  0.009    0   1  45 201   0   0   7    -99    -99  5886  2.961  13488 1  -8.420  0.003    0   1   0 129   0   0   8    -99    -99  4403  2.945  13488 1  
    50479.7208    52716    East         300       0x101ff       2.1333           -8.233  0.003    0   1   0 130   0   0   7    -99    -99  4873  2.738  13488 1  -8.390  0.003    0   1   0 148   0   0   8    -99    -99  3533  2.973  13488 1  
    50484.5560    52832    East         300       0x0007b       1.3134           -8.224  0.003    0   1   0 173   0   0   7    -99    -99  1972  2.558  13488 1  -8.405  0.003    0   1   0 149   0   0   8    -99    -99  1516  2.530  13488 1  
    50486.7600    52952    East         300       0x101ff       2.8143           -8.260  9.999    0   5 255 253   0   0   7    -99    -99  3286  2.816  13488 1  -8.383  0.004    0   1   0 147   0   0   8    -99    -99  2595  2.969  13488 1  
    50493.7366    53032    East         300       0x101fb       2.7554           -8.219  0.003    0   1   0 108   0   0   7    -99    -99  1891  3.484  13488 1  -8.365  0.003    0   1   0 146   0   0   8    -99    -99  1314  3.874  13488 1  
    50495.6308    53137    East         300       0x101ff       1.7690           -8.249  0.003    0   1   0 149   0   0   7    -99    -99  1958  3.540  13488 1  -8.405  0.003    0   1   0 154   0   0   8    -99    -99  1277  3.811  13488 1  
    50510.5079    53538    East         300       0x001bf       1.3806           -8.269  0.002    0   1   0 168   0   0   7    -99    -99  2086  2.712  13488 1  -8.435  0.002    0   1   0 149   0   0   8    -99    -99  1289  2.759  13488 1  
    50519.5587    53733    East         300       0x101ff       1.7262           -8.271  0.004    0   1   0 112   0   0   7    -99    -99  2105  4.702  13488 1  -8.413  0.004    0   1   0 107   0   0   8    -99    -99  1369  4.886  13488 1  
    50522.4627    53910    East         300       0x101ff       1.3423           -8.229  0.003    0   1   0 176   0   0   7    -99    -99  2883  3.271  13488 1  -8.382  0.003    0   1   0 127 178   0   8    -99    -99  1954  3.382  13488 1  
    50527.4818    54140    East         300       0x101ff       1.4532           -8.229  0.004    0   1   0 110   0   0   7    -99    -99  6639  3.896  13488 1  -8.382  0.004    0   1   0 105   0   0   8    -99    -99  8170  4.017  13488 1  
    50530.4903    54278    East         300       0x101ff       1.5230           -8.152  0.005    0   1   0 130   0   0   7    -99    -99 10613  4.074  13488 1  -8.295  0.006    0   1   0 109   0   0   8    -99    -99 17773  4.123  13488 1  
    50533.6035    54449    East         300       0x101ff       2.4514           -8.197  0.005    0   1   0 110   0   0   7    -99    -99 13463  3.403  13488 1  -8.303  0.006    0   1   0 114   0   0   8    -99    -99 15118  3.690  13488 1  
    50539.4527    54719    East         300       0x101ff       1.4673           -8.259  0.003    0   1   0 137   0   0   7    -99    -99  2640  2.765  13488 1  -8.389  0.002    0   1   0 127   0   0   8    -99    -99  1550  2.831  13488 1  
    50542.4444    54874    East         300       0x101ff       1.4671           -8.253  0.005    0   1   0 100   0   0   7    -99    -99  2683  4.920  13488 1  -8.364  0.004    0   1   0  96   0   0   8    -99    -99  1706  5.052  13488 1  
    50545.4747    55129    East         300       0x101ff       1.6503           -8.205  0.003    0   1   0 132   0   0   7    -99    -99  2189  3.911  13488 1  -8.353  0.003    0   1   0 119   0   0   8    -99    -99  1495  4.034  13488 1  
    50548.4213    55408    East         300       0x101ff       1.4410           -8.166  0.004    0   1   0 223  36   0   7    -99    -99  2469  4.395  13488 1  -8.484  0.004    0   1 255  96 214   0   8    -99    -99  1770  4.567  13488 1  
    50552.5666    55644    East         300       0x101ff       2.6366              -99    -99  999 999 999 999 999 999   7    -99    -99  2850  3.390  13488 0  -8.362  0.005    0   1   0 121 204   0   8    -99    -99  2002  3.718  13488 1  
    50557.4281    55868    East         300       0x101bf       1.5776           -8.129  0.005    0   1   0 207   0   0   7    -99    -99  6705  3.962  13488 1  -8.353  0.005    0   1   0 105   0   0   8    -99    -99  9266  4.066  13488 1  
    50565.4370    56145    East         300       0x101ff       1.7518           -8.279  0.003    0   1   0 196   0   0   7    -99    -99  2626  2.494  13488 1  -8.457  0.002    0   1   0 197   0   0   8    -99    -99  1568  2.589  13488 1  
    50569.5244    56541    East         300       0x101ff       2.6918           -8.260  0.004    0   1   0 122   0   0   7    -99    -99  2909  4.143  13488 1  -8.411  0.005    0   1   0 118 178   0   8    -99    -99  1910  4.449  13488 1  
    50577.3921    56969    East         300       0x101ff       1.6778           -8.280  0.004    0   1   0 111   0   0   7    -99    -99  2668  4.688  13488 1  -8.431  0.004    0   1   0  94   0   0   8    -99    -99  1680  4.939  13488 1  
    50580.4978    57218    East         300       0x00137       2.7388           -8.300  0.005    0   1   0 138   0   0   7    -99    -99  3829  2.813  13488 1  -8.437  0.006    0   1   0 130 209   0   8    -99    -99  2580  3.169  13488 1  
    50595.3639    57552    East         300       0x101ff       1.8104           -8.295  0.003    0   1   0 130   0   0   7    -99    -99  3240  3.696  13488 1  -8.458  0.003    0   1   0 119   0   0   8    -99    -99  1921  3.917  13488 1  
    50601.4308    58062    East         300       0x101ff       2.6132           -8.294  0.003    0   1   0 202   0   0   7    -99    -99  3466  3.175  13488 1  -8.441  0.003    0   1   0 154   0   0   8    -99    -99  1928  3.480  13488 1  
    50608.3511    58619    East         300       0x101fb       1.9804           -8.298  0.003    0   1   0 129   0   0   7    -99    -99  2566  2.900  13488 1  -8.445  0.003    0   1   0 138   0   0   8    -99    -99  1711  3.083  13488 1  
    50615.3688    59070    East         300       0x101bf       2.3290           -8.298  0.010    0   1   0 126   0   0   7    -99    -99  7695  6.242  13488 1  -8.457  0.013    0   1   0  92   0   0   8    -99    -99  8317  6.808  13488 1  
    50622.7446    59663    West         300       0x101ff       2.4067           -8.206  0.005    0   1   0 141   0   0   3    -99    -99 10299  3.609  13488 1  -8.317  0.006    0   1   0 127   0   0  12    -99    -99 11601  3.801  13488 1  
    50647.7589    61011    West         300       0x001bf       1.7078              -99    -99  999 999 999 999 999 999  -1    -99    -99   -99    -99      0 0     -99    -99  999 999 999 999 999 999  -1    -99    -99   -99    -99      0 0  
    50652.6598    61490    West         300       0x001bf       2.4392           -8.285  0.004    0   1   0 156   0   0   3    -99    -99  7026  3.108  13488 1  -8.393  0.005    0   1   0 145   0   0  12    -99    -99 10486  2.927  13488 1  
    50657.8259    61761    West         300       0x101ff       1.3164           -8.306  0.003    0   1   0 150   0   0   3    -99    -99  2866  2.626  13488 1  -8.423  0.003    0   1   0 171   0   0  12    -99    -99  2111  2.367  13488 1  
    50660.7296    62047    West         300       0x101ff       1.6711           -8.289  0.003    0   1   0 131   0   0   3    -99    -99  3041  3.939  13488 1  -8.424  0.003    0   1   0 144   0   0  12    -99    -99  2127  3.782  13488 1  
    50662.7970    62253    West         300       0x101ff       1.3598           -8.274  0.003    0   1   0 130   0   0   3    -99    -99  2269  3.644  13488 1  -8.409  0.003    0   1   0 137   0   0  12    -99    -99  1776  3.632  13488 1  
    50670.6803    62687    West         300       0x101ff       1.8092              -99    -99  999 999 999 999 999 999  -1    -99    -99   -99    -99      0 0     -99    -99  999 999 999 999 999 999  -1    -99    -99   -99    -99      0 0  
    50678.6949    63209    West         300       0x101ff       1.5935           -8.212  0.006    0   1   0 132   0   0   3    -99    -99 12497  4.087  13488 1  -8.336  0.008    0   1   0 115   0   0  12    -99    -99 21699  4.494  13488 1  
    50680.6787    63409    West         300       0x101ff       1.6504           -8.283  0.003    0   1   0 125   0   0   3    -99    -99  7325  2.996  13488 1  -8.457  0.004    0   1   0 123   0   0  12    -99    -99 11538  3.123  13488 1  
    50682.6382    63611    West         300       0x00139       1.8754           -8.339  0.005    0   1   0 143   0   0   3    -99    -99  5823  4.587  13488 1  -8.493  0.005    0   1   0 122   0   0  12    -99    -99  6382  4.624  13488 1  
    50684.7917    63768    West         300       0x101ff       1.2321           -8.311  0.013    0   1   4 145   0   0   3    -99    -99  3666  8.311  13488 1  -8.456  0.013    0   1   6  89   0   0  12    -99    -99  2751  8.603  13488 1  
    50689.7396    64023    West         300       0x101ff       1.3138           -8.337  0.003    0   1   0 110   0   0   3    -99    -99  2280  2.514  13488 1  -8.475  0.003    0   1   0 159   0   0  12    -99    -99  1896  2.509  13488 1  
    50701.7330    64216    West         300       0x101ff       1.2545           -8.272  0.003    0   1   0 162   0   0   3    -99    -99  2534  2.584  13488 1  -8.425  0.003    0   1   0 144   0   0  12    -99    -99  1910  2.477  13488 1  
    50704.7170    64347    West         300       0x101ff       1.2704           -8.353  0.003    0   1   0 161   0   0   3    -99    -99  4412  2.582  13488 1  -8.515  0.003    0   1   0 145   0   0  12    -99    -99  4491  2.158  13488 1  
    50714.6410    64537    West         300       0x101ff       1.4052           -8.190  0.023    0   1   0  99   0   0   3    -99    -99  6168  2.882  13488 1  -8.369  0.021  -23   1   0  80   0   0  12    -99    -99  5521  2.650  13488 1  
    50717.7264    64627    West         300       0x100ff       1.1967           -8.298  0.003    0   1   0 141   0   0   3    -99    -99  1694  2.652  13488 1  -8.439  0.003    0   1   0 162   0   0  12    -99    -99  1537  2.489  13488 1  
    50719.6697    64753    West         300       0x101ff       1.2844           -8.281  0.003    0   1   0 154   0   0   3    -99    -99  1797  2.984  13488 1  -8.414  0.003    0   1   0 137   0   0  12    -99    -99  1861  2.800  13488 1  
    50721.5745    64898    West         300       0x100ff       1.6091           -8.293  0.003    0   1   0 174   0   0   3    -99    -99  2216  2.390  13488 1  -8.395  0.003    0   1   0 169   0   0  12    -99    -99  2192  2.324  13488 1  
    50722.7161    64997    West         300       0x101ff       1.1928           -8.254  0.003    0   1   0 232   0   0   3    -99    -99  2353  2.552  13488 1  -8.410  0.003    0   1   0 138   0   0  12    -99    -99  2138  2.647  13488 1  
    50725.5266    65135    West         300       0x101ff       1.8341           -8.383  0.004    0   1   0 124   0   0   3    -99    -99  3644  3.417  13488 1  -8.503  0.004    0   1   0 114   0   0  12    -99    -99  2959  3.467  13488 1  
    50730.6059    65292    West         300       0x101ff       1.3769           -8.299  0.002    0   1   0 186   0   0   3    -99    -99  2533  1.876  13488 1  -8.446  0.003    0   1   0 178   0   0  12    -99    -99  2583  1.623  13488 1  
    50731.7257    65372    West         300       0x101ff       1.1660           -8.274  0.003    0   1   0 143   0   0   3    -99    -99  1543  4.256  13488 1  -8.398  0.004    0   1   0 118   0   0  12    -99    -99  1413  4.328  13488 1  
    50733.5942    65486    West         300       0x100ff       1.3884           -8.242  0.004    0   1   0 125   0   0   3    -99    -99  4648  4.242  13488 1  -8.345  0.005    0   1   0 108   0   0  12    -99    -99  6729  3.887  13488 1  
    50734.6771    65569    West         300       0x101ff       1.2002           -8.241  0.005    0   1   0 177   0   0   3    -99    -99  4769  4.612  13488 1  -8.375  0.006    0   1   0 101   0   0  12    -99    -99  7301  4.779  13488 1  
    50736.5509    65687    West         300       0x101ff       1.5249           -8.279  0.005    0   1   0 171   0   0   3    -99    -99 14383  3.208  13488 1  -8.415  0.006    0   1   0 123   0   0  12    -99    -99 20092  3.180  13488 1  
    50737.6126    65773    West         300       0x101ff       1.3039           -8.273  0.007    0   1   0 108   0   0   3    -99    -99 15354  4.568  13488 1  -8.417  0.009    0   1   0  95   0   0  12    -99    -99 17283  4.773  13488 1  
    50739.5994    65883    West         300       0x101ff       1.3238           -8.178  0.011    0   1   0 175   0   0   3    -99    -99 23724  2.565  13488 1  -8.351  0.009    0   1   0  98   0   0  12    -99    -99 16545  2.435  13488 1  
    50742.5003    66013    West         300       0x101ff       1.7035           -8.204  0.003    0   1   0 111   0   0   3    -99    -99  2663  3.200  13488 1  -8.347  0.003    0   1   0 146   0   0  12    -99    -99  2398  3.057  13488 1  
    50744.6876    66142    West         300       0x101ff       1.1674           -8.195  0.003    0   1   0 202   0   0   3    -99    -99  2346  2.694  13488 1  -8.371  0.003    0   1   0 154   0   0  12    -99    -99  2140  2.523  13488 1  
    50746.5835    66257    West         300       0x101ff       1.3152           -8.262  0.003    0   1   0 143   0   0   3    -99    -99  2248  2.875  13488 1  -8.424  0.003    0   1   0 154   0   0  12    -99    -99  2150  2.590  13488 1  
    50748.5806    66338    West         300       0x101ff       1.3086           -8.267  0.004    0   1   0 145   0   0   3    -99    -99  2339  4.008  13488 1  -8.408  0.004    0   1   0 119   0   0  12    -99    -99  2295  3.976  13488 1  
    50767.5317    66461    West         300       0x101bf       1.3012           -8.317  0.003    0   1   0 184   0   0   3    -99    -99 10976  2.882  13488 1  -8.451  0.003    0   1   0 149   0   0  12    -99    -99 10527  2.711  13488 1  
    50769.6049    66573    West         300       0x101bb       1.1767           -8.310  0.003    0   1   0 117   0   0   3    -99    -99  6827  3.025  13488 1  -8.472  0.003    0   1   0 120   0   0  12    -99    -99  5722  2.972  13488 1  
    50771.6578    66672    West         300       0x101af       1.1618           -8.230  0.002    0   1   0 172   0   0   3    -99    -99  3314  3.027  13488 1  -8.389  0.002    0   1   0 151   0   0  12    -99    -99  3335  2.845  13488 1  
    50775.6731    66775    West         300       0x101bb       1.1751           -8.178  0.007    0   1   0 145   0   0   3    -99    -99  2410  7.407  13488 1  -8.370  0.006    0   1   0 132   0   0  12    -99    -99  1925  6.869  13488 1  
    50777.6866    66896    West         300       0x101bf       1.1926           -8.248  0.003    0   1   0 157   0   0   3    -99    -99  2266  4.438  13488 1  -8.413  0.003    0   1   0 145   0   0  12    -99    -99  1583  4.515  13488 1  
    50784.7131    66996    West         300       0x101ff       1.2647           -8.223  0.004    0   1   0 135   0   0   3    -99    -99  2075  4.436  13488 1  -8.391  0.003    0   1   0 126   0   0  12    -99    -99  1441  4.584  13488 1  
    50793.6554    67099    West         300       0x101ff       1.2081           -8.268  0.002    0   1   0 160   0   0   3    -99    -99  7027  2.227  13488 1  -8.426  0.002    0   1   0 143   0   0  12    -99    -99  6383  2.391  13488 1  
    50797.5044    67190    West         300       0x101ff       1.2008           -8.286  0.002    0   1   0 163   0   0   3    -99    -99  7490  2.302  13488 1  -8.449  0.002    0   1   0 175   0   0  12    -99    -99  7270  2.356  13488 1  
    50803.5493    67337    West         300       0x101ff       1.1601           -8.206  0.003    0   1   0 146   0   0   3    -99    -99  1926  4.333  13488 1  -8.385  0.003    0   1   0 128   0   0  12    -99    -99  1632  4.217  13488 1  
    50805.5377    67442    West         300       0x101fb       1.1612           -8.255  0.002    0   1   0 134   0   0   3    -99    -99  2081  2.922  13488 1  -8.410  0.002    0   1   0 130   0   0  12    -99    -99  1595  2.974  13488 1  
    50811.5826    67564    West         300       0x101ff       1.1816           -8.277  0.002    0   1   0 154   0   0   3    -99    -99  1775  2.906  13488 1  -8.421  0.003    0   1   0 147   0   0  12    -99    -99  1604  3.049  13488 1  
    50813.6320    67669    East         300       0x105ff       1.2611           -8.259  0.004    0   1   0 162   0   0   7    -99    -99  2939  2.981  13488 1  -8.418  0.004    0   1   0 157   0   0   8    -99    -99  2276  3.156  13488 1  
    50825.5753    67784    East         300       0x105ff       1.2186              -99    -99  999 999 999 999 999 999  -1    -99    -99   -99    -99      0 0  -8.406  0.003    0   1   0 176   0   0   8    -99    -99 16111  2.618  13488 1  
    50830.6811    67869    East         300       0x105ef       1.5850           -8.296  0.004    0   1   0 131   0   0   7    -99    -99  3999  4.546  13488 1  -8.464  0.004    0   1   0 115   0   0   8    -99    -99  5729  4.797  13488 1  
    50834.6920    67964    East         300       0x105ff       1.7059           -8.275  0.003    0   1   0 185   0   0   7    -99    -99  2949  2.768  13488 1  -8.421  0.003    0   1   0 133   0   0   8    -99    -99  2259  2.885  13488 1  
    50839.5144    68086    East         300       0x105ff       1.1893           -8.195  0.002    0   1   0 144   0   0   7    -99    -99  1460  3.194  13488 1  -8.378  0.002    0   1   0 127   0   0   8    -99    -99  1237  3.062  13488 1  
    50841.6041    68204    East         300       0x105ff       1.3904           -8.221  0.002    0   1   0 178   0   0   7    -99    -99  1349  2.724  13488 1     -99    -99  999 999 999 999 999 999  -1    -99    -99   -99    -99      0 0  
    50844.6273    68310    East         300       0x105ff       1.5117           -8.399  0.002    0   1   0 179   0   0   7    -99    -99  2333  2.767  13488 1  -8.570  0.002    0   1   0 166   0   0   8    -99    -99  1414  2.960  13488 1  
    50848.6748    68424    East         300       0x105ef       1.8429           -8.269  9.999    0   7   0  83 220   0   7    -99    -99  2071  4.498  13488 1  -8.431  0.004    0   1   0 119   0   0   8    -99    -99  1401  4.764  13488 1  
    50856.7069    68528    East         300       0x105ff       2.3206           -8.204  0.005    0   1   0 119   0   0   7    -99    -99 11540  3.480  13488 1  -8.364  0.007   -1   1   0 111   0   0   8    -99    -99 20236  3.796  13488 1  
    50860.6475    68621    East         300       0x105ff       1.8836           -8.143  0.006    0   1   0 186   0   0   7    -99    -99  5602  5.363  13488 1  -8.408  0.006    0   1   0 111   0   0   8    -99    -99  5861  5.556  13488 1  
    50862.6259    68745    East         300       0x105ff       1.7710           -8.268  0.003    0   1   0 152   0   0   7    -99    -99  3179  3.434  13488 1  -8.411  0.003    0   1   0 126   0   0   8    -99    -99  2834  3.691  13488 1  
    50864.6513    68866    East         300       0x105ff       2.0003           -8.288  0.003    0  41   0 119   0   0   7    -99    -99  2858  3.902  13488 1  -8.398  0.004    0   1   0 116 178   0   8    -99    -99  2190  4.170  13488 1  
    50866.5721    68972    East         300       0x105ff       1.5344           -8.222  0.004    0   1   0 119   0   0   7    -99    -99  2405  4.384  13488 1  -8.356  0.004    0   1   0 111   0   0   8    -99    -99  1474  4.709  13488 1  
    50868.6618    69099    East         300       0x105fb       2.1955           -8.238  0.003    0   1   0 157  78   0   7    -99    -99  2406  3.253  13488 1  -8.397  0.003    0   1   0 143   0   0   8    -99    -99  1555  3.512  13488 1  
    50870.6835    69246    East         300       0x105ff       2.4902           -8.275  0.004    0   1   0 120   0   0   7    -99    -99  1995  4.948  13488 1  -8.431  0.005    0   1   0 112   0   0   8    -99    -99  1652  5.373  13488 1  
    50875.5264    69378    East         300       0x1057f       1.4453           -8.283  0.003    0   1   0 184   0   0   7    -99    -99  2404  3.512  13488 1  -8.427  0.003    0   1   0 195   0   0   8    -99    -99  1557  3.688  13488 1  
    50880.4651    69509    East         300       0x105ff       1.2975           -8.281  0.003    0   1   0 160   0   0   7    -99    -99  4905  2.900  13488 1  -8.432  0.003    0   1   0 141   0   0   8    -99    -99  4843  3.048  13488 1  
    50886.4838    69882    East         300       0x105ff       1.4000           -8.297  0.003    0   1   0 111   0   0   7    -99    -99  6201  3.852  13488 1  -8.465  0.004    0   1   0  97   0   0   8    -99    -99 11224  3.928  13488 1  
    50908.5460    70102    East         300       0x001bf       2.1326           -8.355  0.003    0   1   0 163   0   0   7    -99    -99  4971  3.051  13488 1  -8.525  0.003    0   1   0 153   0   0   8    -99    -99  4864  3.184  13488 1  
    50916.5836    70458    East         300       0x105fb       2.8302           -8.223  0.017    0   1   0  94   0   0   7    -99    -99 16348  7.262  13488 1  -8.381  0.022    0   1   0  86   0   0   8    -99    -99 17434  7.649  13488 1  
    50921.5489    70742    East         300       0x105ff       2.5491           -8.304  0.004    0   1   0 156   0   0   7    -99    -99  5547  3.481  13488 1  -8.457  0.004    0   1   0 138   0   0   8    -99    -99  3819  3.982  13488 1  
    50952.3689    71540    East         300       0x105fb       1.7023           -8.242  0.003    0   1   0 150   0   0   7    -99    -99  3526  3.314  13488 1  -8.390  0.003    0   1   0 129   0   0   8    -99    -99  1964  3.408  13488 1  
    50961.3912    72137    East         300       0x105ff       2.0438           -8.292  0.006    0   1   0 104   0   0   7    -99    -99  4834  2.963  13488 1  -8.424  0.006    0   1   0 103   0   0   8    -99    -99  2999  3.158  13488 1  
    50974.3470    72730    East         300       0x105ff       1.9718           -8.162  0.006    0   1   0 176  94   0   7    -99    -99 13665  4.104  13488 1  -8.322  0.006    0   1   0  98   0   0   8    -99    -99 10327  4.428  13488 1  
    50982.3882    73184    East         300       0x000ff       2.6273           -8.249  0.003    0   1   0 144   0   0   7    -99    -99  4018  2.855  13488 1  -8.395  0.003    0   1   0 161   0   0   8    -99    -99  2495  3.127  13488 1  
    50994.8168    73677    West         300       0x000bf       1.6557           -8.300  0.004    0   1   0 215   0   0   3    -99    -99  2709  4.547  13488 1  -8.465  0.004    0   1   0 113   0   0  12    -99    -99  1935  4.520  13488 1  
    51000.7906    74088    West         300       0x105ff       1.7119           -8.322  0.003    0   1   0 215   0   0   3    -99    -99  3236  3.586  13488 1  -8.478  0.003    0   1   0 145   0   0  12    -99    -99  2012  3.442  13488 1  
    51005.7767    74409    West         300       0x105ff       1.7136           -8.353  0.004    0   1   0 201   0   0   3    -99    -99  8698  3.585  13488 1  -8.464  0.005    0   1   0 106   0   0  12    -99    -99 11043  3.472  13488 1  
    51024.8376    74982    West         300       0x105ff       1.2745           -8.317  0.004    0   1   0 157   0   0   3    -99    -99  9723  3.940  13488 1  -8.446  0.005    0   1   0 111   0   0  12    -99    -99  8407  3.914  13488 1  
    51033.6750    75248    West         300       0x105ff       1.8832           -8.226  0.007    0   1   0 183   0   0   3    -99    -99 14057  4.870  13488 1  -8.376  0.009    0   1   0  96   0   0  12    -99    -99 19978  4.700  13488 1  
    51047.8047    75578    West         300       0x105ff       1.2192           -8.358  0.003    0   1   0 192   0   0   3    -99    -99  2562  3.366  13488 1  -8.528  0.003    0   1   0 153   0   0  12    -99    -99  1728  3.220  13488 1  
    51051.7763    75829    West         300       0x105ff       1.2564           -8.290  0.003    0   1   0 132   0   0   3    -99    -99  2384  3.757  13488 1  -8.452  0.003    0   1   0 120   0   0  12    -99    -99  1738  3.645  13488 1  
    51056.6975    76184    West         300       0x105ff       1.4263           -8.336  0.003    0   1   0 151   0   0   3    -99    -99  2296  2.555  13488 1  -8.470  0.003    0   1   0 142   0   0  12    -99    -99  2133  2.449  13488 1  
    51061.6782    76394    West         300       0x105ff       1.4471           -8.328  0.004    0   1   0 126   0   0   3    -99    -99  8353  3.909  13488 1  -8.440  0.006    0   1   0  96   0   0  12    -99    -99 14635  3.864  13488 1  
    51072.6583    76658    West         300       0x105ff       1.4097           -8.344  0.003    0   1   0 184   0   0   3    -99    -99  2393  3.396  13488 1  -8.480  0.003    0   1   0 138   0   0  12    -99    -99  2107  3.156  13488 1  
    51074.7508    76798    West         300       0x105ff       1.1930           -8.304  0.003    0   1   0 203   0   0   3    -99    -99  2336  3.573  13488 1  -8.431  0.004    0   1   0 130   0   0  12    -99    -99  1807  3.598  13488 1  
    51084.6251    76994    West         300       0x105ff       1.4111           -8.296  0.004    0   1   0 208   0   0   3    -99    -99  2084  4.992  13488 1  -8.435  0.005    0   1   0 112   0   0  12    -99    -99  2088  5.003  13488 1  
    51086.5225    77102    West         300       0x000ff       1.9415           -8.330  0.003    0   1   0 194   0   0   3    -99    -99  6235  3.000  13488 1  -8.452  0.004    0   1   0 136   0   0  12    -99    -99  5885  2.862  13488 1  
    51089.5351    77262    West         300       0x105ff       1.7904           -8.341  0.006    0   1   0 158   0   0   3    -99    -99  8967  4.971  13488 1     -99    -99  999 999 999 999 999 999  -1    -99    -99   -99    -99      0 0  
    51097.7365    77392    West         300       0x105ff       1.1611           -8.289  0.003    0   1   0 192   0   0   3    -99    -99  3104  2.480  13488 1  -8.433  0.003    0   1   0 148   0   0  12    -99    -99  2444  2.345  13488 1  
    51100.5569    77495    West         300       0x1057f       1.5075           -8.338  0.017    0   1  16 146   0   0   3    -99    -99  2779  9.173  13488 1     -99    -99  999 999 999 999 999 999  -1    -99    -99   -99    -99      0 0  
    51102.6226    77629    West         300       0x105ff       1.2783           -8.262  0.003    0   1   0 202   0   0   3    -99    -99  1810  3.809  13488 1  -8.413  0.003    0   1   0 125   0   0  12    -99    -99  1824  3.658  13488 1  
    51106.6962    77737    West         300       0x105ff       1.1667           -8.288  0.004    0   1   0 175   0   0   3    -99    -99  2234  4.840  13488 1  -8.461  0.004    0   1   0 110   0   0  12    -99    -99  1649  4.591  13488 1  
    51111.6129    77971    West         300       0x105ff       1.2476           -7.976  0.016   18   1   0 228   0   0   3    -99    -99  5793  3.526  13488 1  -8.471  0.012    0   1   0 100   0   0  12    -99    -99  5032  3.444  13488 1  
    51113.7340    78087    West         300       0x105ff       1.1675           -8.310  0.003    0   1   0 188   0   0   3    -99    -99  1866  4.218  13488 1  -8.477  0.003    0   1   0 141   0   0  12    -99    -99  1254  4.007  13488 1  
    51118.6758    78196    West         300       0x105ff       1.1620           -8.289  0.005    0   1   0 153   0   0   3    -99    -99  4616  4.844  13488 1  -8.407  0.006    0   1   0 104   0   0  12    -99    -99  6057  4.723  13488 1  
    51120.7354    78321    West         300       0x105ff       1.1820           -8.327  0.003    0   1   0 148   0   0   3    -99    -99  8358  2.253  13488 1  -8.481  0.003    0   1   0 132   0   0  12    -99    -99  9106  2.142  13488 1  
    51131.7018    78423    West         300       0x105ff       1.1790           -7.269  0.065    0   1  90 146   0   0   3    -99    -99  2755  2.512  13488 1  -8.383  0.009    0   1   0  94   0   0  12    -99    -99  1662  2.437  13488 1  
    51136.7307    78531    West         300       0x105ff       1.2325           -8.259  0.003    0   1   0 180   0   0   3    -99    -99  2988  3.351  13488 1  -8.412  0.003    0   1   0 110   0   0  12    -99    -99  1908  3.328  13488 1  
    51141.5333    78614    West         300       0x105ff       1.2434           -8.215  0.003    0   1   0 219   0   0   3    -99    -99  1923  3.549  13488 1  -8.355  0.003    0   1   0 160   0   0  12    -99    -99  1617  3.816  13488 1  
    51147.6350    78734    West         300       0x105ff       1.1647           -8.271  0.003    0   1   0 179   0   0   3    -99    -99  5144  2.889  13488 1  -8.435  0.003    0   1   0 119   0   0  12    -99    -99  5598  2.665  13488 1  
    51153.6766    78869    West         300       0x105ff       1.2200           -8.270  0.006    0   1   0 143   0   0   3    -99    -99 10936  3.965  13488 1  -8.437  0.006    0   1   0 113   0   0  12    -99    -99  8086  3.724  13488 1  
    51158.6865    78990    West         300       0x105ff       1.2622           -8.364  0.003    0   1   0 208   0   0   3    -99    -99  2416  3.542  13488 1  -8.505  0.003    0   1   0 175   0   0  12    -99    -99  2094  3.559  13488 1  
    51170.6396    79111    East         300       0x105ff       1.2352              -99    -99  999 999 999 999 999 999  -1    -99    -99   -99    -99      0 0  -8.418  0.003    0   1   0 183   0   0   8    -99    -99  1314  2.705  13488 1  
    51172.6576    79215    East         300       0x105ff       1.2825              -99    -99  999 999 999 999 999 999  -1    -99    -99   -99    -99      0 0  -8.473  0.003    0   1   0 131   0   0   8    -99    -99  1117  3.133  13488 1  
    51179.6970    79326    East         300       0x105ff       1.4628              -99    -99  999 999 999 999 999 999   7    -99    -99  6005  2.459  13488 0  -8.470  0.003    0   1   0 127   0   0   8    -99    -99 11649  2.321  13488 1  
    51181.6226    79413    East         300       0x105ff       1.2598              -99    -99  999 999 999 999 999 999  -1    -99    -99   -99    -99      0 0  -8.559  0.003    0   1   0 129   0   0   8    -99    -99  9791  2.293  13488 1  
    51183.7280    79527    East         300       0x105ff       1.6633              -99    -99  999 999 999 999 999 999  -1    -99    -99   -99    -99      0 0  -8.478  0.003    0   1   0 142   0   0   8    -99    -99  7458  2.512  13488 1  
    51188.7047    79648    East         300       0x105ff       1.6110           -8.288  0.012    0   1   0 128   0   0   7    -99    -99  4819  5.108  13488 1  -8.436  0.011    0   1   0 115 160   0   8    -99    -99  3283  5.143  13488 1  
    51195.4769    79744    East         300       0x105ff       1.1591           -8.356  0.003    0   1   0 145   0   0   7    -99    -99  2739  2.634  13488 1  -8.506  0.003    0   1   0 137   0   0   8    -99    -99  1719  2.697  13488 1  
    51205.5329    79842    East         300       0x105ff       1.2133           -8.258  9.999    0   5 255  91 129   0   7    -99    -99 18872  2.753  13488 1  -8.421  0.017    0   1   0  83   0   0   8    -99    -99 12006  2.791  13488 1  
    51214.6361    79954    East         300       0x105ff       1.6229           -8.313  0.004    0   1   0 121   0   0   7    -99    -99  5111  4.766  13488 1  -8.438  0.004    0   1   0 107   0   0   8    -99    -99  5693  4.870  13488 1  
    51223.6447    80051    East         300       0x105ff       1.8283           -8.390  0.002    0   1   0 203   0   0   7    -99    -99  2924  2.771  13488 1  -8.564  0.002    0   1   0 186   0   0   8    -99    -99  1850  2.854  13488 1  
    51227.5955    80163    East         300       0x105ff       1.5979           -8.318  0.003    0   1   0 156   0   0   7    -99    -99  2527  3.757  13488 1  -8.484  0.003    0   1   0 128   0   0   8    -99    -99  1642  3.854  13488 1  
    51231.6953    80355    East         300       0x105ff       2.5089           -8.278  0.003    0   1   0 163   0   0   7    -99    -99  2809  3.758  13488 1  -8.444  0.003    0   1   0 137   0   0   8    -99    -99  1740  4.025  13488 1  
    51241.5076    80499    East         300       0x105ff       1.3904           -8.278  0.003    0   1   0 190   0   0   7    -99    -99  6833  2.877  13488 1  -8.453  0.003    0   1   0 148   0   0   8    -99    -99  9801  2.869  13488 1  
    51241.6525    80529    East         300       0x105fb       2.3328           -8.273  0.004    0   1   0 114   0   0   7    -99    -99 10023  3.672  13488 1  -8.434  0.005    0   1   0 114   0   0   8    -99    -99 15118  3.857  13488 1  
    51246.6573    80709    East         300       0x105ff       2.5093           -8.331  0.003    0   1   0 136   0   0   7    -99    -99  4398  2.994  13488 1  -8.451  0.003    0   1   0 150   0   0   8    -99    -99  3626  3.229  13488 1  
    51249.6180    80835    East         300       0x105ff       2.2013           -8.363  0.003    0   1   0 138   0   0   7    -99    -99  2517  2.931  13488 1  -8.501  0.003    0   1   0 137   0   0   8    -99    -99  1866  3.126  13488 1  
    51251.5510    81006    East         300       0x105ff       1.7162           -8.297  0.003    0   1   0 215   0   0   7    -99    -99  2898  3.173  13488 1  -8.509  0.003    0   1   0 160   0   0   8    -99    -99  1964  3.225  13488 1  
    51260.5428    81221    East         300       0x105ff       1.8236           -8.319  0.003    0   1   0 154   0   0   7    -99    -99  2015  3.653  13488 1  -8.460  0.003    0   1   0 132   0   0   8    -99    -99  1465  3.885  13488 1  
    51275.4871    81474    East         300       0x101bf       1.7267           -8.292  0.005    0   1   0 190   0   0   7    -99    -99  3333  3.533  13488 1  -8.550  0.004    0   1   0  90   0   0   8    -99    -99  2368  3.773  13488 1  
    51278.5554    81626    East         300       0x101bf       2.3762           -8.334  0.003    0   1   0 179   0   0   7    -99    -99  2427  3.292  13488 1  -8.500  0.004    0   1 255 164 222   0   8    -99    -99  1892  3.673  13488 1  
    51284.5321    82067    East         300       0x105ff       2.3022           -8.375  0.003    0   1   0 230   0   0   7    -99    -99  2942  2.998  13488 1  -8.548  0.003    0   1   0 171  91   0   8    -99    -99  2104  3.188  13488 1  
    51288.4315    82419    East         300       0x105ff       1.6118           -8.304  0.003    0   1   0 194   0   0   7    -99    -99  3325  3.161  13488 1  -8.469  0.003    0   1   0 159 215   0   8    -99    -99  2131  3.116  13488 1  
    51291.4144    82716    East         300       0x105ff       1.5667           -8.358  0.003    0   1   0 159   0   0   7    -99    -99  4744  2.936  13488 1  -8.508  0.003    0   1   0 142 177   0   8    -99    -99  3780  2.954  13488 1  
    51298.5099    83117    East         300       0x105ff       2.4816           -8.298  0.005    0   1   0 176   0   0   7    -99    -99 20935  3.560  13488 1  -8.405  0.006    0   1   0 119 209   0   8    -99    -99 23996  3.800  13488 1  
    51301.3996    83378    East         300       0x105ff       1.6317           -8.343  0.002    0   1   0 202   0   0   7    -99    -99  5920  2.349  13488 1  -8.496  0.002    0   1   0 170   0   0   8    -99    -99  3497  2.382  13488 1  
    51304.4587    83734    East         300       0x105ff       2.1153           -8.322  0.003    0   1   0 162   0   0   7    -99    -99  3815  3.264  13488 1  -8.426  0.004    0   1   0 159 215   0   8    -99    -99  2207  3.370  13488 1  
    51307.4803    83960    East         300       0x105ff       2.4242           -8.364  0.003    0   1   0 147   0   0   7    -99    -99  3266  3.180  13488 1  -8.518  0.003    0   1   0 162 148   0   8    -99    -99  1861  3.376  13488 1  
    51312.4724    84239    East         300       0x105ff       2.4913           -8.238  0.005    0   1   0 205   0   0   7    -99    -99  4380  4.638  13488 1  -8.521  0.004    0   1   0 125 162   0   8    -99    -99  2154  4.985  13488 1  
    51315.4288    84533    East         300       0x105ff       2.1161           -8.323  0.004    0   1   0 135   0   0   7    -99    -99  5000  2.813  13488 1  -8.464  0.004    0   1   0 131   0   0   8    -99    -99  2515  2.996  13488 1  
    51333.3952    85504    East         300       0x105ff       2.2702           -8.237  0.023    9   1   0 146   0   0   7    -99    -99  7792  2.773  13488 1  -8.442  0.020    0   1   0  91 143   0   8    -99    -99  4339  2.910  13488 1  
    51348.3458    86223    East         300       0x105ff       2.1847           -8.359  0.004    0   1   0 125   0   0   7    -99    -99  4252  4.551  13488 1  -8.494  0.004    0   1   0 125   0   0   8    -99    -99  3305  4.925  13488 1  
    51366.8004    87731    West         300       0x105ff       1.6380           -8.302  0.004    0   1   0 129   0   0   3    -99    -99  4002  3.245  13488 1  -8.420  0.003    0   1   0 147   0   0  12    -99    -99  3724  3.232  13488 1  
    51383.7409    88406    West         300       0x105ff       1.7126           -8.315  0.004    0   1   0 114   0   0   3    -99    -99  4291  3.970  13488 1  -8.427  0.004    0   1   0 139   0   0  12    -99    -99  3563  4.058  13488 1  
    51392.7495    89035    West         300       0x105ff       1.5364           -8.378  0.003    0   1   0 141   0   0   3    -99    -99  5172  3.129  13488 1  -8.498  0.003    0   1   0 125   0   0  12    -99    -99  6160  3.112  13488 1  
    51395.7322    89372    West         300       0x105ff       1.5806           -8.315  0.003    0   1   0 133   0   0   3    -99    -99  3899  3.638  13488 1  -8.435  0.003    0   1   0 111   0   0  12    -99    -99  3087  3.649  13488 1  
    51404.7747    89828    West         300       0x105ff       1.3272           -8.356  0.003    0   1   0 151   0   0   3    -99    -99  2087  3.810  13488 1  -8.476  0.003    0   1   0 152   0   0  12    -99    -99  1935  3.768  13488 1  
    51407.7695    90129    West         300       0x105ff       1.3191           -8.368  0.003    0   1   0 149   0   0   3    -99    -99  2367  3.421  13488 1  -8.473  0.003    0   1   0 109   0   0  12    -99    -99  2104  3.410  13488 1  
    51411.6472    90448    West         300       0x105ff       1.8243           -8.312  0.005    0   1   0 109   0   0   3    -99    -99  5356  4.646  13488 1  -8.415  0.005    0   1   0 110   0   0  12    -99    -99  4836  4.725  13488 1  
    51414.7247    90759    West         300       0x105ff       1.3965           -8.385  0.003    0   1   0 165   0   0   3    -99    -99  7544  2.384  13488 1  -8.507  0.003    0   1   0 153   0   0  12    -99    -99  9286  2.243  13488 1  
    51421.6468    91169    West         300       0x000bf       1.6563           -8.315  0.005    0   1   0 144   0   0   3    -99    -99  4973  3.328  13488 1  -8.415  0.005    0   1   0 141   0   0  12    -99    -99  5892  3.262  13488 1  
    51424.6583    91351    West         300       0x105ff       1.5543           -8.320  0.003    0   1   0 146   0   0   3    -99    -99  3140  3.201  13488 1  -8.452  0.003    0   1   0 150   0   0  12    -99    -99  3346  3.143  13488 1  
    51431.6884    91627    West         300       0x105ff       1.3636           -8.332  0.004    0   1   0 136   0   0   3    -99    -99  2036  5.204  13488 1  -8.459  0.004    0   1   0 123   0   0  12    -99    -99  2085  5.203  13488 1  
    51434.6759    91947    West         300       0x105fb       1.3773           -8.355  0.003    0   1   0 192   0   0   3    -99    -99  2225  3.465  13488 1  -8.461  0.003    0   1   0 165   0   0  12    -99    -99  2419  3.432  13488 1  
    51439.6199    92118    West         300       0x105ff       1.5422           -8.346  0.003    0   1   0 121   0   0   3    -99    -99  3194  3.537  13488 1  -8.482  0.003    0   1   0 142   0   0  12    -99    -99  3093  3.563  13488 1  
    51440.7223    92220    West         300       0x105ff       1.2279           -8.371  0.003    0   1   0 201   0   0   3    -99    -99  2071  2.706  13488 1  -8.507  0.003    0   1   0 135   0   0  12    -99    -99  2134  2.627  13488 1  
    51449.6381    92454    West         300       0x105ff       1.3671           -8.329  0.003    0   1   0 145   0   0   3    -99    -99  7228  2.255  13488 1  -8.459  0.003    0   1   0 158   0   0  12    -99    -99  8230  2.137  13488 1  
    51458.7148    92621    West         300       0x105ff       1.1775           -8.341  0.002    0   1   0 198   0   0   3    -99    -99  2175  2.113  13488 1  -8.471  0.002    0   1   0 195   0   0  12    -99    -99  1868  2.012  13488 1  
    51462.7377    92721    West         300       0x105ff       1.1609           -8.291  0.003    0   1   0 131   0   0   3    -99    -99  1689  3.150  13488 1  -8.422  0.003    0   1   0 153   0   0  12    -99    -99  1573  3.186  13488 1  
    51466.6970    92829    West         300       0x105ff       1.1744           -8.317  0.003    0   1   0 134   0   0   3    -99    -99  2013  2.916  13488 1  -8.442  0.003    0   1   0 138   0   0  12    -99    -99  2003  2.922  13488 1  
    51470.7427    92965    West         300       0x105ff       1.1622           -8.348  0.003    0   1   0 154   0   0   3    -99    -99  1794  4.100  13488 1  -8.467  0.003    0   1   0 125   0   0  12    -99    -99  1523  4.314  13488 1  
    51472.5800    93076    West         300       0x105ff       1.3525           -8.293  0.005    0   1   0 131   0   0   3    -99    -99  4508  4.670  13488 1  -8.428  0.005    0   1   0 110   0   0  12    -99    -99  8007  4.672  13488 1  
    51477.5883    93164    West         300       0x105ff       1.2938           -8.323  0.005    0   1   0 112   0   0   3    -99    -99  8365  4.259  13488 1  -8.473  0.005    0   1   0 115   0   0  12    -99    -99  8845  4.262  13488 1  
    51479.4856    93263    West         300       0x105ff       1.6712           -8.366  0.003    0   1   0 157   0   0   3    -99    -99  2893  3.444  13488 1  -8.507  0.003    0   1   0 137   0   0  12    -99    -99  2810  3.384  13488 1  
    51482.6580    93361    West         300       0x105ff       1.1713           -8.412  0.003    0   1   0 150   0   0   3    -99    -99  2061  3.996  13488 1  -8.523  0.003    0   1   0 122   0   0  12    -99    -99  2106  4.111  13488 1  
    51486.7460    93459    West         300       0x105ff       1.1963           -8.434  0.003    0   1   0 152   0   0   3    -99    -99  4160  3.502  13488 1  -8.566  0.003    0   1   0 125   0   0  12    -99    -99  4478  3.636  13488 1  
    51489.6103    93547    West         300       0x105ff       1.1971           -8.339  0.013    0   1   0 125   0   0   3    -99    -99  5159  3.300  13488 1  -8.503  0.012    0   1   0  85   0   0  12    -99    -99  5266  3.248  13488 1  
    51492.6247    93642    West         300       0x1057f       1.1754           -8.351  0.004    0   1   0 181   0   0   3    -99    -99  1805  4.558  13488 1  -8.497  0.004    0   1   0 157   0   0  12    -99    -99  1961  4.602  13488 1  
    51495.5184    93763    West         300       0x105ff       1.3487           -8.351  0.003    0   1   0 163   0   0   3    -99    -99  2659  3.416  13488 1  -8.491  0.003    0   1   0 143   0   0  12    -99    -99  2684  3.352  13488 1  
    51505.4932    93858    West         300       0x105ff       1.3426           -8.363  0.004    0   1   0 126   0   0   3    -99    -99 12422  3.420  13488 1  -8.518  0.004    0   1   0 116   0   0  12    -99    -99 13381  3.332  13488 1  
    51510.5189    93969    West         300       0x105fb       1.2495           -8.337  0.003    0   1   0 221   0   0   3    -99    -99  1886  2.702  13488 1  -8.498  0.002    0   1   0 215   0   0  12    -99    -99  1911  2.525  13488 1  
    51512.6542    94049    West         300       0x105ff       1.1762           -8.351  0.002    0   1   0 172   0   0   3    -99    -99  2091  2.249  13488 1  -8.502  0.002    0   1   0 175   0   0  12    -99    -99  2246  2.243  13488 1  
    51514.5481    94156    West         300       0x105ff       1.1904           -8.400  0.003    0   1   0 167   0   0   3    -99    -99  2041  2.816  13488 1  -8.506  0.002    0   1   0 150   0   0  12    -99    -99  1794  2.782  13488 1  
    51515.6257    94236    West         300       0x105fb       1.1645           -8.340  0.003    0   1   0 133   0   0   3    -99    -99  1680  3.887  13488 1  -8.488  0.003    0   1   0 141   0   0  12    -99    -99  1460  4.072  13488 1  
    51526.6441    94428    East         300       0x105fb       1.2050           -8.324  0.002    0   1   0 201   0   0   7    -99    -99  2038  2.590  13488 1  -8.470  0.003    0   1   0 157   0   0   8    -99    -99  1815  2.539  13488 1  
    51531.6539    94510    East         300       0x105ff       1.2418           -8.365  0.005    0   1   0 106   0   0   7    -99    -99  3965  5.812  13488 1  -8.518  0.006    0   1   0 103   0   0   8    -99    -99  4059  6.053  13488 1  
    51541.5440    94625    West         300       0x105ff       1.1612           -8.375  0.003    0   1   0 132   0   0   3    -99    -99  1400  3.057  13488 1  -8.514  0.003    0   1   0 158   0   0  12    -99    -99  1434  3.110  13488 1  
    51546.5114    94724    East         300       0x105fb       1.1592           -8.340  0.004    0   1   0 170   0   0   7    -99    -99  3644  2.720  13488 1  -8.519  0.004    0   1   0 160   0   0   8    -99    -99  2857  2.496  13488 1  
