!  Star 60.7474.723                        RA  05 26 27.224   DEC  -66 42 58.47
#  310 observations from the production databases
#  Field inception date: 50062.0417
#  Pixel coordinate system: none
#
#  Template         magnitude        chip coordinates        west-chunk
#     Red:            -8.869         1894.62, 1783.38              0
#    Blue:            -8.538         1892.26, 1773.39            111
#
!         Date    Obsid    Pier    Exposure     Checklist      Airmass             rMag   rErr  rDS rTF rCP rX2 rMP rCR  rA  rXpix  rYpix  rSky  rFWHM  rTobs r    bMag   bErr  bDS bTF bCP bX2 bMP bCR  bA  bXpix  bYpix  bSky  bFWHM  bTobs b  
    49001.6046     2763    West         300       0x101bf       1.2839           -8.883  0.002    0   1   0 210   0   0   1    -99    -99  3808  3.870   5319 1  -8.665  0.002    0   1   0 189   0   0  14    -99    -99  2768  3.692   5319 1  
    49020.7536     3242    East         300       0x101bf       2.3974           -8.924  0.003    0   1  10 178   0   0   5    -99    -99  2080  5.343   5319 1  -8.610  0.003    0   1  10 176   0   0  10    -99    -99  2013  5.474   5319 1  
    49042.6443     3656    East         300       0x101bf       1.9522           -9.035  0.002    0   1   0 196   0   0   5    -99    -99  2707  3.023   5319 1  -8.851  0.002    0   1   0 207   0   0  10    -99    -99  1841  3.119   5319 1  
    49048.6797     3943    East         300       0x101bf       2.4271           -9.001  0.004    0   1   8 103   0   0   5    -99    -99  2686  5.995   5319 1  -8.751  0.005    0   1  24  99   0   0  10    -99    -99  1961  6.341   5319 1  
    49094.5341     5319    East         300       0x101bf       2.2198           -8.860  0.002    0   1   0 178   0   0   5    -99    -99  2967  2.846   5319 1  -8.534  0.002    0   1   0 163   0   0  10    -99    -99  2450  2.891   5319 1  
    49114.5196     6496    East         300       0x101bf       2.6455           -9.056  0.011    0   1   0  98   0   0   5    -99    -99 43898  4.792   5319 1  -8.771  0.012    0   1   0 101   0   0  10    -99    -99 34614  5.009   5319 1  
    49123.5110     6956    East         300       0x101bf       2.8435           -9.166  0.002    0   1   0 169   0   0   5    -99    -99  3993  3.786   5319 1  -8.951  0.002    0   1   0 164   0   0  10    -99    -99  2632  4.053   5319 1  
    49127.4901     7379    East         300       0x101bf       2.7228           -9.076  0.002    0   1   0 181   0   0   5    -99    -99  4134  3.126   5319 1  -8.818  0.002    0   1   0 169   0   0  10    -99    -99  2985  3.197   5319 1  
    49146.4520     8271    East         300       0x101bf       2.8995           -8.796  0.011    0   1  49  64   0   0   5    -99    -99  5025  7.815   5319 1  -8.510  0.013    0   1  57  68   0   0  10    -99    -99  3756  8.305   5319 1  
    49165.7459     9201    West         300       0x101bf       2.2989           -9.111  0.004    0   1  20 103   0   0   1    -99    -99  3940  6.259   5319 1  -8.886  0.005    0   1  24  97   0   0  14    -99    -99  2873  6.654   5319 1  
    49184.8037     9922    West         300       0x101bf       1.5384           -8.903  0.002    0   1   0 253   0   0   1    -99    -99  2642  3.230   5319 1  -8.689  0.002    0   1   0 228   0   0  14    -99    -99  2070  3.256   5319 1  
    49189.8208    10271    West         300       0x101bf       1.4180           -8.958  0.002    0   1   0 190   0   0   1    -99    -99  2243  4.045   5319 1  -8.712  0.002    0   1   0 148   0   0  14    -99    -99  1711  4.166   5319 1  
    49208.7602    10962    West         300       0x101bf       1.4521           -8.907  0.004    0   1   0 110   0   0   1    -99    -99  7656  4.496   5319 1  -8.653  0.005    0   1   0 100   0   0  14    -99    -99  6345  4.647   5319 1  
    49215.7773    11332    West         300       0x101bf       1.3378           -8.821  0.004    0   1   0 142   0   0   1    -99    -99  2791  5.377   5319 1  -8.624  0.004    0   1   4 126   0   0  14    -99    -99  2082  5.757   5319 1  
    49222.7354    11806    West         300       0x101bf       1.4053           -8.913  0.002    0   1   0 214   0   0   1    -99    -99  2171  3.216   5319 1  -8.685  0.002    0   1   0 188   0   0  14    -99    -99  2171  2.935   5319 1  
    49255.6795    12270    West         300       0x101bf       1.3106           -8.876  0.002    0   1   9 204   0   0   1    -99    -99  4112  3.561   5319 1  -8.658  0.003    0   1  17 221   0   0  14    -99    -99  3894  4.161   5319 1  
    49260.6272    12527    West         300       0x101bf       1.4211           -8.849  0.002    0   1   0 213   0   0   1    -99    -99 12014  3.256   5319 1  -8.579  0.003    0   1   0 170   0   0  14    -99    -99 19495  2.941   5319 1  
    49268.6684    12719    West         300       0x101bf       1.2595           -8.982  0.001    0   1   0 209   0   0   1    -99    -99  2860  3.060   5319 1  -8.693  0.002    0   1   0 201   0   0  14    -99    -99  2676  2.904   5319 1  
    49273.6651    12894    West         300       0x101bf       1.2417           -8.993  0.001    0   1   0 217   0   0   1    -99    -99  2424  3.163   5319 1  -8.699  0.002    0   1   0 211   0   0  14    -99    -99  2132  3.075   5319 1  
    49283.6726    13110    West         300       0x101bf       1.1983           -8.867  0.002    0   1   0 226   0   0   1    -99    -99  1814  3.370   5319 1  -8.626  0.002    0   1   0 192   0   0  14    -99    -99  1755  3.146   5319 1  
    49291.6219    13360    West         300       0x101bf       1.2323           -8.903  0.005    0   1   0 116   0   0   1    -99    -99 30521  3.808   5319 1  -8.747  0.005    0   1   0  96   0   0  14    -99    -99 22691  3.703   5319 1  
    49291.6417    13361    West         300       0x101bf       1.2073           -8.927  0.002    0   1   0 204   0   0   1    -99    -99 10176  3.640   5319 1  -8.749  0.003    0   1   0 193   0   0  14    -99    -99 11215  4.050   5319 1  
    49307.7316    13496    West         300       0x101bf       1.2239           -8.942  0.001    0   1   0 235   0   0   1    -99    -99  3232  2.731   5319 1  -8.627  0.002    0   1   0 194   0   0  14    -99    -99  1876  2.541   5319 1  
    49313.5905    13704    West         300       0x101bf       1.1983           -8.909  0.002    0   1   0 164   0   0   1    -99    -99  2991  3.332   5319 1  -8.596  0.002    0   1   0 164   0   0  14    -99    -99  2934  3.402   5319 1  
    49376.5948    14058    West         300       0x101bf       1.3202           -8.872  0.002    0   1   0 188   0   0   1    -99    -99  6064  2.727   5319 1  -8.543  0.002    0   1   0 190   0   0  14    -99    -99  5251  2.851   5319 1  
    49386.6762    14379    East         300       0x101bf       1.7701           -8.780  0.002    0   1   0 247   0   0   5    -99    -99  3674  3.938   5319 1  -8.435  0.003    0   1   0 213   0   0  10    -99    -99  3418  3.868   5319 1  
    49399.6189    14596    East         300       0x101bf       1.6443              -99    -99  999 999 999 999 999 999   5    -99    -99  2261  4.603   5319 0  -8.771  0.002    0   1   0 224   0   0  10    -99    -99  1861  4.466   5319 1  
    49409.7163    14844    East         300       0x100bf       2.7109              -99    -99  999 999 999 999 999 999  -1    -99    -99   -99    -99      0 0  -8.681  0.006    0   1   0 150   0   0  10    -99    -99 37957  4.833   5319 1  
    49424.6318    15198    East         300       0x101bf       2.2406              -99    -99  999 999 999 999 999 999   5    -99    -99  4091  5.978   5319 0  -8.376  0.008    0   1  20  98   0   0  10    -99    -99  3051  6.206   5319 1  
    49448.5975    16049    East         300       0x101bf       2.5695           -8.990  0.017    0   1  74  96   0   0   5    -99    -99  3510  9.095   5319 1  -8.680  0.021    0   1  80  83   0   0  10    -99    -99  2859  9.537   5319 1  
    49448.6108    16052    East         300       0x101bf       2.7298           -8.949  0.009    0   1  41  71   0   0   5    -99    -99  3622  7.700   5319 1  -8.645  0.013    0   1  55  70   0   0  10    -99    -99  3151  8.277   5319 1  
    49460.5616    16595    East         300       0x101bf       2.5312           -8.743  0.002    0   1   0 142   0   0   5    -99    -99  3072  3.505   5319 1  -8.439  0.002    0   1   0 131   0   0  10    -99    -99  2298  3.765   5319 1  
    49478.5474    17467    East         300       0x100bf       2.9774           -9.044  0.002    0   1   0 156   0   0   5    -99    -99  3959  2.840   5319 1  -8.826  0.002    0   1   0 184   0   0  10    -99    -99  2839  3.182   5319 1  
    49518.8217    19354    West         300       0x101bf       1.9292           -8.981  0.005    0   1   4 102   0   0   1    -99    -99  4752  5.845   5319 1  -8.694  0.006    0   1   9  99   0   0  14    -99    -99  3088  5.968   5319 1  
    49532.7871    19815    West         300       0x101bf       1.9023           -8.698  0.003    0   1   0 109   0   0   1    -99    -99  7353  3.452   5319 1  -8.345  0.005    0   1   0 117   0   0  14    -99    -99  6654  3.957   5319 1  
    49546.7381    20719    West         300       0x101bf       1.9836           -9.121  0.002    0   1   0 140   0   0   1    -99    -99  3086  4.282   5319 1  -8.938  0.002    0   1   0 171   0   0  14    -99    -99  2203  4.485   5319 1  
    49553.7124    21172    West         300       0x101bf       2.0353           -9.070  0.005    0   1  13  90   0   0   1    -99    -99 10809  5.319   5319 1  -8.794  0.007    0   1  22  85   0   0  14    -99    -99  9955  5.391   5319 1  
    49559.7780    21611    West         300       0x101bf       1.5348           -8.980  0.002    0   1   0 176   0   0   1    -99    -99  5012  3.017   5319 1  -8.672  0.002    0   1   0 168   0   0  14    -99    -99  6201  2.999   5319 1  
    49572.7675    22352    West         300       0x101bb       1.4366           -8.751  0.003    0   1   0 106   0   0   1    -99    -99  2501  4.684   5319 1  -8.496  0.003    0   1   0  88   0   0  14    -99    -99  1820  4.935   5319 1  
    49578.7750    22725    West         300       0x101bf       1.3607           -9.012  0.001    0   1   0 184   0   0   1    -99    -99  2289  2.713   5319 1  -8.831  0.002    0   1   0 212   0   0  14    -99    -99  1780  2.858   5319 1  
    49589.7078    23330    West         300       0x001bf       1.4866           -9.064  0.002    0   1   0 138   0   0   1    -99    -99  6238  4.243   5319 1  -8.774  0.003    0   1   0 140   0   0  14    -99    -99  7003  3.873   5319 1  
    49591.7125    23455    West         300       0x00137       1.4480           -9.043  0.002    0   1   0 165   0   0   1    -99    -99  3993  2.988   5319 1  -8.744  0.002    0   1   0 185   0   0  14    -99    -99  3604  3.177   5319 1  
    49607.6780    24242    West         300       0x101bf       1.4161           -8.729  0.002    0   1   0 122   0   0   1    -99    -99  2326  3.645   5319 1  -8.450  0.003    0   1   0 159   0   0  14    -99    -99  2246  3.748   5319 1  
    49616.7132    24717    West         300       0x101bf       1.2627           -9.072  0.003    0   1   0 119   0   0   1    -99    -99  5744  5.208   5319 1  -8.904  0.004    0   1   2 105   0   0  14    -99    -99  8358  5.558   5319 1  
    49630.6800    25390    West         300       0x101bf       1.2537           -8.985  0.001    0   1   0 190   0   0   1    -99    -99  1874  2.692   5319 1  -8.674  0.002    0   1   0 194   0   0  14    -99    -99  1857  2.733   5319 1  
    49639.6978    25755    West         300       0x101bf       1.1982           -8.765  0.002    0   1 255 187 217   0   1    -99    -99  2101  2.041   5319 1  -8.447  0.002    0   1   0 191   0   0  14    -99    -99  1835  2.024   5319 1  
    49649.6595    26098    West         300       0x101af       1.2092           -8.961  0.002    0   1   0 190   0   0   1    -99    -99  4046  2.555   5319 1  -8.686  0.002    0   1   0 253   0   0  14    -99    -99  3709  2.644   5319 1  
    49676.6375    26594    West         300       0x101bf       1.1764           -8.780  0.006    0   1   0  91   0   0   1    -99    -99 14061  5.382   5319 1  -8.515  0.005    0   1   0 151   0   0  14    -99    -99  1991  5.432   5319 1  
    49691.5089    26844    West         300       0x001bf       1.2622           -8.982  0.002    0   1 255 193 211   0   1    -99    -99  2074  2.432   5319 1  -8.693  0.002    0   1 255 185 212   0  14    -99    -99  2127  2.295   5319 1  
    49692.5475    26908    West         300       0x101bf       1.2036           -8.953  0.002    0   1 255 192 203   0   1    -99    -99  1873  2.637   5319 1     -99    -99  999 999 999 999 999 999  -1    -99    -99   -99    -99      0 0  
    49696.5286    27025    West         300       0x101bf       1.2123           -8.955  0.001    0   1   0 180   0   0   1    -99    -99  2533  2.815   5319 1     -99    -99  999 999 999 999 999 999  -1    -99    -99   -99    -99      0 0  
    49697.5440    27087    West         300       0x101bf       1.1944           -8.948  0.002    0   1 255 189 237   0   1    -99    -99  3629  2.244   5319 1  -8.568  0.003    0   1 255 234 232   0  14    -99    -99  4130  2.366   5319 1  
    49700.6986    27233    West         300       0x101bf       1.2998           -8.892  0.005    0   1  27 128   0   0   1    -99    -99  1881  6.618   5319 1     -99    -99  999 999 999 999 999 999  -1    -99    -99   -99    -99      0 0  
    49703.5669    27307    West         300       0x101bf       1.1759           -8.871  0.002    0   1   0 170   0   0   1    -99    -99 15420  2.898   5319 1  -8.530  0.003    0   1   0 152   0   0  14    -99    -99 13819  3.024   5319 1  
    49705.5204    27395    West         300       0x101bf       1.1959           -8.828  0.002    0   1   0 131   0   0   1    -99    -99  9443  3.160   5319 1  -8.488  0.003    0   1   0 148   0   0  14    -99    -99  9319  3.335   5319 1  
    49716.6985    27481    East         300       0x101bf       1.4224           -8.952  0.002    0   1   0 166   0   0   5    -99    -99  2008  3.489   5319 1  -8.762  0.002    0   1   0 138   0   0  10    -99    -99  1529  3.482   5319 1  
    49728.6851    27631    East         300       0x101bf       1.4947           -8.994  0.001    0   1   0 253   0   0   5    -99    -99  1958  2.466   5319 1  -8.686  0.001    0   1   0 253   0   0  10    -99    -99  1515  2.298   5319 1  
    49740.5347    27827    West         300       0x101bf       1.2092           -8.847  0.002    0   1   0 163   0   0   1    -99    -99  2429  3.261   5319 1     -99    -99  999 999 999 999 999 999  -1    -99    -99   -99    -99      0 0  
    49742.5952    27921    East         300       0x101bf       1.3265           -8.804  0.002    0   1   0 186   0   0   5    -99    -99  2421  3.322   5319 1  -8.476  0.002    0   1   0 151   0   0  10    -99    -99  1652  3.235   5319 1  
    49746.6656    28016    East         300       0x101bf       1.6309           -8.766  0.001    0   1   0 230   0   0   5    -99    -99  1974  2.301   5319 1  -8.456  0.002    0   1   0 227   0   0  10    -99    -99  1701  2.188   5319 1  
    49748.5133    28106    East         300       0x101bf       1.2085           -8.778  0.002    0   1   0 158   0   0   5    -99    -99  2112  4.234   5319 1  -8.504  0.002    0   1   0 146   0   0  10    -99    -99  1763  4.246   5319 1  
    49749.6894    28167    East         300       0x101bf       1.8174           -8.807  0.002    0   1   0 139   0   0   5    -99    -99  1816  3.452   5319 1  -8.545  0.002    0   1   0 137   0   0  10    -99    -99  1667  3.567   5319 1  
    49751.7655    28244    East         300       0x101bf       2.5471           -8.858  0.004    0   1   3 113   0   0   5    -99    -99 12753  5.503   5319 1  -8.642  0.005    0   1  11  96   0   0  10    -99    -99  9991  5.815   5319 1  
    49755.6094    28361    East         300       0x101bf       1.4868           -9.010  0.001    0   1   0 178   0   0   5    -99    -99  1726  2.501   5319 1  -8.855  0.002    0   1 255 179 209   0  10    -99    -99  1465  2.405   5319 1  
    49760.7123    28466    East         300       0x101bf       2.2439           -8.996  0.002    0   1   0 211   0   0   5    -99    -99  3589  4.026   5319 1  -8.737  0.002    0   1   0 244   0   0  10    -99    -99  2730  4.195   5319 1  
    49766.7416    28610    East         300       0x101bf       2.7543           -8.927  0.003    0   1   0 118   0   0   5    -99    -99  9560  4.789   5319 1  -8.627  0.005    0   1   0 115   0   0  10    -99    -99 16876  5.169   5319 1  
    49787.6658    28797    East         300       0x101bf       2.5303           -8.904  0.002    0   1   0 148   0   0   5    -99    -99  2019  3.528   5319 1  -8.679  0.002    0   1   0 233  73  27  10    -99    -99  1785  3.736   5319 1  
    49789.6708    28922    East         300       0x101bf       2.6553           -8.921  0.002    0   1   0 159   0   0   5    -99    -99  5908  4.066   5319 1  -8.732  0.003    0   1   0 141   0   0  10    -99    -99  7028  4.320   5319 1  
    49791.6528    29014    East         300       0x101bf       2.5071           -8.955  0.004    0   1   0 124   0   0   5    -99    -99 11124  5.216   5319 1  -8.742  0.005    0   1   4 119   0   0  10    -99    -99 21760  5.539   5319 1  
    49797.5880    29205    East         300       0x101bf       2.0365           -8.946  0.002    0   1   0 173   0   0   5    -99    -99  4869  3.333   5319 1  -8.674  0.002    0   1   0 156   0   0  10    -99    -99  5060  3.461   5319 1  
    49802.6180    29483    East         300       0x101bf       2.4540           -8.873  0.002    0   1   0 168   0   0   5    -99    -99  2177  2.899   5319 1  -8.543  0.002    0   1   0 149   0   0  10    -99    -99  2029  3.062   5319 1  
    49805.6395    29587    East         300       0x101bf       2.8107           -8.860  0.002    0   1   0 137   0   0   5    -99    -99  2434  3.551   5319 1  -8.511  0.002    0   1   0 135   0   0  10    -99    -99  2057  3.821   5319 1  
    49807.6285    29696    East         300       0x101bf       2.7404           -8.839  0.002    0   1   0 133   0   0   5    -99    -99  2285  4.366   5319 1  -8.470  0.003    0   1   0 188   0   0  10    -99    -99  2007  4.696   5319 1  
    49809.4711    29810    East         300       0x101af       1.5247           -8.816  0.002    0   1   0 159   0   0   5    -99    -99  2046  3.485   5319 1  -8.461  0.002    0   1   0 132   0   0  10    -99    -99  1498  3.587   5319 1  
    49832.5702    30589    East         300       0x101bf       2.8686           -9.031  0.001    0   1   0 176   0   0   5    -99    -99  2506  2.990   5319 1  -8.753  0.002    0   1   0 245  93  33  10    -99    -99  2237  3.246   5319 1  
    49927.7605    33628    West         300       0x101af       1.5802           -8.806  0.003    0   1   0 129   0   0   1    -99    -99  2993  4.531   5319 1  -8.544  0.003    0   1   0 107   0   0  14    -99    -99  1895  4.717   5319 1  
    49933.7333    34025    West         300       0x101bf       1.6333           -9.036  0.001    0   1   0 202   0   0   1    -99    -99  2111  2.988   5319 1  -8.863  0.002    0   1   0 203   0   0  14    -99    -99  1489  3.101   5319 1  
    49936.7112    34177    West         300       0x101bf       1.7090           -9.100  0.002    0   1   0 170   0   0   1    -99    -99  5414  3.888   5319 1  -8.923  0.002    0   1   0 162   0   0  14    -99    -99  4642  4.077   5319 1  
    49939.6239    34488    West         300       0x101bf       2.3243           -9.059  0.002    0   1   0 136   0   0   1    -99    -99 18976  3.416   5319 1  -8.854  0.004    0   1   0 127   0   0  14    -99    -99 24611  3.676   5319 1  
    49942.6681    34792    West         300       0x101bf       1.8788           -9.039  0.002    0   1   0 213   0   0   1    -99    -99  5707  2.654   5319 1  -8.816  0.002    0   1   0 183   0   0  14    -99    -99  8518  2.764   5319 1  
    49944.6913    35004    West         300       0x101bf       1.6984           -9.040  0.002    0   1   0 162   0   0   1    -99    -99  3894  3.203   5319 1  -8.780  0.002    0   1   0 168   0   0  14    -99    -99  4561  3.466   5319 1  
    49946.7180    35123    West         300       0x101bf       1.5375           -9.013  0.003    0   1   0 131   0   0   1    -99    -99  2919  5.605   5319 1  -8.754  0.003    0   1   0 134   0   0  14    -99    -99  2634  5.371   5319 1  
    49948.7117    35308    West         300       0x101bf       1.5409           -8.984  0.003    0   1   0 150   0   0   1    -99    -99  2559  5.347   5319 1  -8.704  0.003    0   1   0 129   0   0  14    -99    -99  1918  5.585   5319 1  
    49952.6694    35551    West         300       0x101bf       1.6981           -8.867  0.002    0   1   0 160   0   0   1    -99    -99  2482  2.999   5319 1  -8.568  0.002    0   1   0 171   0   0  14    -99    -99  2054  3.192   5319 1  
    49955.7567    35775    West         300       0x101bf       1.3237           -8.817  0.004    0   1   6 103   0   0   1    -99    -99  2262  5.686   5319 1  -8.529  0.005    0   1  15  89   0   0  14    -99    -99  1693  6.189   5319 1  
    49957.7865    35910    West         300       0x101bf       1.2502           -8.780  0.002    0   1   0 228   0   0   1    -99    -99  1959  2.568   5319 1  -8.481  0.002    0   1   0 199   0   0  14    -99    -99  1606  2.509   5319 1  
    49961.7875    36064    West         300       0x101bf       1.2314           -8.810  0.002    0   1   0 220   0   0   1    -99    -99  2129  3.359   5319 1  -8.548  0.002    0   1   0 185   0   0  14    -99    -99  1604  3.296   5319 1  
    49966.6507    36210    West         300       0x101bf       1.5962           -8.919  0.002    0   1   0 167   0   0   1    -99    -99  5807  3.081   5319 1  -8.694  0.002    0   1   0 150   0   0  14    -99    -99  7539  3.294   5319 1  
    49970.7392    36412    West         300       0x101bf       1.2716           -9.058  0.002    0   1   0 181   0   0   1    -99    -99  5912  2.785   5319 1  -8.892  0.002    0   1   0 178   0   0  14    -99    -99  8961  3.061   5319 1  
    49982.5897    36802    West         300       0x101bf       1.6864           -8.958  0.002    0   1   0 188   0   0   1    -99    -99  2376  3.076   5319 1  -8.684  0.002    0   1   0 186   0   0  14    -99    -99  2186  2.964   5319 1  
    49987.6241    36952    West         300       0x101bf       1.4641           -8.865  0.002    0   1   0 203   0   0   1    -99    -99  2211  2.246   5319 1  -8.553  0.002    0   1   0 211   0   0  14    -99    -99  2229  2.481   5319 1  
    49996.7606    37211    West         300       0x101bf       1.1766           -8.785  0.002    0   1   0 145   0   0   1    -99    -99  3278  3.153   5319 1  -8.507  0.002    0   1   0 175   0   0  14    -99    -99  3324  3.341   5319 1  
    50007.7553    37628    West         300       0x101bf       1.1774           -9.086  0.002    0   1   0 127   0   0   1    -99    -99  2487  5.281   5319 1  -8.940  0.002    0   1   0 160   0   0  14    -99    -99  2453  5.475   5319 1  
    50022.6589    37862    West         300       0x101bf       1.1904           -8.925  0.002    0   1   0 142   0   0   1    -99    -99  1919  4.772   5319 1  -8.620  0.003    0   1   0 139   0   0  14    -99    -99  2222  4.725   5319 1  
    50038.6955    38096    West         300       0x101bf       1.1885           -8.793  0.002    0   1   0 185   0   0   1    -99    -99  2658  2.837   5319 1  -8.524  0.002    0   1   0 206   0   0  14    -99    -99  2179  2.955   5319 1  
    50046.6918    38229    West         300       0x101bf       1.2039           -8.999  0.037    0   1   0  84   0   0   1    -99    -99  7538  4.119   5319 1     -99    -99  999 999 999 999 999 999  -1    -99    -99   -99    -99      0 0  
    50061.6555    38475    West         300       0x101bf       1.2090           -8.943  0.002    0   1   0 132   0   0   1    -99    -99  5034  4.495   5319 1  -8.688  0.002    0   1   0 154   0   0  14    -99    -99  5453  4.364   5319 1  
    50102.6553    39116    East         300       0x101ff       1.4718           -8.895  0.005    0   1  17 126   0   0   5    -99    -99  2439  6.129   5319 1  -8.656  0.004    0   1   8 115   0   0  10    -99    -99  1847  5.964   5319 1  
    50125.7173    39529    East         300       0x101bf       2.2858           -8.993  0.003    0   1   9 134   0   0   5    -99    -99  3110  5.769   5319 1  -8.729  0.004    0   1  10 125   0   0  10    -99    -99  3164  5.888   5319 1  
    50154.6329    40293    East         300       0x101ff       2.2363           -8.939  0.001    0   1   0 211   0   0   5    -99    -99  4220  2.419   5319 1  -8.732  0.002    0   1   0 195   0   0  10    -99    -99  3313  2.587   5319 1  
    50172.6471    40940    East         300       0x101ff       2.9773           -8.962  0.005    0   1  17  90   0   0   5    -99    -99  6032  6.312   5319 1  -8.702  0.006    0   1  27  72   0   0  10    -99    -99  7538  6.774   5319 1  
    50219.5109    43003    East         300       0x101ff       2.8714           -8.961  0.002    0   1   0 165   0   0   5    -99    -99  3242  4.111   5319 1  -8.814  0.002    0   1   0 160   0   0  10    -99    -99  2169  4.432   5319 1  
    50254.8331    45421    West         300       0x101ff       1.7511           -8.839  0.002    0   1   0 124   0   0   1    -99    -99  3401  3.807   5319 1  -8.621  0.002    0   1   0 153   0   0  14    -99    -99  2449  4.018   5319 1  
    50278.7423    46452    West         300       0x101ff       1.9199           -8.877  0.003    0   1   0 129   0   0   1    -99    -99  3302  4.909   5319 1  -8.582  0.003    0   1   0 103   0   0  14    -99    -99  2371  5.288   5319 1  
    50360.7220    49219    West         300       0x101ff       1.1995           -8.800  0.003    0   1   0 144   0   0   1    -99    -99  6366  2.814   5319 1  -8.533  0.003    0   1   0 142   0   0  14    -99    -99  5333  2.907   5319 1  
    50364.6067    49262    West         300       0x101ff       1.4121           -9.039  0.002    0   1 255 206 231   0   1    -99    -99  2047  2.466   5319 1  -8.862  0.002    0   1 255 214 209   0  14    -99    -99  2167  2.449   5319 1  
    50364.7256    49286    West         300       0x101ff       1.1879           -9.043  0.002    0   1   0 155   0   0   1    -99    -99  2354  3.953   5319 1  -8.885  0.002    0   1   0 169   0   0  14    -99    -99  2254  3.928   5319 1  
    50371.7368    49650    West         300       0x101ff       1.1758           -9.078  0.002    0   1   0 196   0   0   1    -99    -99  2656  3.380   5319 1  -8.888  0.002    0   1   0 196   0   0  14    -99    -99  2571  3.305   5319 1  
    50385.7627    50053    West         300       0x101ff       1.2031           -8.772  0.006    0   1   0 123   0   0   1    -99    -99 43590  5.077   5319 1  -8.432  0.007    0   1   0 121   0   0  14    -99    -99 33852  4.620   5319 1  
    50397.7493    50332    West         300       0x101ff       1.2262           -8.886  0.003    0   1   0 117   0   0   1    -99    -99 12307  4.975   5319 1  -8.670  0.004    0   1   0 105   0   0  14    -99    -99 12024  5.140   5319 1  
    50409.6888    50669    West         300       0x000bf       1.1955           -9.104  0.001    0   1   0 181   0   0   1    -99    -99  4731  3.339   5319 1  -8.885  0.002    0   1   0 178   0   0  14    -99    -99  5694  3.378   5319 1  
    50419.7298    51007    West         300       0x101ff       1.2995           -8.846  0.002    0   1   0 141   0   0   1    -99    -99  5737  3.169   5319 1  -8.512  0.002    0   1   0 172 133   0  14    -99    -99  4631  3.338   5319 1  
    50432.6453    51430    East         300       0x101ff       1.2146           -8.753  0.001    0   1   0 188   0   0   5    -99    -99  1743  2.535   5319 1  -8.488  0.002    0   1   0 170   0   0  10    -99    -99  1500  2.409   5319 1  
    50440.6535    51721    East         300       0x101ff       1.2603           -9.110  0.003    0   1   3 137   0   0   5    -99    -99  8654  5.630   5319 1  -8.921  0.003    0   1   5 112   0   0  10    -99    -99  9073  5.681   5319 1  
    50455.6252    52122    East         300       0x101ff       1.2852           -8.957  0.001    0   1   0 159   0   0   5    -99    -99  1507  3.432   5319 1  -8.627  0.002    0   1   0 247  59   6  10    -99    -99  1261  3.414   5319 1  
    50467.7269    52467    East         300       0x101ff       1.8402           -8.791  0.002    0   1   0 195   0   0   5    -99    -99  3063  2.876   5319 1  -8.542  0.002    0   1   0 190   0   0  10    -99    -99  1557  2.914   5319 1  
    50480.5897    52739    East         300       0x101ff       1.3677           -9.041  0.002    0   1   0 171   0   0   5    -99    -99  2311  2.958   5319 1  -8.777  0.002    0   1   0 138   0   0  10    -99    -99  1780  2.904   5319 1  
    50484.7453    52868    East         300       0x101fb       2.3990           -9.041  0.010    0   1   0 100   0   0   5    -99    -99  3039  4.027   5319 1  -8.774  0.013    0   1   0 103   0   0  10    -99    -99  2531  4.324   5319 1  
    50492.6411    52996    East         300       0x001bf       1.7297              -99    -99  999 999 999 999 999 999  -1    -99    -99   -99    -99      0 0  -8.628  0.002    0   1   0 186   0   0  10    -99    -99  1233  2.984   5319 1  
    50494.6460    53079    East         300       0x101ff       1.7933           -8.868  0.002    0   1   0 188   0   0   5    -99    -99  1762  3.006   5319 1  -8.572  0.002    0   1   0 158   0   0  10    -99    -99  1417  3.135   5319 1  
    50507.5999    53461    East         300       0x101ff       1.7280           -8.940  0.001    0   1   0 238   0   0   5    -99    -99  3786  2.353   5319 1  -8.747  0.002    0   1   0 199   0   0  10    -99    -99  3907  2.365   5319 1  
    50510.7237    53576    East         300       0x101ff       3.0060           -9.025  0.002    0   1   0 167   0   0   5    -99    -99  4164  3.394   5319 1  -8.838  0.002    0   1   0 168   0   0  10    -99    -99  3613  3.654   5319 1  
    50519.6137    53745    East         300       0x101ff       2.0564           -9.023  0.004    0   1  15  93   0   0   5    -99    -99  2376  6.334   5319 1  -8.765  0.005    0   1  22  82   0   0  10    -99    -99  1679  6.600   5319 1  
    50522.4847    53915    East         300       0x101ff       1.3975           -8.997  0.001    0   1   0 176   0   0   5    -99    -99  2701  3.270   5319 1  -8.702  0.002    0   1   0 181   0   0  10    -99    -99  2051  3.231   5319 1  
    50527.4907    54142    East         300       0x101ff       1.4662           -8.918  0.002    0   1   0 156   0   0   5    -99    -99  7244  3.589   5319 1  -8.628  0.002    0   1   0 124   0   0  10    -99    -99  9425  3.509   5319 1  
    50530.4947    54279    East         300       0x101ff       1.5149           -8.863  0.003    0   1   0 147   0   0   5    -99    -99  9873  4.310   5319 1  -8.558  0.003    0   1   0 115   0   0  10    -99    -99 17992  4.308   5319 1  
    50533.5814    54444    East         300       0x101ff       2.1084           -8.794  0.002    0   1   0 181   0   0   5    -99    -99 11884  2.739   5319 1  -8.512  0.003    0   1   0 160   0   0  10    -99    -99 14462  2.794   5319 1  
    50535.5643    54633    East         300       0x101ff       2.0102           -8.764  0.003    0   1   0 157   0   0   5    -99    -99  6303  3.986   5319 1  -8.481  0.003    0   1   0 129   0   0  10    -99    -99  6818  4.026   5319 1  
    50541.4584    54802    East         300       0x101ff       1.4893           -8.810  0.002    0   1   0 157   0   0   5    -99    -99  2998  3.448   5319 1  -8.566  0.002    0   1   0 139   0   0  10    -99    -99  2000  3.358   5319 1  
    50543.5896    54989    East         300       0x101ff       2.4575           -8.868  0.002    0   1   0 154   0   0   5    -99    -99  1935  3.638   5319 1  -8.643  0.002    0   1   0 156   0   0  10    -99    -99  1662  3.834   5319 1  
    50547.4397    55313    East         300       0x101ff       1.4799           -8.966  0.002    0   1   0 203   0   0   5    -99    -99  2184  3.358   5319 1  -8.740  0.002    0   1   0 198   0   0  10    -99    -99  1943  3.378   5319 1  
    50551.5036    55527    East         300       0x101ff       1.8821           -9.049  0.002    0   1   0 225   0   0   5    -99    -99  2740  3.498   5319 1  -8.826  0.002    0   1   0 196   0   0  10    -99    -99  1856  3.269   5319 1  
    50553.6029    55695    East         300       0x101ff       2.9604           -9.088  0.002    0   1   0 211   0   0   5    -99    -99  2472  3.890   5319 1  -8.873  0.002    0   1   0 194   0   0  10    -99    -99  2072  4.136   5319 1  
    50557.5839    55898    East         300       0x101bf       2.8519           -9.096  0.004    0   1   0 112   0   0   5    -99    -99 15194  4.303   5319 1  -8.829  0.006    0   1   0 108   0   0  10    -99    -99 18479  4.539   5319 1  
    50565.4812    56155    East         300       0x000bf       2.0007           -8.947  0.002    0   1   0 170   0   0   5    -99    -99  4216  3.209   5319 1  -8.671  0.002    0   1   0 156   0   0  10    -99    -99  3234  3.293   5319 1  
    50569.5023    56536    East         300       0x101ff       2.2869           -8.840  0.002    0   1   0 172   0   0   5    -99    -99  2825  3.139   5319 1  -8.571  0.002    0   1   0 147   0   0  10    -99    -99  1939  3.339   5319 1  
    50577.3833    56967    East         300       0x101ff       1.5913           -8.778  0.002    0   1   0 139   0   0   5    -99    -99  2569  3.992   5319 1  -8.537  0.002    0   1   0 123   0   0  10    -99    -99  1762  4.049   5319 1  
    50580.4489    57210    East         300       0x101ff       2.0723           -8.834  0.002    0   1   0 162   0   0   5    -99    -99  2671  3.143   5319 1  -8.583  0.002    0   1   0 158   0   0  10    -99    -99  2226  3.336   5319 1  
    50593.3753    57471    East         300       0x101ff       1.7904           -8.996  0.002    0   1   0 132   0   0   5    -99    -99  2777  4.668   5319 1  -8.695  0.002    0   1   0 113   0   0  10    -99    -99  1566  4.713   5319 1  
    50600.4008    57954    East         300       0x101ff       2.1289           -8.983  0.002    0   1   0 179   0   0   5    -99    -99  4334  2.886   5319 1  -8.690  0.002    0   1   0 177   0   0  10    -99    -99  2089  2.939   5319 1  
    50607.3633    58509    East         300       0x101ff       1.9752           -8.899  0.002    0   1 255 198 239   0   5    -99    -99  3143  2.044   5319 1  -8.717  0.002    0   1   0 197   0   0  10    -99    -99  1777  2.120   5319 1  
    50614.3912    58952    East         300       0x101ff       2.4074           -8.876  0.003    0   1   0 131   0   0   5    -99    -99  5469  5.290   5319 1  -8.704  0.004    0   1   5 105   0   0  10    -99    -99  6633  5.622   5319 1  
    50619.3842    59465    East         300       0x101ff       2.4796           -8.907  0.002    0   1   0 154   0   0   5    -99    -99 16809  3.156   5319 1  -8.684  0.003    0   1   0 143   0   0  10    -99    -99 17234  3.342   5319 1  
    50632.7624    60068    West         300       0x101ff       2.0011           -8.933  0.004    0   1   0 125   0   0   1    -99    -99  4142  5.336   5319 1  -8.580  0.006    0   1   5 111 131   0  14    -99    -99  3989  5.772   5319 1  
    50647.7765    61015    West         300       0x101ff       1.6430           -8.929  0.002    0   1   0 159   0   0   1    -99    -99  7719  3.234   5319 1  -8.762  0.002    0   1   0 158   0   0  14    -99    -99  7856  3.396   5319 1  
    50652.6739    61493    West         300       0x101ff       2.3042           -8.948  0.002    0   1   0 158   0   0   1    -99    -99  6355  3.075   5319 1  -8.777  0.002    0   1   0 171   0   0  14    -99    -99 10142  3.298   5319 1  
    50657.8304    61762    West         300       0x101ff       1.3338           -8.946  0.002    0   1   0 179   0   0   1    -99    -99  3395  2.497   5319 1  -8.700  0.002    0   1   0 204   0   0  14    -99    -99  2734  2.741   5319 1  
    50660.7991    62062    West         300       0x101ff       1.4012           -8.910  0.002    0   1   0 138   0   0   1    -99    -99  2925  4.616   5319 1  -8.628  0.003    0   1   0 120   0   0  14    -99    -99  1980  4.790   5319 1  
    50662.8147    62257    West         300       0x101ff       1.3395           -8.899  0.002    0   1   0 171   0   0   1    -99    -99  2003  3.811   5319 1  -8.600  0.002    0   1   0 171   0   0  14    -99    -99  1801  3.710   5319 1  
    50670.6892    62689    West         300       0x101ff       1.7841           -8.888  0.002    0   1   0 140   0   0   1    -99    -99  2897  4.271   5319 1     -99    -99  999 999 999 999 999 999  -1    -99    -99   -99    -99      0 0  
    50674.7955    62928    West         300       0x101ff       1.3054           -8.864  0.002    0   1   0 156   0   0   1    -99    -99  2138  3.746   5319 1     -99    -99  999 999 999 999 999 999  -1    -99    -99   -99    -99      0 0  
    50678.6994    63210    West         300       0x101ff       1.6052           -8.905  0.003    0   1   0 174   0   0   1    -99    -99 11872  4.135   5319 1  -8.641  0.004    0   1   0 170   0   0  14    -99    -99 21829  4.912   5319 1  
    50680.6964    63413    West         300       0x001bf       1.5927           -8.936  0.002    0   1   0 170   0   0   1    -99    -99  6662  2.637   5319 1  -8.722  0.002    0   1   0 180   0   0  14    -99    -99 11235  3.026   5319 1  
    50682.6559    63615    West         300       0x101ff       1.7877           -8.962  0.003    0   1   0 125   0   0   1    -99    -99  5644  5.300   5319 1     -99    -99  999 999 999 999 999 999  -1    -99    -99   -99    -99      0 0  
    50686.7253    63794    West         300       0x0013f       1.4102           -8.991  0.002    0   1   0 130   0   0   1    -99    -99  2489  4.840   5319 1  -8.879  0.003    0   1   0 147   0   0  14    -99    -99  2176  4.939   5319 1  
    50689.7617    64028    West         300       0x101ff       1.2894           -8.956  0.001    0   1   0 182   0   0   1    -99    -99  2321  2.595   5319 1  -8.786  0.002    0   1   0 197   0   0  14    -99    -99  1935  2.609   5319 1  
    50701.7551    64221    West         300       0x101ff       1.2410           -8.845  0.002    0   1   0 179   0   0   1    -99    -99  2364  2.677   5319 1  -8.514  0.002    0   1   0 171   0   0  14    -99    -99  1866  2.944   5319 1  
    50704.7391    64352    West         300       0x101ff       1.2538           -8.815  0.002    0   1   0 177   0   0   1    -99    -99  3947  2.067   5319 1  -8.468  0.002    0   1   0 166   0   0  14    -99    -99  3361  1.962   5319 1  
    50715.6516    64542    West         300       0x101ff       1.3925           -8.848  0.002    0   1   0 165   0   0   1    -99    -99  2069  3.792   5319 1  -8.590  0.002    0   1   0 138   0   0  14    -99    -99  1771  4.020   5319 1  
    50718.5494    64663    West         300       0x101ff       1.8414           -8.878  0.003    0   1   0 134   0   0   1    -99    -99  3998  3.909   5319 1  -8.653  0.004    0   1   0 135   0   0  14    -99    -99  3300  4.378   5319 1  
    50719.6918    64758    West         300       0x101ff       1.2652           -8.881  0.002    0   1   0 154   0   0   1    -99    -99  1867  3.486   5319 1  -8.679  0.002    0   1   0 169   0   0  14    -99    -99  1860  3.526   5319 1  
    50721.6011    64904    West         300       0x101ff       1.5179           -8.966  0.002    0   1 255 176 219   0   1    -99    -99  2009  2.099   5319 1  -8.817  0.002    0   1   0 217   0   0  14    -99    -99  2162  2.226   5319 1  
    50722.7435    65002    West         300       0x101ff       1.1892           -9.034  0.002    0   1   0 153   0   0   1    -99    -99  3367  2.644   5319 1  -8.916  0.002    0   1   0 174   0   0  14    -99    -99  3215  2.726   5319 1  
    50725.5443    65139    West         300       0x101ff       1.7522           -9.073  0.002    0   1   0 133   0   0   1    -99    -99  3690  3.386   5319 1  -8.966  0.003    0   1   0 169   0   0  14    -99    -99  3299  3.620   5319 1  
    50730.6246    65296    West         300       0x101ff       1.3512           -8.917  0.002    0   1 255 205 230   0   1    -99    -99  2080  1.762   5319 1  -8.697  0.002    0   1 255 212 221   0  14    -99    -99  2226  1.824   5319 1  
    50731.7438    65376    West         300       0x101ff       1.1772           -8.913  0.002    0   1   0 124   0   0   1    -99    -99  1508  4.583   5319 1  -8.668  0.003    0   1   0 117   0   0  14    -99    -99  1480  4.802   5319 1  
    50733.6075    65489    West         300       0x101ff       1.3771           -8.884  0.002    0   1   0 145   0   0   1    -99    -99  4322  3.649   5319 1  -8.614  0.003    0   1   0 125   0   0  14    -99    -99  6583  3.610   5319 1  
    50734.6993    65574    West         300       0x101ff       1.1984           -8.872  0.002    0   1   0 148   0   0   1    -99    -99  4427  4.221   5319 1  -8.589  0.003    0   1   0 128   0   0  14    -99    -99  6788  4.581   5319 1  
    50736.5747    65692    West         300       0x101ff       1.4601           -8.858  0.002    0   1   0 151   0   0   1    -99    -99 13332  2.878   5319 1  -8.566  0.003    0   1   0 137   0   0  14    -99    -99 20233  2.909   5319 1  
    50737.6454    65780    West         300       0x101ff       1.2603           -8.859  0.003    0   1   0 115   0   0   1    -99    -99 10063  4.439   5319 1  -8.534  0.005    0   1   0 106   0   0  14    -99    -99 14921  4.668   5319 1  
    50740.7078    65906    West         300       0x1017f       1.1813           -8.825  0.002    0   1   0 162   0   0   1    -99    -99  4750  2.833   5319 1  -8.492  0.002    0   1   0 153   0   0  14    -99    -99  4480  2.974   5319 1  
    50743.5206    66039    West         300       0x101fb       1.6118           -8.822  0.002    0   1   0 161   0   0   1    -99    -99  2767  3.259   5319 1  -8.487  0.003    0   1   0 168   0   0  14    -99    -99  2685  3.611   5319 1  
    50744.7149    66148    West         300       0x101ff       1.1758           -8.815  0.002    0   1   0 183   0   0   1    -99    -99  2412  2.801   5319 1  -8.479  0.002    0   1   0 189   0   0  14    -99    -99  2183  2.843   5319 1  
    50746.6012    66261    West         300       0x100ff       1.3005           -8.792  0.002    0   1   0 203   0   0   1    -99    -99  2068  2.680   5319 1  -8.470  0.002    0   1   0 197  89   0  14    -99    -99  2179  2.440   5319 1  
    50748.5895    66340    West         300       0x101ff       1.3151           -8.785  0.003    0   1   0 138   0   0   1    -99    -99  3431  4.374   5319 1  -8.466  0.004    0   1   0 115   0   0  14    -99    -99  3466  4.529   5319 1  
    50767.5494    66465    West         300       0x101bf       1.2883           -8.970  0.004   31   1   0 253   0   0   1    -99    -99 11112  2.515   5319 1  -8.680  0.004   35   1   0 253   0   0  14    -99    -99 11311  2.569   5319 1  
    50769.6902    66577    West         300       0x101bf       1.1860           -8.901  0.002    0   1   0 167   0   0   1    -99    -99  6234  3.205   5319 1  -8.622  0.002    0   1   0 164   0   0  14    -99    -99  5354  3.415   5319 1  
    50771.6945    66680    West         300       0x101bb       1.1926           -8.888  0.001    0   1   0 205   0   0   1    -99    -99  3362  2.949   5319 1  -8.577  0.002    0   1   0 185   0   0  14    -99    -99  3525  2.821   5319 1  
    50776.4900    66795    West         300       0x101bb       1.3774           -8.834  0.002    0   1   0 234   0   0   1    -99    -99  2309  3.682   5319 1  -8.488  0.002    0   1   0 230 136   0  14    -99    -99  2430  3.636   5319 1  
    50779.6839    66920    West         300       0x101bf       1.2028           -8.783  0.002    0   1   0 201   0   0   1    -99    -99  2265  2.741   5319 1  -8.423  0.002    0   1   0 197   0   0  14    -99    -99  1880  2.794   5319 1  
    50785.6701    67021    West         300       0x101ff       1.2054           -8.757  0.002    0   1   0 174   0   0   1    -99    -99  2383  3.809   5319 1  -8.464  0.003    0   1   0 161   0   0  14    -99    -99  1931  4.179   5319 1  
    50796.5403    67138    West         300       0x101ff       1.1899           -9.041  0.002    0   1 255 166 233   0   1    -99    -99 12440  2.459   5319 1  -8.914  0.002    0   1 255 164 235   0  14    -99    -99 11564  2.400   5319 1  
    50797.7286    67236    East         300       0x1017f       1.3904           -9.086  0.001    0   1   0 253   0   0   5    -99    -99 10097  2.680   5319 1  -8.998  0.002    0   1 255 173 226   0  10    -99    -99 10563  2.704   5319 1  
    50803.6671    67363    West         300       0x101fb       1.2750           -8.992  0.002    0   1   0 169   0   0   1    -99    -99  2518  4.610   5319 1  -8.752  0.002    0   1   0 187   0   0  14    -99    -99  2623  4.689   5319 1  
    50805.7027    67476    East         300       0x101ff       1.3776           -8.952  0.001    0   1   0 204   0   0   5    -99    -99  2827  2.580   5319 1  -8.691  0.001    0   1   0 165   0   0  10    -99    -99  2080  2.357   5319 1  
    50811.7145    67589    East         300       0x101ff       1.4748           -8.862  0.002    0   1   0 168   0   0   5    -99    -99  1972  2.890   5319 1  -8.529  0.002    0   1   0 171   0   0  10    -99    -99  1653  2.855   5319 1  
    50814.6962    67704    East         300       0x105ff       1.4375           -8.799  0.002    0   1   0 226   0   0   5    -99    -99  2103  3.038   5319 1  -8.454  0.002    0   1   0 218   0   0  10    -99    -99  1689  2.663   5319 1  
    50825.6980    67810    East         300       0x105ff       1.5675              -99    -99  999 999 999 999 999 999  -1    -99    -99   -99    -99      0 0  -8.557  0.002    0   1   0 189   0   0  10    -99    -99 20017  2.681   5319 1  
    50832.5369    67900    East         300       0x105ff       1.2005           -9.029  0.001    0   1   0 253   0   0   5    -99    -99  1654  2.156   5319 1  -8.979  0.002    0   1 255 202 242   0  10    -99    -99  1503  1.935   5319 1  
    50839.6738    68114    East         300       0x105ff       1.6362           -9.052  0.001    0   1   0 174   0   0   5    -99    -99  1408  3.201   5319 1  -8.841  0.001    0   1   0 142   0   0  10    -99    -99  1301  3.313   5319 1  
    50842.4794    68236    East         300       0x105ff       1.1794           -9.000  0.001    0   1   0 199   0   0   5    -99    -99  2035  2.902   5319 1  -8.737  0.001    0   1   0 213   0   0  10    -99    -99  1674  2.747   5319 1  
    50845.5529    68352    East         300       0x105ff       1.2766           -8.863  0.001    0   1   0 253   0   0   5    -99    -99  2273  1.974   5319 1  -8.635  0.002    0   1 255 221 221   0  10    -99    -99  1771  1.911   5319 1  
    50850.6770    68469    East         300       0x104ff       1.8334           -8.762  0.002    0   1   0 193   0   0   5    -99    -99  2292  2.691   5319 1  -8.399  0.002    0   1   0 170   0   0  10    -99    -99  1676  2.663   5319 1  
    50859.4864    68567    East         300       0x105ff       1.2281           -8.613  0.003    0   1   0 125   0   0   5    -99    -99  3670  5.074   5319 1  -8.271  0.004    0   1   0 111   0   0  10    -99    -99  3860  5.303   5319 1  
    50861.6547    68678    East         300       0x105ff       1.8871           -8.680  0.002    0   1   0 174   0   0   5    -99    -99  3479  3.173   5319 1  -8.379  0.002    0   1   0 150   0   0  10    -99    -99  4238  3.197   5319 1  
    50863.5695    68798    East         300       0x1057f       1.4639           -8.804  0.002    0   1   0 177   0   0   5    -99    -99  2322  4.407   5319 1  -8.568  0.003    0   1   0 163   0   0  10    -99    -99  1760  4.666   5319 1  
    50865.5960    68921    East         300       0x105ff       1.6028           -8.895  0.001    0   1   0 185   0   0   5    -99    -99  1912  2.797   5319 1  -8.711  0.001    0   1   0 189   0   0  10    -99    -99  1474  2.814   5319 1  
    50867.6016    69030    East         300       0x105ff       1.6598           -9.001  0.002    0   1   0 201   0   0   5    -99    -99  2504  3.716   5319 1  -8.846  0.002    0   1   0 179   0   0  10    -99    -99  1961  3.722   5319 1  
    50869.6400    69164    East         300       0x105ff       1.9395           -9.119  0.004    0   1   0 136   0   0   5    -99    -99  2670  2.845   5319 1  -8.990  0.004    0   1   0 112   0   0  10    -99    -99  2324  2.903   5319 1  
    50874.6635    69333    East         300       0x105ff       2.2587           -9.142  0.004    0   1  28 133   0   0   5    -99    -99  2313  4.801   5319 1  -8.934  0.004    0   1  45 127   0   0  10    -99    -99  1894  5.211   5319 1  
    50879.4854    69489    East         300       0x105fb       1.3355           -9.058  0.002    0   1   0 151   0   0   5    -99    -99  3807  4.350   5319 1  -8.779  0.002    0   1   0 232   0   0  10    -99    -99  3753  4.425   5319 1  
    50881.5243    69596    East         300       0x105ff       1.4795           -9.011  0.002    0   1   0 172   0   0   5    -99    -99  5231  3.897   5319 1  -8.680  0.002    0   1   0 236  32   1  10    -99    -99  6900  4.014   5319 1  
    50883.6294    69784    East         300       0x105ff       2.1693           -8.953  0.002    0   1   0 180   0   0   5    -99    -99  9109  3.504   5319 1  -8.643  0.003    0   1   0 160   0   0  10    -99    -99 16806  3.890   5319 1  
    50888.6547    69983    East         300       0x105ff       2.5751           -8.785  0.002    0   1   0 183   0   0   5    -99    -99 10062  3.652   5319 1  -8.450  0.003    0   1   0 141   0   0  10    -99    -99 12238  3.841   5319 1  
    50908.6222    70119    East         300       0x001bf       2.8495           -9.112  0.002    0   1   0 192   0   0   5    -99    -99  3621  3.450   5319 1  -8.918  0.002    0   1   0 196   0   0  10    -99    -99  2645  3.676   5319 1  
    50916.5603    70453    East         300       0x105ff       2.3772           -9.067  0.008    0   1  31 127   0   0   5    -99    -99 13386  7.522   5319 1     -99    -99  999 999 999 999 999 999  -1    -99    -99   -99    -99      0 0  
    50921.5356    70739    East         300       0x105ff       2.2648           -9.000  0.002    0   1   0 186   0   0   5    -99    -99  4700  3.191   5319 1  -8.702  0.002    0   1   0 181   0   0  10    -99    -99  3253  3.505   5319 1  
    50933.5184    70995    East         300       0x105ff       2.4249           -8.629  0.003    0   1   0 132   0   0   5    -99    -99  3824  4.994   5319 1  -8.341  0.004    0   1   3 122   0   0  10    -99    -99  2432  5.255   5319 1  
    50942.4694    71237    East         300       0x001bf       2.1824           -9.101  0.003    0   1   0 118   0   0   5    -99    -99 10396  3.903   5319 1  -8.932  0.003    0   1   2 139   0   0  10    -99    -99 14297  4.043   5319 1  
    50954.4573    71681    East         300       0x105ff       2.3871           -9.080  0.003    0   1  12 134   0   0   5    -99    -99  3314  5.471   5319 1  -8.802  0.003    0   1  17 124   0   0  10    -99    -99  2241  5.594   5319 1  
    50968.3955    72327    East         300       0x105ff       2.1562           -8.773  0.002    0   1   0 179   0   0   5    -99    -99  5160  3.024   5319 1  -8.538  0.003    0   1   0 138   0   0  10    -99    -99  6776  3.183   5319 1  
    50968.8321    72418    West         300       0x1057f       2.0776              -99    -99  999 999 999 999 999 999  -1    -99    -99   -99    -99      0 0  -8.557  0.003    0   1   0 118   0   0  14    -99    -99  3525  5.020   5319 1  
    50980.8222    73058    West         300       0x000bf       1.8979              -99    -99  999 999 999 999 999 999  -1    -99    -99   -99    -99      0 0  -8.822  0.006    0   1  35  85   0   0  14    -99    -99  4765  7.288   5319 1  
    50991.3617    73460    East         300       0x105ff       2.4462           -9.017  0.002    0   1   0 154   0   0   5    -99    -99  3852  3.941   5319 1  -8.717  0.003    0   1   0 118   0   0  10    -99    -99  2473  4.275   5319 1  
    50995.8120    73779    West         300       0x105ff       1.7011              -99    -99  999 999 999 999 999 999  -1    -99    -99   -99    -99      0 0  -8.616  0.003    0   1   0 137   0   0  14    -99    -99  2053  4.537   5319 1  
    51004.7436    74302    West         300       0x105ff       1.9965              -99    -99  999 999 999 999 999 999  -1    -99    -99   -99    -99      0 0  -8.611  0.003    0   1   0 137   0   0  14    -99    -99 14822  3.737   5319 1  
    51016.8191    74831    West         300       0x105ff       1.4150              -99    -99  999 999 999 999 999 999  -1    -99    -99   -99    -99      0 0  -8.745  0.002    0   1   0 215   0   0  14    -99    -99  1555  2.587   5319 1  
    51028.7499    75214    West         300       0x105ff       1.5577              -99    -99  999 999 999 999 999 999  -1    -99    -99   -99    -99      0 0  -8.643  0.003    0   1   0 143   0   0  14    -99    -99  2032  4.989   5319 1  
    51034.6699    75358    West         300       0x105ff       1.9325              -99    -99  999 999 999 999 999 999  -1    -99    -99   -99    -99      0 0  -8.539  0.003    0   1   0 169   0   0  14    -99    -99 15395  2.739   5319 1  
    51049.6973    75731    West         300       0x105ff       1.5364              -99    -99  999 999 999 999 999 999  -1    -99    -99   -99    -99      0 0  -8.731  0.002    0   1   0 183   0   0  14    -99    -99  2111  3.528   5319 1  
    51054.7680    76075    West         300       0x105ff       1.2754              -99    -99  999 999 999 999 999 999  -1    -99    -99   -99    -99      0 0  -8.637  0.002    0   1   0 221   0   0  14    -99    -99  1897  2.900   5319 1  
    51057.7113    76277    West         300       0x105ff       1.4006              -99    -99  999 999 999 999 999 999  -1    -99    -99   -99    -99      0 0  -8.642  0.003    0   1   0 115   0   0  14    -99    -99  2294  4.987   5319 1  
    51062.6706    76476    West         300       0x105ff       1.4988              -99    -99  999 999 999 999 999 999  -1    -99    -99   -99    -99      0 0  -8.656  0.003    0   1   0 155   0   0  14    -99    -99 22825  2.851   5319 1  
    51072.7615    76679    West         300       0x105ff       1.2093              -99    -99  999 999 999 999 999 999  -1    -99    -99   -99    -99      0 0  -8.611  0.002    0   1   0 197   0   0  14    -99    -99  1819  3.163   5319 1  
    51082.6856    76883    West         300       0x105ff       1.2874              -99    -99  999 999 999 999 999 999  -1    -99    -99   -99    -99      0 0  -8.863  0.002    0   1   0 194   0   0  14    -99    -99  1976  2.870   5319 1  
    51084.7589    77017    West         300       0x105ff       1.1841              -99    -99  999 999 999 999 999 999  -1    -99    -99   -99    -99      0 0  -8.778  0.002    0   1   0 174   0   0  14    -99    -99  1765  3.918   5319 1  
    51086.6555    77129    West         300       0x105ff       1.3327              -99    -99  999 999 999 999 999 999  -1    -99    -99   -99    -99      0 0  -8.726  0.002    0   1   0 155   0   0  14    -99    -99  3152  4.128   5319 1  
    51089.5881    77274    West         300       0x105ff       1.5354              -99    -99  999 999 999 999 999 999  -1    -99    -99   -99    -99      0 0  -8.630  0.004    0   1   0 121   0   0  14    -99    -99 10796  4.570   5319 1  
    51099.5014    77410    West         300       0x105ff       1.8671              -99    -99  999 999 999 999 999 999  -1    -99    -99   -99    -99      0 0     -99    -99  999 999 999 999 999 999  -1    -99    -99   -99    -99      0 0  
    51100.7150    77522    West         300       0x1057f       1.1842              -99    -99  999 999 999 999 999 999  -1    -99    -99   -99    -99      0 0  -8.472  0.002    0   1   0 153   0   0  14    -99    -99  1722  3.514   5319 1  
    51102.7123    77646    West         300       0x105ff       1.1828              -99    -99  999 999 999 999 999 999  -1    -99    -99   -99    -99      0 0  -8.435  0.003    0   1   0 152   0   0  14    -99    -99  2058  3.314   5319 1  
    51106.7183    77742    West         300       0x000ff       1.1765              -99    -99  999 999 999 999 999 999  -1    -99    -99   -99    -99      0 0  -8.438  0.002    0   1   0 175   0   0  14    -99    -99  1657  3.231   5319 1  
    51109.7099    77862    West         300       0x105ff       1.1766              -99    -99  999 999 999 999 999 999  -1    -99    -99   -99    -99      0 0  -8.509  0.002    0   1   0 192   0   0  14    -99    -99  1505  2.372   5319 1  
    51111.7638    77998    West         300       0x105ff       1.1904              -99    -99  999 999 999 999 999 999  -1    -99    -99   -99    -99      0 0  -8.581  0.004    0   1   0 117   0   0  14    -99    -99 19909  4.054   5319 1  
    51114.5296    78115    West         300       0x105ff       1.4947              -99    -99  999 999 999 999 999 999  -1    -99    -99   -99    -99      0 0  -8.731  0.003    0   1   0 147   0   0  14    -99    -99  5780  2.677   5319 1  
    51119.6101    78246    West         300       0x105ff       1.2401              -99    -99  999 999 999 999 999 999  -1    -99    -99   -99    -99      0 0  -8.920  0.002    0   1   0 181   0   0  14    -99    -99 10247  2.418   5319 1  
    51127.5481    78380    West         300       0x105ff       1.3210              -99    -99  999 999 999 999 999 999  -1    -99    -99   -99    -99      0 0  -8.704  0.008    0   1   0 104   0   0  14    -99    -99  3062  2.950   5319 1  
    51136.5094    78483    West         300       0x105ff       1.3584              -99    -99  999 999 999 999 999 999  -1    -99    -99   -99    -99      0 0  -8.519  0.002    0   1   0 172   0   0  14    -99    -99  1871  2.918   5319 1  
    51140.5839    78587    West         300       0x105ff       1.2009              -99    -99  999 999 999 999 999 999  -1    -99    -99   -99    -99      0 0  -8.534  0.005    0   3   0 100 206   0  14    -99    -99  2933  3.009   5319 1  
    51146.6618    78699    West         300       0x105ff       1.1894              -99    -99  999 999 999 999 999 999  -1    -99    -99   -99    -99      0 0  -8.601  0.002    0   1   0 178   0   0  14    -99    -99  2702  2.533   5319 1  
    51150.7310    78813    West         300       0x000bf       1.3018              -99    -99  999 999 999 999 999 999  -1    -99    -99   -99    -99      0 0  -8.716  0.003    0   1   0 122   0   0  14    -99    -99 12643  4.049   5319 1  
    51158.6201    78975    West         300       0x105ff       1.1838              -99    -99  999 999 999 999 999 999  -1    -99    -99   -99    -99      0 0  -8.770  0.002    0   1   0 182   0   0  14    -99    -99  1595  3.025   5319 1  
    51170.6307    79109    East         300       0x105ff       1.2244           -8.832  0.002    0   1   0 226   0   0   5    -99    -99  1877  2.854   5319 1  -8.499  0.002    0   1   0 199   0   0  10    -99    -99  1572  2.580   5319 1  
    51172.6532    79214    East         300       0x105ff       1.2706           -8.802  0.002    0   1   0 174   0   0   5    -99    -99  1886  2.812   5319 1  -8.459  0.002    0   1   0 154   0   0  10    -99    -99  1255  2.753   5319 1  
    51179.7102    79329    East         300       0x105ff       1.4932           -8.835  0.002    0   1   0 153   0   0   5    -99    -99 11676  2.539   5319 1  -8.554  0.002    0   1   0 134   0   0  10    -99    -99 11799  2.432   5319 1  
    51181.6491    79419    East         300       0x105ff       1.3154           -8.872  0.002    0   1   0 161   0   0   5    -99    -99  9045  2.420   5319 1  -8.645  0.002    0   1   0 210   6   0  10    -99    -99 10492  2.420   5319 1  
    51181.6845    79427    East         300       0x105ff       1.4178           -8.878  0.002    0   1   0 165   0   0   5    -99    -99  8310  2.483   5319 1  -8.663  0.002    0   1   0 159   0   0  10    -99    -99 10487  2.504   5319 1  
    51184.4658    79532    West         300       0x105ff       1.1990              -99    -99  999 999 999 999 999 999  -1    -99    -99   -99    -99      0 0  -8.768  0.002    0   1   0 189   0   0  14    -99    -99  2214  3.170   5319 1  
    51189.6238    79658    East         300       0x105ff       1.3073           -8.994  0.023  -20   1   0  94   0   0   5    -99    -99  6105  2.723   5319 1  -8.874  0.023  -27   1   0  97   0   0  10    -99    -99  5496  2.545   5319 1  
    51195.5304    79756    East         300       0x105ff       1.1905           -8.952  0.001    0   1   0 246   0   0   5    -99    -99  2187  2.033   5319 1  -8.739  0.002    0   1   0 211   0   0  10    -99    -99  1654  1.954   5319 1  
    51206.6558    79850    East         300       0x105ff       1.5775           -8.819  0.002    0   1   0 185   0   0   5    -99    -99  4537  3.012   5319 1  -8.482  0.002    0   1   0 121   0   0  10    -99    -99  3819  2.871   5319 1  
    51221.4951    79993    East         300       0x105ff       1.2297           -8.958  0.001    0   1   0 236   0   0   5    -99    -99  2098  2.606   5319 1  -8.815  0.002    0   1 255 210 212   0  10    -99    -99  1655  2.275   5319 1  
    51225.4977    80096    East         300       0x105ff       1.2511           -9.062  0.001    0   1   0 253   0   0   5    -99    -99  1983  2.849   5319 1  -8.951  0.002    0   1 255 243 230   0  10    -99    -99  1650  2.503   5319 1  
    51228.5430    80226    East         300       0x105ff       1.3760           -9.040  0.001    0   1   0 228   0   0   5    -99    -99  2168  3.541   5319 1  -8.874  0.001    0   1   0 205   0   0  10    -99    -99  1739  3.275   5319 1  
    51240.5117    80433    East         300       0x105ff       1.3809           -8.828  0.002    0   1   0 253   0   0   5    -99    -99  7090  2.801   5319 1  -8.503  0.002    0   1   0 212   0   0  10    -99    -99 14039  2.500   5319 1  
    51242.6124    80594    East         300       0x105ff       1.9031           -8.780  0.004    0   1   5 142   0   0   5    -99    -99  7762  5.658   5319 1  -8.445  0.005    0   1   3 118   0   0  10    -99    -99 10111  5.765   5319 1  
    51247.4969    80762    East         300       0x105ff       1.3941           -8.721  0.002    0   1   0 190   0   0   5    -99    -99  2159  3.286   5319 1  -8.383  0.002    0   1   0 171   0   0  10    -99    -99  1667  3.153   5319 1  
    51250.4279    80887    East         300       0x105ff       1.2486           -8.716  0.004    0   1   0 130   0   0   5    -99    -99  7985  3.811   5319 1  -8.411  0.004    0   1   0 112   0   0  10    -99    -99  6512  3.641   5319 1  
    51254.5119    81112    East         300       0x105ff       1.5201           -8.724  0.003    0   1   0 149   0   0   5    -99    -99  2145  2.911   5319 1  -8.450  0.004    0   1   0 130   0   0  10    -99    -99  1645  2.811   5319 1  
    51262.5548    81294    East         300       0x105ff       1.8820           -9.126  0.002    0   1   0 157   0   0   5    -99    -99  3419  4.045   5319 1  -8.987  0.002    0   1   0 127   0   0  10    -99    -99  3311  4.043   5319 1  
    51262.5651    81296    East         300       0x105ff       1.9574           -9.125  0.002    0   1   0 169   0   0   5    -99    -99  2724  4.045   5319 1  -8.984  0.002    0   1   0 170   0   0  10    -99    -99  2679  4.084   5319 1  
    51277.5911    81556    East         300       0x101bf       2.6062           -8.856  0.002    0   1   0 183   0   0   5    -99    -99  3244  3.443   5319 1  -8.526  0.002    0   1   0 153   0   0  10    -99    -99  2773  3.725   5319 1  
    51279.5794    81750    East         300       0x101bf       2.5344           -8.798  0.002    0   1   0 213   0   0   5    -99    -99  3029  2.913   5319 1  -8.471  0.002    0   1   0 191   0   0  10    -99    -99  2243  3.071   5319 1  
    51285.5234    82154    East         300       0x105ff       2.1322           -8.666  0.002    0   1   0 195   0   0   5    -99    -99  2083  4.207   5319 1  -8.346  0.003    0   1   0 171   0   0  10    -99    -99  2012  4.153   5319 1  
    51286.5306    82233    East         300       0x105ff       2.2236           -8.669  0.002    0   1   0 166   0   0   5    -99    -99  2639  3.440   5319 1  -8.342  0.002    0   1   0 138   0   0  10    -99    -99  2028  3.560   5319 1  
    51289.4145    82490    East         300       0x105ff       1.5132           -8.739  0.004    0   1  12  97   0   0   5    -99    -99  2833  6.029   5319 1  -8.431  0.004    0   1  15  81   0   0  10    -99    -99  2473  6.185   5319 1  
    51292.4122    82821    East         300       0x105ff       1.5385           -8.849  0.002    0   1   0 185   0   0   5    -99    -99  4414  3.042   5319 1  -8.615  0.002    0   1   0 169   0   0  10    -99    -99  4699  3.047   5319 1  
    51299.4318    83200    East         300       0x105ff       1.7390           -9.096  0.002    0   1   0 205   0   0   5    -99    -99 10746  3.000   5319 1  -8.914  0.002    0   1   0 193   0   0  10    -99    -99 12479  3.019   5319 1  
    51302.3903    83510    East         300       0x105ff       1.5633           -9.114  0.001    0   1   0 213   1   1   5    -99    -99  3412  2.935   5319 1  -8.916  0.001    0   1   0 195   0   0  10    -99    -99  2344  2.906   5319 1  
    51305.3927    83832    East         300       0x105ff       1.6142           -9.111  0.043    0   1   0  88   0   0   5    -99    -99  8819  3.670   5319 1  -8.841  0.042    0   1   0  93   0   0  10    -99    -99  6074  3.840   5319 1  
    51308.3951    83981    East         300       0x105ff       1.6700           -9.065  0.001    0   1   0 185   0   0   5    -99    -99  2882  2.938   5319 1  -8.796  0.001    0   1   0 186   0   0  10    -99    -99  2058  2.890   5319 1  
    51313.3616    84304    East         300       0x105ff       1.5691           -8.976  0.003    0   1   0 128   0   0   5    -99    -99  3877  5.336   5319 1  -8.688  0.003    0   1   0 107   0   0  10    -99    -99  1867  5.569   5319 1  
    51317.3963    84761    East         300       0x105ff       1.8253           -8.861  0.002    0   1   0 164   0   0   5    -99    -99  4618  2.611   5319 1  -8.562  0.002    0   1   0 170   0   0  10    -99    -99  2879  2.624   5319 1  
    51326.3703    85234    East         300       0x105ff       1.8165           -8.774  0.002    0   1   0 160   0   0   5    -99    -99  8702  2.518   5319 1  -8.536  0.002    0   1   0 174   0   0  10    -99    -99 10151  2.522   5319 1  
    51339.3655    85740    East         300       0x105ff       2.0437           -9.076  0.002    0   1   0 146   0   0   5    -99    -99  3238  4.801   5319 1  -8.850  0.002    0   1   0 145   0   0  10    -99    -99  2132  4.995   5319 1  
    51352.3631    86645    East         300       0x105ff       2.3508           -8.922  0.002    0   1   0 162   0   0   5    -99    -99  7202  3.539   5319 1  -8.668  0.002    0   1   0 154   0   0  10    -99    -99  7754  3.715   5319 1  
    51364.3643    87549    East         300       0x105ff       2.7417           -8.907  0.006    0   1  32  82   0   0   5    -99    -99  4264  7.348   5319 1  -8.729  0.008    0   1  46  76   0   0  10    -99    -99  2623  7.870   5319 1  
    51382.7988    88284    West         300       0x105ff       1.4768           -8.931  0.002    0   1   0 172   0   0   1    -99    -99  2727  3.897   5319 1  -8.627  0.002    0   1   0 178   0   0  14    -99    -99  2575  3.923   5319 1  
    51395.7140    89368    West         300       0x105ff       1.7121           -8.741  0.002    0   1   0 156   0   0   1    -99    -99  4407  3.336   5319 1  -8.439  0.002    0   1   0 149   0   0  14    -99    -99  3242  3.502   5319 1  
    51404.7835    89830    West         300       0x105ff       1.3328           -9.081  0.002    0   1   0 156   0   0   1    -99    -99  2273  4.146   5319 1  -8.927  0.002    0   1   0 176   0   0  14    -99    -99  1956  4.128   5319 1  
    51407.8101    90137    West         300       0x105ff       1.2573           -9.108  0.002    0   1   0 173   0   0   1    -99    -99  2302  4.102   5319 1  -8.926  0.002    0   1   0 194   0   0  14    -99    -99  2070  4.192   5319 1  
    51411.6622    90451    West         300       0x105ff       1.7604           -9.061  0.002    0   1   0 146   0   0   1    -99    -99  5341  4.636   5319 1  -8.832  0.002    0   1   0 160   0   0  14    -99    -99  4481  4.735   5319 1  
    51421.6512    91170    West         300       0x105ff       1.6661           -8.884  0.002    0   1   0 174   0   0   1    -99    -99  5013  3.156   5319 1  -8.585  0.002    0   1   0 151   0   0  14    -99    -99  5926  3.231   5319 1  
    51424.6760    91355    West         300       0x105ff       1.5089           -8.817  0.002    0   1   0 159   0   0   1    -99    -99  3342  3.420   5319 1  -8.506  0.002    0   1   0 149   0   0  14    -99    -99  3442  3.569   5319 1  
    51431.6929    91628    West         300       0x105ff       1.3803           -8.781  0.003    0   1   0 156   0   0   1    -99    -99  2130  4.798   5319 1  -8.507  0.003    0   1   0 128   0   0  14    -99    -99  2121  4.702   5319 1  
    51434.6803    91948    West         300       0x000bf       1.3938           -8.823  0.002    0   1   0 176   0   0   1    -99    -99  2526  2.745   5319 1  -8.550  0.002    0   1   0 175   0   0  14    -99    -99  2572  2.805   5319 1  
    51439.6378    92122    West         300       0x105ff       1.4980           -9.020  0.002    0   1   0 140   0   0   1    -99    -99  2885  4.778   5319 1  -8.822  0.003    0   1   0 137   0   0  14    -99    -99  2761  5.019   5319 1  
    51440.7401    92224    West         300       0x105ff       1.2254           -9.046  0.001    0   1   0 185   0   0   1    -99    -99  2159  2.673   5319 1  -8.862  0.002    0   1   0 205   0   0  14    -99    -99  2178  2.567   5319 1  
    51449.6562    92458    West         300       0x105ff       1.3444           -8.994  0.002    0   1 255 175 221   0   1    -99    -99  7513  2.089   5319 1  -8.667  0.002    0   1 255 171 222   0  14    -99    -99  8361  2.063   5319 1  
    51458.7245    92623    West         300       0x105ff       1.1904           -8.917  0.002    0   1 255 207 214   0   1    -99    -99  2446  2.280   5319 1  -8.655  0.002    0   1   0 236   0   0  14    -99    -99  2052  2.239   5319 1  
    51462.7642    92727    West         300       0x105ff       1.1759           -8.909  0.002    0   1   0 185   0   0   1    -99    -99  2728  3.380   5319 1  -8.657  0.002    0   1   0 203   0   0  14    -99    -99  2843  3.424   5319 1  
    51466.7609    92837    West         300       0x105ff       1.1776           -8.870  0.002    0   1   0 179   0   0   1    -99    -99  3273  3.548   5319 1  -8.637  0.002    0   1   0 198   0   0  14    -99    -99  3501  3.817   5319 1  
    51470.7471    92966    West         300       0x105ff       1.1769           -8.870  0.002    0   1   0 144   0   0   1    -99    -99  1983  4.341   5319 1  -8.649  0.003    0   1   0 160   0   0  14    -99    -99  1759  4.543   5319 1  
    51472.6022    93081    West         300       0x105ff       1.3216           -8.962  0.002    0   1   0 154   0   0   1    -99    -99  4643  4.453   5319 1  -8.774  0.003    0   1   0 150   0   0  14    -99    -99  8001  4.505   5319 1  
    51472.6332    93088    West         300       0x105ff       1.2560           -8.966  0.002    0   1   0 150   0   0   1    -99    -99  4498  3.986   5319 1  -8.774  0.002    0   1   0 157   0   0  14    -99    -99  7569  4.045   5319 1  
    51477.6804    93180    West         300       0x105ff       1.1853           -9.038  0.002    0   1   0 164   0   0   1    -99    -99  7213  3.511   5319 1  -8.853  0.002    0   1   0 174   0   0  14    -99    -99  8265  3.646   5319 1  
    51479.4989    93266    West         300       0x105ff       1.6332           -9.002  0.002    0   1   0 176   0   0   1    -99    -99  2998  3.343   5319 1  -8.773  0.002    0   1   0 193   0   0  14    -99    -99  2761  3.456   5319 1  
    51482.6756    93365    West         300       0x105ff       1.1806           -8.942  0.007    0   1   0 140  73  37   1    -99    -99  3507  4.832   5319 1  -8.666  0.008    0   1   0 106   0   0  14    -99    -99  2944  4.863   5319 1  
    51488.5255    93464    West         300       0x105ff       1.4176           -8.903  0.002    0   1   0 134   0   0   1    -99    -99  2415  3.986   5319 1  -8.577  0.002    0   1   0 138   0   0  14    -99    -99  2294  4.026   5319 1  
    51491.6077    93578    West         300       0x105ff       1.2166           -8.880  0.003    0   1   0 137   0   0   1    -99    -99  2179  5.275   5319 1  -8.547  0.003    0   1   0 106   0   0  14    -99    -99  2189  5.317   5319 1  
    51493.6004    93672    West         300       0x105ff       1.2189           -8.865  0.002    0   1   0 212   0   0   1    -99    -99  2134  2.456   5319 1  -8.520  0.002    0   1   0 221   0   0  14    -99    -99  2034  2.574   5319 1  
    51495.6129    93778    West         300       0x105ff       1.1992           -8.815  0.014    0   1   6  96   0   0   1    -99    -99  4916  5.893   5319 1  -8.512  0.018    0   1  13  93   0   0  14    -99    -99  4764  6.057   5319 1  
    51505.5600    93868    West         300       0x105ff       1.2290           -8.883  0.002    0   1   0 186   0   0   1    -99    -99 14075  3.032   5319 1  -8.688  0.002    0   1   0 167   0   0  14    -99    -99 14295  2.885   5319 1  
    51510.5719    93981    West         300       0x105ff       1.1992           -9.000  0.002    0   1   0 253   0   0   1    -99    -99  1999  3.132   5319 1  -8.827  0.002    0   1   0 240   0   0  14    -99    -99  2007  2.879   5319 1  
    51512.7116    94062    West         300       0x105ff       1.2533           -9.011  0.001    0   1   0 235   0   0   1    -99    -99  2674  2.491   5319 1  -8.822  0.002    0   1   0 251   0   0  14    -99    -99  2814  2.595   5319 1  
    51514.6056    94169    West         300       0x105ff       1.1759           -9.033  0.001    0   1   0 188   0   0   1    -99    -99  2045  2.936   5319 1  -8.833  0.002    0   1   0 191   0   0  14    -99    -99  1769  2.950   5319 1  
    51515.6787    94248    West         300       0x105ff       1.2167           -9.026  0.002    0   1   0 198   0   0   1    -99    -99  1998  3.083   5319 1  -8.803  0.002    0   1   0 221   0   0  14    -99    -99  1634  3.181   5319 1  
    51530.5437    94476    West         300       0x105ff       1.1810           -8.831  0.008    0   1   0 109   0   0   1    -99    -99 18452  3.360   5319 1  -8.512  0.010    0   1   0 104   0   0  14    -99    -99 14475  3.373   5319 1  
    51532.6929    94555    West         300       0x105ff       1.3303           -8.789  0.003    0   1   0 128   0   0   1    -99    -99  5106  4.824   5319 1  -8.474  0.004    0   1   0 110   0   0  14    -99    -99  4613  4.957   5319 1  
    51542.5675    94665    West         300       0x105ff       1.1837           -8.884  0.002    0   1   0 150   0   0   1    -99    -99  2747  3.399   5319 1  -8.651  0.003    0   1   0 157   0   0  14    -99    -99  2275  3.618   5319 1  
