!  Star 62.7474.1378                       RA  05 26 27.230   DEC  -66 42 58.51
#  386 observations from the production databases
#  Field inception date: 50445.0417
#  Pixel coordinate system: none
#
#  Template         magnitude        chip coordinates        west-chunk
#     Red:            -9.687          472.73,  373.97             44
#    Blue:            -9.418          509.03,  390.54             60
#
!         Date    Obsid    Pier    Exposure     Checklist      Airmass             rMag   rErr  rDS rTF rCP rX2 rMP rCR  rA  rXpix  rYpix  rSky  rFWHM  rTobs r    bMag   bErr  bDS bTF bCP bX2 bMP bCR  bA  bXpix  bYpix  bSky  bFWHM  bTobs b  
    49001.6136     2765    West         300       0x101bf       1.3020           -9.632  0.002    0   1   0 170   0   0   6    -99    -99  4401  3.656  13482 1  -9.447  0.002    0   1   0 175   0   0   8    -99    -99  3360  3.513  13482 1  
    49021.7273     3300    East         300       0x101bf       2.2015           -9.665  0.002    0   1   0 207   0   0   2    -99    -99  2485  4.547  13482 1  -9.400  0.002    0   9   0 214   0   0  12    -99    -99  1710  4.421  13482 1  
    49042.6533     3658    East         300       0x101bf       2.0515           -9.794  0.002    0   1   0 179   0   0   2    -99    -99  2628  3.186  13482 1  -9.640  0.002    0   1   0 189   0   0  12    -99    -99  1840  3.180  13482 1  
    49045.6898     3847    East         300       0x101bf       2.5022           -9.788  0.003    0   1   0 155   0   0   2    -99    -99  2012  5.058  13482 1  -9.629  0.003    0   1   0 153   0   0  12    -99    -99  1741  5.284  13482 1  
    49083.6099     4996    East         300       0x101bf       2.7892           -9.798  0.007    0   1  10  90   0   0  -1    -99    -99   -99    -99      0 1  -9.616  0.010    0   1  19 105   0   0  12    -99    -99 41608  6.380  13482 1  
    49095.5621     5422    East         300       0x101bf       2.6009           -9.591  0.002    0   1   0 191   0   0   2    -99    -99  2558  3.256  13482 1  -9.322  0.002    0   1   0 160   0   0  12    -99    -99  2320  3.044  13482 1  
    49114.4740     6486    East         300       0x101bf       2.2014           -9.800  0.003    0   1   0 109   0   0   2    -99    -99 15217  4.769  13482 1  -9.644  0.003    0   1   0 128   0   0  12    -99    -99 14975  4.985  13482 1  
    49123.4601     6946    East         300       0x101bf       2.3054           -9.934  0.002    0   1   0 189   0   0   2    -99    -99  3676  3.785  13482 1  -9.767  0.002    0   1   0 222   0   0  12    -99    -99  2415  3.981  13482 1  
    49126.4848     7272    East         300       0x101bf       2.6913           -9.872  0.002    0   1   0 236   0   0   2    -99    -99  3631  2.839  13482 1  -9.671  0.002    0   1   0 253   0   0  12    -99    -99  2557  2.923  13482 1  
    49144.4446     8115    East         300       0x101bf       2.8079           -9.442  0.011    0   1  33  74   0   0   2    -99    -99 13565  7.025  13482 1  -9.235  0.015    0   1  40  87   0   0  12    -99    -99 13344  7.364  13482 1  
    49164.7899     9112    West         300       0x100bf       1.9370           -9.869  0.002    0   1   0 152   0   0   6    -99    -99  3312  4.803  13482 1  -9.661  0.003    0   1   0 150 128   0   8    -99    -99  2636  5.057  13482 1  
    49183.8377     9836    West         300       0x101bf       1.4076           -9.610  0.002    0   1   0 155   0   0   6    -99    -99  5090  4.098  13482 1  -9.423  0.002    0   1   0 166   0   0   8    -99    -99  3296  4.345  13482 1  
    49189.7562    10258    West         300       0x101bf       1.7014           -9.699  0.004    0   1   0 113   0   0   6    -99    -99  5033  4.375  13482 1  -9.478  0.005    0   1 255 117 192   0   8    -99    -99  4064  4.685  13482 1  
    49203.7759    10744    West         300       0x101bf       1.4347           -9.723  0.002    0   1   0 118   0   0   6    -99    -99  7212  3.827  13482 1  -9.477  0.003    0   1   0 121   0   0   8    -99    -99 10634  4.107  13482 1  
    49211.7491    11204    West         300       0x101bf       1.4522           -9.612  0.002    0   1   0 170   0   0   6    -99    -99  2474  3.653  13482 1  -9.426  0.002    0   1   0 200   0   0   8    -99    -99  1931  3.906  13482 1  
    49222.6988    11798    West         300       0x101bf       1.5367           -9.659  0.002    0   1   0 157   0   0   6    -99    -99  2473  3.614  13482 1  -9.462  0.002    0   1   0 165   0   0   8    -99    -99  2641  3.835  13482 1  
    49224.7805    11979    West         300       0x101bf       1.2645           -9.711  0.001    0   1   0 232   0   0   6    -99    -99  2182  2.655  13482 1  -9.534  0.002    0   1   0 235   0   0   8    -99    -99  2094  2.757  13482 1  
    49233.7400    12110    West         300       0x101bf       1.2994           -9.782  0.003    0   1   0 110   0   0   6    -99    -99  5815  5.428  13482 1  -9.572  0.004    0   1   9  98   0   0   8    -99    -99  8737  5.813  13482 1  
    49254.7686    12207    West         300       0x101bf       1.1774           -9.587  0.002    0   1   0 223   0   0   6    -99    -99  2296  3.544  13482 1  -9.439  0.002    0   1   0 236   0   0   8    -99    -99  1976  3.614  13482 1  
    49257.7013    12422    West         300       0x101bf       1.2450           -9.555  0.001    0   1   0 196   0   0   6    -99    -99  5103  2.443  13482 1  -9.351  0.002    0   1   0 210   0   0   8    -99    -99  7621  2.535  13482 1  
    49264.7861    12554    West         300       0x101bf       1.1691           -9.661  0.004    0   1   0  98   0   0   6    -99    -99 10285  5.678  13482 1  -9.428  0.005    0   1   7 107   0   0   8    -99    -99 21451  5.968  13482 1  
    49270.7320    12825    West         300       0x101bf       1.1736           -9.737  0.002    0   1   0 124   0   0   6    -99    -99  2502  5.036  13482 1  -9.505  0.003    0   1   0 125   0   0   8    -99    -99  2432  5.278  13482 1  
    49283.6149    13097    West         300       0x101bf       1.2737           -9.614  0.002    0   1   0 183   0   0   6    -99    -99  4638  2.492  13482 1  -9.419  0.002    0   1   0 207   0   0   8    -99    -99  4390  2.618  13482 1  
    49289.7152    13297    West         300       0x101bf       1.1687           -9.680  0.002    0   1   0 183   0   0   6    -99    -99  7092  4.167  13482 1  -9.523  0.002    0   1   0 173 167   0   8    -99    -99  9977  4.466  13482 1  
    49307.6571    13482    West         300       0x101bf       1.1679           -9.688  0.001    0   1   0 208   0   0   6    -99    -99  1953  2.670  13482 1  -9.421  0.002    0   1   0 219  83   0   8    -99    -99  1816  2.816  13482 1  
    49312.6459    13651    West         300       0x101bf       1.1681           -9.695  0.002    0   1   0 137   0   0   6    -99    -99  2240  4.936  13482 1  -9.417  0.003    0   1   0 134 159   0   8    -99    -99  1643  5.196  13482 1  
    49317.6356    13838    West         300       0x101bf       1.1684           -9.607  0.001    0   1   0 181   0   0   6    -99    -99  5373  2.692  13482 1  -9.348  0.002    0   1   0 174   0   0   8    -99    -99  6804  2.818  13482 1  
    49375.6814    14017    East         300       0x101bf       1.6408           -9.631  0.003    0   1   0 166   0   0   2    -99    -99  2429  5.086  13482 1  -9.380  0.003    0   1   0 150   0   0  12    -99    -99  1998  4.912  13482 1  
    49380.6853    14236    East         300       0x101bf       1.7417           -9.595  0.003    0   1   0 126   0   0   2    -99    -99 15428  3.519  13482 1  -9.335  0.004    0   1   0 111   0   0  12    -99    -99 22121  3.537  13482 1  
    49398.6630    14551    East         300       0x101bf       1.9228           -9.718  0.002    0   1   0 169   0   0   2    -99    -99  2526  3.611  13482 1  -9.576  0.002    0   1   0 201   0   0  12    -99    -99  1976  3.794  13482 1  
    49406.7223    14752    East         300       0x101bf       2.7557           -9.806  0.002    0   1   0 144   0   0   2    -99    -99  4309  4.047  13482 1  -9.624  0.002    0   1   0 167   0   0  12    -99    -99  3810  4.249  13482 1  
    49409.6738    14835    East         300       0x100bf       2.2823           -9.748  0.003    0   1   0 163   0   0   2    -99    -99 14719  4.501  13482 1  -9.512  0.005    0   1   0 171   0   0  12    -99    -99 30713  4.738  13482 1  
    49423.6015    15145    East         300       0x101bf       1.9819           -9.508  0.024   25   1   0  93   0   0   2    -99    -99  5437  4.825  13482 1  -9.283  0.026    0   1   0 110   0   0  12    -99    -99  4493  4.850  13482 1  
    49424.5635    15183    East         300       0x101bf       1.7340           -9.518  0.002    0   1   0 169   0   0   2    -99    -99  3066  3.767  13482 1  -9.223  0.003    0   1   0 164   0   0  12    -99    -99  2224  3.709  13482 1  
    49424.5782    15186    East         300       0x101bf       1.8296           -9.523  0.002    0   1   0 140   0   0   2    -99    -99  3082  3.984  13482 1  -9.232  0.002    0   1   0 149   0   0  12    -99    -99  2241  3.860  13482 1  
    49436.6455    15662    East         300       0x001bf       2.8329           -9.865  0.002    0   1   0 169   0   0   2    -99    -99 10053  3.763  13482 1  -9.764  0.003    2   1   0 179   0   0  12    -99    -99 19373  3.888  13482 1  
    49451.6068    16285    East         300       0x101bf       2.8617           -9.666  0.003    0   1   0 121   0   0   2    -99    -99  3761  3.831  13482 1  -9.433  0.004    0   1   0 111   0   0  12    -99    -99  3143  3.888  13482 1  
    49472.4767    17208    East         300       0x101bf       2.0545           -9.752  0.002    0   1   0 143   0   0   2    -99    -99  3374  3.170  13482 1  -9.635  0.002    0   1   0 165   0   0  12    -99    -99  2021  3.313  13482 1  
    49513.7523    19083    West         300       0x101bf       2.7812           -9.780  0.003    0   1   0 122   0   0   6    -99    -99  4025  5.385  13482 1  -9.592  0.004    0   1   7 124 177   0   8    -99    -99  2797  5.847  13482 1  
    49537.7347    20127    West         300       0x101bf       2.2291           -9.474  0.007    0   1  28  99   0   0   6    -99    -99  4182  7.071  13482 1  -9.231  0.009    0   1  34  91 143   0   8    -99    -99  2732  7.453  13482 1  
    49542.7593    20557    West         300       0x101bf       1.9024           -9.797  0.003    0   1   0 127   0   0   6    -99    -99  3656  4.990  13482 1  -9.661  0.003    0   1 255 148 187   0   8    -99    -99  2781  5.283  13482 1  
    49553.6903    21167    West         300       0x101bf       2.2361           -9.793  0.005    0   1  22 103   0   0   6    -99    -99 12572  6.419  13482 1  -9.552  0.008    0   1  28  93 137   0   8    -99    -99 11892  6.774  13482 1  
    49556.7781    21398    West         300       0x00137       1.5633           -9.772  0.002    0   1   0 146   0   0   6    -99    -99  9460  3.626  13482 1  -9.518  0.003    0   1   0 126   0   0   8    -99    -99 13764  3.872  13482 1  
    49571.7948    22274    West         300       0x101bf       1.3487           -9.460  0.005    0   1   8  91   0   0   6    -99    -99  2869  5.946  13482 1  -9.227  0.006    0   1  19  92   0   0   8    -99    -99  2088  6.285  13482 1  
    49578.7527    22720    West         300       0x101bf       1.4213           -9.742  0.002    0   1 255 175 209   0   6    -99    -99  2456  2.577  13482 1  -9.603  0.001    0   1   0 214   0   0   8    -99    -99  2027  2.666  13482 1  
    49587.7525    23207    West         300       0x101bf       1.3450           -9.819  0.003    0   1   0 203   0   0   6    -99    -99  5760  5.595  13482 1  -9.588  0.003    0   1   0 159   0   0   8    -99    -99 10052  4.165  13482 1  
    49606.7166    24188    West         300       0x101bf       1.3036           -9.462  0.002    0   1   0 184   0   0   6    -99    -99  2229  2.623  13482 1  -9.211  0.002    0   1   0 191   0   0   8    -99    -99  2199  2.572  13482 1  
    49614.7314    24641    West         300       0x101bf       1.2315           -9.765  0.011    0   1  51  66   0   0   6    -99    -99  7534  8.428  13482 1  -9.634  0.014    0   1  51  84   0   0   8    -99    -99 14662  8.896  13482 1  
    49623.7147    25107    West         300       0x101bf       1.2199           -9.798  0.003    0   1   3  96   0   0   6    -99    -99  2828  5.648  13482 1  -9.581  0.004    0   1   8 102   0   0   8    -99    -99  2618  5.866  13482 1  
    49625.7416    25197    West         300       0x101af       1.1846           -9.775  0.002    0   1   0 168   0   0   6    -99    -99  2514  4.083  13482 1  -9.543  0.002    0   1   0 173   0   0   8    -99    -99  2242  4.109  13482 1  
    49639.6745    25750    West         300       0x101bf       1.2150           -9.494  0.002    0   1   0 166   0   0   6    -99    -99  2885  2.551  13482 1  -9.220  0.002    0   1   0 170   0   0   8    -99    -99  3472  2.498  13482 1  
    49649.6417    26094    West         300       0x101bf       1.2226           -9.692  0.002    0   1   0 161   0   0   6    -99    -99  4500  2.412  13482 1  -9.531  0.002    0   1   0 177   0   0   8    -99    -99  4295  2.336  13482 1  
    49670.6897    26462    West         300       0x101bf       1.1744              -99    -99  999 999 999 999 999 999  -1    -99    -99   -99    -99      0 0  -9.337  0.003    0   1   0 110   0   0   8    -99    -99  3124  5.092  13482 1  
    49690.7059    26827    West         300       0x101bf       1.2560              -99    -99  999 999 999 999 999 999  -1    -99    -99   -99    -99      0 0  -9.513  0.002    0   1 255 228 216   0   8    -99    -99  1642  2.250  13482 1  
    49691.7191    26886    West         300       0x101bf       1.2887              -99    -99  999 999 999 999 999 999  -1    -99    -99   -99    -99      0 0  -9.494  0.002    0   1   0 242   0   0   8    -99    -99  2004  2.951  13482 1  
    49692.7295    26946    West         300       0x101bf       1.3197              -99    -99  999 999 999 999 999 999  -1    -99    -99   -99    -99      0 0  -9.473  0.002    0   1   0 161   0   0   8    -99    -99  3651  2.617  13482 1  
    49696.7070    27063    West         300       0x100bf       1.2920              -99    -99  999 999 999 999 999 999  -1    -99    -99   -99    -99      0 0  -9.417  0.002    0   1   0 161  99   0   8    -99    -99  1590  3.425  13482 1  
    49697.7150    27124    West         300       0x101bf       1.3178              -99    -99  999 999 999 999 999 999  -1    -99    -99   -99    -99      0 0  -9.399  0.001    0   1   0 166 108   0   8    -99    -99  1611  2.568  13482 1  
    49703.5182    27296    West         300       0x101bf       1.1939              -99    -99  999 999 999 999 999 999  -1    -99    -99   -99    -99      0 0  -9.291  0.002    0   1   0 155   0   0   8    -99    -99 14836  3.038  13482 1  
    49704.7011    27376    East         300       0x101bf       1.3309           -9.598  0.002    0   1   0 173   0   0   2    -99    -99 11403  3.565  13482 1  -9.309  0.003    0   1   0 144   0   0  12    -99    -99 12039  3.590  13482 1  
    49716.5779    27466    West         300       0x101bf       1.1828              -99    -99  999 999 999 999 999 999  -1    -99    -99   -99    -99      0 0  -9.537  0.002    0   1   0 153   0   0   8    -99    -99  1702  3.111  13482 1  
    49728.6170    27618    West         300       0x101bf       1.2864              -99    -99  999 999 999 999 999 999  -1    -99    -99   -99    -99      0 0  -9.522  0.001    0   1   0 205  78   0   8    -99    -99  2557  2.687  13482 1  
    49730.7033    27731    East         300       0x101bf       1.6092           -9.736  0.002    0   1   0 193   0   0   2    -99    -99  1830  3.403  13482 1  -9.495  0.002    0   1   0 189   0   0  12    -99    -99  1435  3.384  13482 1  
    49740.4738    27814    West         300       0x101bf       1.1680              -99    -99  999 999 999 999 999 999  -1    -99    -99   -99    -99      0 0  -9.306  0.002    0   1   0 151   0   0   8    -99    -99  1770  3.746  13482 1  
    49742.4953    27906    East         300       0x101bf       1.1743           -9.577  0.002    0   1   0 127   0   0   2    -99    -99  2373  3.253  13482 1  -9.291  0.002    0   1   0 166   0   0  12    -99    -99  1928  3.398  13482 1  
    49748.4600    28094    East         300       0x101bf       1.1675           -9.536  0.002    0   1   0 166  36   1   2    -99    -99  2365  3.662  13482 1  -9.307  0.002    0   1   0 148   0   0  12    -99    -99  1962  3.776  13482 1  
    49749.6272    28154    East         300       0x101bf       1.4972           -9.549  0.002    0   1   0 160   0   0   2    -99    -99  1823  3.313  13482 1  -9.341  0.002    0   1   0 151   0   0  12    -99    -99  1453  3.457  13482 1  
    49751.6927    28231    East         300       0x101bf       1.8977           -9.577  0.003    0   1   0 134   0   0   2    -99    -99  2130  4.937  13482 1  -9.413  0.003    0   1   0 134   0   0  12    -99    -99  1738  5.125  13482 1  
    49755.5472    28347    East         300       0x101bf       1.2948           -9.765  0.001    0   1   0 156   0   0   2    -99    -99  1649  2.738  13482 1  -9.638  0.002    0   1 255 178 203   0  12    -99    -99  1457  2.754  13482 1  
    49760.6073    28452    East         300       0x101bf       1.5414           -9.753  0.002    0   1   0 154   0   0   2    -99    -99  6296  3.031  13482 1  -9.584  0.002    0   1   0 157   0   0  12    -99    -99  6878  2.925  13482 1  
    49765.7308    28595    East         300       0x101bf       2.6520           -9.686  0.003    0   1   0 149   0   0   2    -99    -99  9525  4.959  13482 1  -9.453  0.005    0   1   0 127   0   0  12    -99    -99 18305  5.153  13482 1  
    49768.7286    28657    East         300       0x101bf       2.7286           -9.674  0.002    0   1   0 162   0   0   3    -99    -99  5871  4.064  13482 1  -9.418  0.003    0   1   0 153   0   0  12    -99    -99  7183  4.182  13482 1  
    49787.6023    28784    East         300       0x101bf       1.9586           -9.675  0.002    0   1   0 129   0   0   3    -99    -99  4087  3.840  13482 1  -9.528  0.002    0   1   0 132   0   0  12    -99    -99  3143  3.780  13482 1  
    49789.6127    28909    East         300       0x101bf       2.0905           -9.691  0.002    0  41   0 126   0   0   3    -99    -99  6209  4.260  13482 1  -9.528  0.003    0   1   0 146   0   0  12    -99    -99  7335  4.291  13482 1  
    49791.5948    29001    East         300       0x101bf       1.9866           -9.741  0.002    0   1   0 125   0   0   3    -99    -99  9856  3.993  13482 1  -9.570  0.003    0   1   0 123   0   0  12    -99    -99 16754  4.269  13482 1  
    49795.6303    29134    East         300       0x101bf       2.4306           -9.766  0.002    0   1   0 128   0   0   3    -99    -99 10303  3.479  13482 1  -9.547  0.002    0   1   0 135   0   0  12    -99    -99 12622  3.429  13482 1  
    49800.5102    29357    East         300       0x101bf       1.5997           -9.645  0.002    0   1   0 144   0   0   3    -99    -99  2018  3.749  13482 1  -9.377  0.002    0   1   0 140   0   0  12    -99    -99  1452  3.492  13482 1  
    49802.5605    29470    East         300       0x101bf       1.9515           -9.634  0.001    0   1   0 136   0   0   3    -99    -99  2170  2.999  13482 1  -9.340  0.002    0   1   0 173   0   0  12    -99    -99  1702  2.936  13482 1  
    49807.5747    29684    East         300       0x101bf       2.1929           -9.605  0.002    0   1   0 134   0   0   3    -99    -99  2258  4.081  13482 1  -9.291  0.002    0   1   0 128   0   0  12    -99    -99  1806  4.031  13482 1  
    49818.5710    30062    East         300       0x101bf       2.4703           -9.581  0.002    0   1   0 195   0   0   3    -99    -99  6342  2.592  13482 1  -9.324  0.002    0   1   0 163   0   0  12    -99    -99  9112  2.479  13482 1  
    49832.4981    30574    East         300       0x101bf       2.1162           -9.814  0.001    0   1   0 195   0   0   3    -99    -99  2547  3.068  13482 1  -9.608  0.002    0   1   0 156   0   0  12    -99    -99  1775  2.997  13482 1  
    49873.4392    31557    East         300       0x101bf       2.6944           -9.742  0.002    0   1   0 159   0   0   3    -99    -99  5048  3.406  13482 1  -9.499  0.002    0   1   0 165   0   0  12    -99    -99  3620  3.292  13482 1  
    49888.4088    32021    East         300       0x101bf       2.8343           -9.460  0.014    0   1  60  29   0   0   3    -99    -99  3564  8.525  13482 1  -9.181  0.017    0   1  64  53   0   0  12    -99    -99  2237  8.766  13482 1  
    49892.8241    32413    West         300       0x101bf       1.7454           -9.644  0.004    0   1  15  85   0   0   6    -99    -99  4120  6.453  13482 1  -9.433  0.006    0   1  22  97 170   0   8    -99    -99  2548  6.828  13482 1  
    49922.7469    33394    West         300       0x101bf       1.7167           -9.475  0.002    0   1   0 140   0   0   6    -99    -99  2574  4.635  13482 1  -9.195  0.003    0   1   0 131   0   0   8    -99    -99  1871  4.736  13482 1  
    49933.6755    34012    West         300       0x101bf       2.0064           -9.792  0.002    0   1   0 189   0   0   6    -99    -99  2695  3.301  13482 1  -9.656  0.002    0   1   0 180 187   0   8    -99    -99  1749  3.510  13482 1  
    49936.6536    34164    West         300       0x101bf       2.1239           -9.889  0.004    0   1  11 116   0   0   6    -99    -99  8274  4.338  13482 1  -9.760  0.005    0   1  20 116 131   0   8    -99    -99  7101  4.609  13482 1  
    49938.7785    34406    West         300       0x101bf       1.3830           -9.824  0.002    0   1   0 167   0   0   6    -99    -99  7662  4.225  13482 1  -9.658  0.003    0   1   0 153   0   0   8    -99    -99  8827  4.483  13482 1  
    49942.6103    34779    West         300       0x101bf       2.3926           -9.813  0.002    0   1   0 155   0   0   6    -99    -99  7030  3.385  13482 1  -9.608  0.003    0   1   0 147 136   0   8    -99    -99 11601  3.645  13482 1  
    49944.6278    34990    West         300       0x101bf       2.1613           -9.782  0.002    0   1   0 143   0   0   6    -99    -99  4849  3.415  13482 1  -9.558  0.002    0   1   0 149   0   0   8    -99    -99  5850  3.577  13482 1  
    49946.6586    35110    West         300       0x101bf       1.8651           -9.740  0.003    0   1   1 134   0   0   6    -99    -99  3403  5.585  13482 1  -9.537  0.004    0   1   3 125 179   0   8    -99    -99  3017  5.807  13482 1  
    49948.6490    35295    West         300       0x101bf       1.8952           -9.716  0.004    0   1  13  94   0   0   6    -99    -99  2971  6.313  13482 1  -9.502  0.005    0   1  18 100 175   0   8    -99    -99  2128  6.623  13482 1  
    49952.6120    35538    West         300       0x101bf       2.1068           -9.609  0.002    0   1   0 185   0   0   6    -99    -99  3465  3.193  13482 1  -9.360  0.003    0   1   0 180   0   0   8    -99    -99  2591  3.365  13482 1  
    49955.6829    35762    West         300       0x101bf       1.5773           -9.537  0.003    0   1   0 119   0   0   6    -99    -99  3606  4.602  13482 1  -9.277  0.004    0   1   0 120   0   0   8    -99    -99  2791  4.751  13482 1  
    49957.7275    35897    West         300       0x101bf       1.3807           -9.514  0.002    0   1   0 221   0   0   6    -99    -99  2082  2.581  13482 1  -9.261  0.002    0   1   0 218   0   0   8    -99    -99  1861  2.636  13482 1  
    49961.7272    36051    West         300       0x101bf       1.3490           -9.548  0.002    0   1   0 216   0   0   6    -99    -99  2171  3.278  13482 1  -9.322  0.002    0   1   0 213   0   0   8    -99    -99  1749  3.404  13482 1  
    49965.7722    36190    West         300       0x101bf       1.2285           -9.630  0.002    0   1   0 169   0   0   6    -99    -99  2644  3.950  13482 1  -9.444  0.002    0   1   0 158 135   0   8    -99    -99  1613  4.126  13482 1  
    49970.6817    36399    West         300       0x101bf       1.4142           -9.795  0.002    0   1   0 159   0   0   6    -99    -99  7319  3.694  13482 1  -9.677  0.002    0   1   0 156   0   0   8    -99    -99 11964  3.793  13482 1  
    49981.7755    36755    West         300       0x101af       1.1787           -9.710  0.002    0   1   0 159   0   0   6    -99    -99  2290  4.277  13482 1  -9.483  0.002    0   1   0 131   0   0   8    -99    -99  1767  4.455  13482 1  
    49986.7533    36895    West         300       0x101bf       1.1846           -9.614  0.002    0   1   0 184   0   0   6    -99    -99  1893  3.709  13482 1  -9.361  0.002    0   1   0 169   0   0   8    -99    -99  1628  3.889  13482 1  
    49989.7313    37007    West         300       0x101bf       1.1971           -9.555  0.002    0   1   0 190   0   0   6    -99    -99  2533  2.850  13482 1  -9.278  0.002    0   1   0 162   0   0   8    -99    -99  2264  2.888  13482 1  
    49994.6991    37106    West         300       0x101bf       1.2198           -9.501  0.002    0   1   0 178   0   0   6    -99    -99  3270  3.468  13482 1  -9.259  0.002    0   1   0 151 102   0   8    -99    -99  3384  3.559  13482 1  
    49997.6290    37250    West         300       0x101bf       1.3486           -9.535  0.004    0   1   0  99   0   0   6    -99    -99 11066  5.423  13482 1  -9.301  0.007    0   1   7  99   0   0   8    -99    -99 16361  5.736  13482 1  
    49998.6132    37320    West         300       0x101bf       1.3881           -9.544  0.002    0   1   0 207   0   0   6    -99    -99 13745  2.730  13482 1  -9.317  0.003    0   1   0 190 140   0   8    -99    -99 21654  2.891  13482 1  
    50005.5677    37467    West         300       0x101bf       1.4830           -9.755  0.002    0   1 255 206 236   0   6    -99    -99  2784  2.328  13482 1  -9.646  0.002    0   1 255 199 209   0   8    -99    -99  2467  2.371  13482 1  
    50006.7406    37585    West         300       0x101bf       1.1680           -9.752  0.002    0   1 255 214 229   0   6    -99    -99  2900  2.687  13482 1  -9.694  0.002    0   1 255 206 203   0   8    -99    -99  2641  2.693  13482 1  
    50013.7069    37700    West         300       0x101bf       1.1702           -9.813  0.001    0   1   0 192   0   0   6    -99    -99  1885  3.415  13482 1  -9.627  0.001    0   1   0 161   0   0   8    -99    -99  1567  3.497  13482 1  
    50021.5239    37810    West         300       0x101bf       1.4838           -9.724  0.002    0   1   0 188   0   0   6    -99    -99  4365  3.898  13482 1  -9.456  0.002    0   1   0 182   0   0   8    -99    -99  4642  4.070  13482 1  
    50038.5464    38063    West         300       0x101bf       1.2765           -9.509  0.002    0   1 255 200 206   0   6    -99    -99  2180  2.556  13482 1  -9.297  0.002    0   1   0 209   0   0   8    -99    -99  2216  2.551  13482 1  
    50046.5451    38196    West         300       0x101bf       1.2380           -9.830  0.003    0   1   0  98   0   0   6    -99    -99  5374  3.764  13482 1  -9.674  0.004    0   1   0 112   0   0   8    -99    -99  4352  3.840  13482 1  
    50048.5988    38298    West         300       0x101bf       1.1751           -9.859  0.002    0   1 255 224 241  14   6    -99    -99  1956  2.215  13482 1  -9.744  0.002    0   1 255 205 241   0   8    -99    -99  1755  2.146  13482 1  
    50057.6886    38379    West         300       0x101bf       1.2344           -9.839  0.002    0   1   0 157   0   0   6    -99    -99 10046  4.227  13482 1  -9.612  0.002    0   1   0 136 159   0   8    -99    -99  9841  4.352  13482 1  
    50061.7193    38489    West         300       0x101bf       1.3201           -9.709  0.003    0   1   1 167   0   0   6    -99    -99  5878  5.474  13482 1  -9.481  0.004    0   1   0 153 124   0   8    -99    -99  5742  5.644  13482 1  
    50063.7152    38554    West         300       0x101bf       1.3238           -9.644  0.002    0   1   0 195   0   0   6    -99    -99  3877  3.722  13482 1  -9.409  0.002    0   1   0 179   0   0   8    -99    -99  4540  3.759  13482 1  
    50071.6663    38665    West         300       0x101bf       1.2626           -9.488  0.002    0   1   0 182   0   0   6    -99    -99  1575  3.627  13482 1  -9.298  0.002    0   1   0 168 151   0   8    -99    -99  1371  3.651  13482 1  
    50073.5782    38732    West         300       0x101bf       1.1710           -9.520  0.002    0   1   0 140   0   0   6    -99    -99  2196  3.873  13482 1  -9.338  0.002    0   1   0 134 177   0   8    -99    -99  1781  3.900  13482 1  
    50077.5731    38792    West         300       0x101bf       1.1732           -9.607  0.002    0   1 255 201 218   0   6    -99    -99  2017  2.267  13482 1  -9.431  0.002    0   1 255 212 217   0   8    -99    -99  1520  2.204  13482 1  
    50088.6952    38898    East         300       0x101bf       1.4822           -9.826  0.002    0   1 255 218 214   0   3    -99    -99  9637  2.530  13482 1  -9.630  0.002    0   1 255 153 214   0  12    -99    -99 11002  2.473  13482 1  
    50089.7152    38951    East         300       0x101bf       1.5838           -9.857  0.001    0   1   0 162   0   0   3    -99    -99  7242  3.119  13482 1  -9.650  0.002    0   1   0 173   0   0  12    -99    -99  9771  3.229  13482 1  
    50108.5504    39231    East         300       0x001bf       1.2353           -9.589  0.002    0   1 255 179 214   0   3    -99    -99  1959  2.396  13482 1  -9.429  0.002    0   1 255 202 212   0  12    -99    -99  1326  2.363  13482 1  
    50118.7171    39383    East         300       0x001bf       2.1399           -9.735  0.004    0   1   0 100   0   0   3    -99    -99 18368  5.374  13482 1     -99    -99  999 999 999 999 999 999  -1    -99    -99   -99    -99      0 0  
    50123.7016    39427    East         300       0x101af       2.1228           -9.774  0.003    0   1   0 132   0   0   3    -99    -99  5757  5.004  13482 1  -9.538  0.003    0   1   0 131   0   0  12    -99    -99  5613  5.150  13482 1  
    50125.6774    39520    East         300       0x101bf       1.9646           -9.763  0.002    0   1   0 144   0   0   3    -99    -99  3071  5.050  13482 1  -9.539  0.003    0   1   0 132   0   0  12    -99    -99  2551  4.981  13482 1  
    50127.5284    39623    East         300       0x101bf       1.2936           -9.792  0.001    0   1   0 176   0   0   3    -99    -99  1702  3.761  13482 1  -9.553  0.002    0   1   0 143   0   0  12    -99    -99  1265  3.564  13482 1  
    50131.7338    39842    East         300       0x001bf       2.7175           -9.783  0.002    0   1   0 163   0   0   3    -99    -99  2150  3.821  13482 1  -9.563  0.002    0   1   0 152   0   0  12    -99    -99  1624  3.628  13482 1  
    50154.6018    40286    East         300       0x101bf       1.9940           -9.722  0.002    0   1 255 208 238   0   3    -99    -99  4444  2.037  13482 1  -9.547  0.002    0   1 255 195 221   0  12    -99    -99  2928  1.889  13482 1  
    50186.4775    41511    East         300       0x101bf       1.7328           -9.703  0.002    0   1   0 132   0   0   3    -99    -99  2660  4.677  13482 1  -9.570  0.002    0   1   0 136   0   0  12    -99    -99  1737  4.768  13482 1  
    50193.4749    41696    East         300       0x101bf       1.8398           -9.687  0.002    0   1   0 146   0   0   3    -99    -99  3080  3.655  13482 1  -9.456  0.002    0   1   0 160   0   0  12    -99    -99  1724  3.653  13482 1  
    50197.4847    41807    East         300       0x101bf       1.9966           -9.659  0.002    0   1   0 120   0   0   3    -99    -99  3369  4.484  13482 1  -9.408  0.003    0   1   0 127   0   0  12    -99    -99  2451  4.693  13482 1  
    50200.4226    42121    East         300       0x001bf       1.6376           -9.637  0.002    0   1   0 103   0   0   3    -99    -99  4945  3.983  13482 1  -9.350  0.002    0   1   0 128   0   0  12    -99    -99  4098  4.125  13482 1  
    50218.5141    42922    East         300       0x101bf       2.9607           -9.686  0.002    0   1   0 214   0   0   3    -99    -99  3343  4.266  13482 1  -9.537  0.002    0   1   0 192   0   0  12    -99    -99  1996  4.360  13482 1  
    50220.4359    43095    East         300       0x0013f       2.1151           -9.775  0.002    0   1   0 231   0   0   3    -99    -99  3242  3.761  13482 1  -9.660  0.002    0   1   0 229   0   0  12    -99    -99  1648  3.719  13482 1  
    50225.4537    43396    East         300       0x101bf       2.4342           -9.871  0.007    0   1  47  68   0   0   3    -99    -99  3352  7.996  13482 1  -9.743  0.008    0   1  57  64   0   0  12    -99    -99  2040  8.421  13482 1  
    50228.4276    43626    East         300       0x001bf       2.2433           -9.812  0.001    0   1   0 160   0   0   3    -99    -99  3806  2.923  13482 1  -9.641  0.002    0   1   0 168   0   0  12    -99    -99  3493  2.885  13482 1  
    50229.8281    43857    West         300       0x001bf       2.3475           -9.765  0.010    0   1  10 110   0   0   6    -99    -99  9669  5.893  13482 1  -9.546  0.012    0   1  25 108   0   0   8    -99    -99  4755  6.186  13482 1  
    50254.8154    45417    West         300       0x101bf       1.8619           -9.586  0.002    0   1   0 112   0   0   6    -99    -99  3355  4.687  13482 1  -9.397  0.003    0   1   0 132 182   0   8    -99    -99  2174  4.934  13482 1  
    50277.8157    46374    West         300       0x101bf       1.5104           -9.635  0.002    0   1   0 138   0   0   6    -99    -99  2675  4.766  13482 1  -9.371  0.003    0   1   0 119   0   0   8    -99    -99  1933  5.033  13482 1  
    50301.7937    46782    West         300       0x001bf       1.3555           -9.698  0.002    0   1   0 128   0   0   6    -99    -99  2990  4.319  13482 1  -9.464  0.002    0   1   0 119   0   0   8    -99    -99  2372  4.515  13482 1  
    50303.7189    46921    West         300       0x101bf       1.6330           -9.660  0.002    0   1   0 133   0   0   6    -99    -99  2664  4.402  13482 1  -9.399  0.002    0   1   0 140   0   0   8    -99    -99  2321  4.657  13482 1  
    50305.7764    47172    West         300       0x101bf       1.3743           -9.606  0.002    0   1 255 205 242   0   6    -99    -99  2199  2.122  13482 1  -9.367  0.002    0   1 255 175 217   0   8    -99    -99  2060  2.127  13482 1  
    50308.6764    47448    West         300       0x101bf       1.8048           -9.636  0.002    0   1   0 147   0   0   6    -99    -99  3013  4.835  13482 1  -9.334  0.003    0   1   0 132   0   0   8    -99    -99  2453  5.039  13482 1  
    50310.7231    47539    West         300       0x101bf       1.5209           -9.610  0.002    0   1   0 150   0   0   6    -99    -99  2603  4.621  13482 1  -9.302  0.003    0   1   0 131   0   0   8    -99    -99  2043  4.848  13482 1  
    50314.7971    47786    West         300       0x0013f       1.2620           -9.532  0.001    0   1   0 158   0   0   6    -99    -99  2618  3.226  13482 1  -9.203  0.002    0   1   0 146  87   0   8    -99    -99  1905  3.402  13482 1  
    50319.7445    48096    West         300       0x000bd       1.3559           -9.466  0.001    0   1   0 205   0   0   6    -99    -99  2558  2.882  13482 1  -9.174  0.002    0   1   0 201   0   0   8    -99    -99  2102  2.889  13482 1  
    50344.7409    48752    West         300       0x101bf       1.2191           -9.630  0.003    0   1   0 121   0   0   6    -99    -99  5717  3.745  13482 1  -9.340  0.004    0   1   0 112   0   0   8    -99    -99  5179  3.830  13482 1  
    50348.6772    48842    West         300       0x101bf       1.3231           -9.570  0.004    0   1   9 105   0   0   6    -99    -99  3245  5.969  13482 1  -9.266  0.005    0   1  15  91 193   0   8    -99    -99  3256  6.268  13482 1  
    50350.5644    48955    West         300       0x101bf       1.7869           -9.517  0.003    0   1   0  92   0   0   6    -99    -99  9307  4.798  13482 1  -9.190  0.004    0   1   0 103   0   0   8    -99    -99 13511  5.069  13482 1  
    50352.7420    49052    West         300       0x101bf       1.1923           -9.476  0.002    0   1   0 154   0   0   6    -99    -99  8398  3.880  13482 1  -9.158  0.004    0   1   0 115 209   0   8    -99    -99 16292  4.062  13482 1  
    50359.7710    49171    West         300       0x101bf       1.1677           -9.487  0.002    0   1 255 216 216   0   6    -99    -99  3528  2.405  13482 1  -9.258  0.002    0   1   0 181   0   0   8    -99    -99  3335  2.420  13482 1  
    50364.6944    49279    West         300       0x101bf       1.2085           -9.777  0.002    0   1   0 169   0   0   6    -99    -99  2727  3.858  13482 1  -9.660  0.003    0   1   0 143 220   0   8    -99    -99  2549  3.969  13482 1  
    50368.7152    49423    West         300       0x101af       1.1789           -9.837  0.002    0   1   0 172   0   0   6    -99    -99  2496  3.948  13482 1  -9.726  0.002    0   1   0 120 209   0   8    -99    -99  1778  4.090  13482 1  
    50369.7412    49504    West         300       0x101af       1.1681           -9.834  0.001    0   1 255 218 210   0   6    -99    -99  1795  2.610  13482 1  -9.725  0.001    0   1 255 203 207   0   8    -99    -99  1663  2.604  13482 1  
    50370.7205    49571    West         300       0x101bf       1.1732           -9.861  0.002    0   1 255 233 240   0   6    -99    -99  1907  2.177  13482 1  -9.748  0.002    0   1 255 239 241   0   8    -99    -99  1671  2.129  13482 1  
    50371.7058    49643    West         300       0x101bf       1.1797           -9.825  0.002    0   1   0 173   0   0   6    -99    -99  3243  3.221  13482 1  -9.670  0.002    0   1   0 164   0   0   8    -99    -99  2901  3.268  13482 1  
    50374.7174    49705    West         300       0x101bf       1.1702           -9.767  0.002    0   1   0 173   0   0   6    -99    -99  1877  4.180  13482 1  -9.560  0.002    0   1   0 154   0   0   8    -99    -99  1738  4.328  13482 1  
    50376.7036    49767    West         300       0x101bf       1.1734           -9.721  0.002    0   1   0 177   0   0   6    -99    -99  2414  3.785  13482 1  -9.493  0.002    0   1   0 143   0   0   8    -99    -99  2027  3.956  13482 1  
    50377.7300    49843    West         300       0x101bf       1.1677           -9.684  0.002    0   1 255 219 240   0   6    -99    -99  2341  2.235  13482 1  -9.463  0.002    0   1 255 205 214   0   8    -99    -99  1809  2.223  13482 1  
    50379.7422    49900    West         300       0x101bf       1.1716           -9.626  0.002    0   1 255 228 218   0   6    -99    -99  2241  2.308  13482 1  -9.381  0.001    0   1   0 200   0   0   8    -99    -99  1780  2.283  13482 1  
    50385.5883    50018    West         300       0x101af       1.2936           -9.532  0.002    0   1   0 164   0   0   6    -99    -99  5604  3.505  13482 1  -9.219  0.002    0   1   0 129 138   0   8    -99    -99  5282  3.583  13482 1  
    50388.7289    50088    West         300       0x001bf       1.1769           -9.462  0.002    0   1   0 175   0   0   6    -99    -99  4121  2.684  13482 1  -9.150  0.002    0   1   0 164   0   0   8    -99    -99  3556  2.696  13482 1  
    50389.6728    50141    West         300       0x101bf       1.1715              -99    -99  999 999 999 999 999 999   6    -99    -99  2562  2.088  13482 0  -9.147  0.002    0   1   0 190   0   0   8    -99    -99  2524  2.085  13482 1  
    50396.6223    50243    West         300       0x101bf       1.1920           -9.569  0.002    0   1   0 156   0   0   6    -99    -99  1502  3.847  13482 1  -9.365  0.002    0   1   0 147   0   0   8    -99    -99  1456  3.948  13482 1  
    50396.6754    50255    West         300       0x101bf       1.1676           -9.566  0.002    0   1   0 174   0   0   6    -99    -99  1769  3.576  13482 1  -9.364  0.002    0   1   0 164   0   0   8    -99    -99  1373  3.657  13482 1  
    50397.6213    50307    West         300       0x101bf       1.1904           -9.620  0.002    0   1   0 154   0   0   6    -99    -99  2197  3.761  13482 1  -9.441  0.002    0   1   0 137   0   0   8    -99    -99  1853  3.932  13482 1  
    50399.6026    50378    West         300       0x101bf       1.2041           -9.755  0.002    0   1   0 164   0   0   6    -99    -99  1830  4.407  13482 1  -9.633  0.002    0   1   0 154   0   0   8    -99    -99  1756  4.562  13482 1  
    50401.5812    50434    West         300       0x101bf       1.2252           -9.833  0.001    0   1   0 192   0   0   6    -99    -99  1997  3.615  13482 1  -9.746  0.001    0   1   0 152   0   0   8    -99    -99  1894  3.702  13482 1  
    50405.7354    50532    West         300       0x101bf       1.2336           -9.862  0.002    0   1   0 168   0   0   6    -99    -99  4597  4.082  13482 1  -9.750  0.002    0   1   0 152 147   0   8    -99    -99  3423  4.191  13482 1  
    50406.6792    50585    West         300       0x101bf       1.1766           -9.845  0.001    0   1 255 207 208   0   6    -99    -99  2177  2.748  13482 1  -9.736  0.001    0   1   0 184   0   0   8    -99    -99  1539  2.749  13482 1  
    50410.5668    50698    West         300       0x101bf       1.2111           -9.829  0.001    0   1   0 161   0   0   6    -99    -99  8722  3.124  13482 1  -9.633  0.002    0   1   0 145   0   0   8    -99    -99 10561  3.275  13482 1  
    50412.5937    50809    West         300       0x0013f       1.1799           -9.800  0.002    0   1   0 148   0   0   6    -99    -99 11028  4.491  13482 1  -9.584  0.003    0   1   0 130   0   0   8    -99    -99 10828  4.664  13482 1  
    50416.5847    50861    West         300       0x101bf       1.1787           -9.680  0.002    0   1   0 198   0   0   6    -99    -99  5770  2.740  13482 1  -9.412  0.002    0   1   0 174   0   0   8    -99    -99  5157  2.739  13482 1  
    50417.6943    50937    West         300       0x101bf       1.2212           -9.616  0.002    0   1   0 149   0   0   6    -99    -99  3077  3.674  13482 1  -9.338  0.003    0   1   0 136   0   0   8    -99    -99  2598  3.721  13482 1  
    50419.6989    51000    West         300       0x101bf       1.2365           -9.573  0.002    0   1   0 181   0   0   6    -99    -99  2874  3.364  13482 1  -9.283  0.002    0   1   0 150   0   0   8    -99    -99  2692  3.397  13482 1  
    50421.5680    51067    West         300       0x101bf       1.1808           -9.521  0.002    0   1   0 192   0   0   6    -99    -99  1876  3.325  13482 1  -9.210  0.002    0   1   0 172   0   0   8    -99    -99  1575  3.392  13482 1  
    50425.6855    51155    West         300       0x101bf       1.2413           -9.406  0.001    0   1   0 216   0   0   6    -99    -99  1613  2.930  13482 1  -9.090  0.002    0   1   0 193   0   0   8    -99    -99  1203  2.898  13482 1  
    50428.5745    51237    West         300       0x101bf       1.1691           -9.381  0.002    0   1   0 190   0   0   6    -99    -99  1866  3.214  13482 1  -9.084  0.002    0   1   0 166   0   0   8    -99    -99  1553  3.252  13482 1  
    50429.6429    51314    West         300       0x101bf       1.1980           -9.384  0.002    0   1   0 112   0   0   6    -99    -99  1669  4.891  13482 1  -9.103  0.003    0   1   0 117   0   0   8    -99    -99  1341  5.065  13482 1  
    50431.7064    51382    East         300       0x101bf       1.3199           -9.473  0.002    0   1   0 166   0   0   3    -99    -99  1907  2.329  13482 1  -9.220  0.002    0   1   0 164   0   0  12    -99    -99  1610  2.156  13482 1  
    50433.5412    51455    East         300       0x101bf       1.1757           -9.576  0.004    0   1   0 100   0   0   3    -99    -99  5011  4.403  13482 1  -9.360  0.004    0   1   0 108   0   0  12    -99    -99  3821  4.756  13482 1  
    50437.5154    51556    West         300       0x101bf       1.1875           -9.770  0.001    0   1   0 188   0   0   6    -99    -99  4827  3.163  13482 1  -9.647  0.002    0   1   0 157   0   0   8    -99    -99  5698  3.268  13482 1  
    50439.6575    51670    West         300       0x101bf       1.2598           -9.798  0.002    0   1   0 201   0   0   6    -99    -99  5959  4.891  13482 1  -9.674  0.003    0   1   0 185   0   0   8    -99    -99  5525  5.030  13482 1  
    50440.6758    51726    East         300       0x101bf       1.3054              -99    -99  999 999 999 999 999 999  -1    -99    -99   -99    -99      0 0     -99    -99  999 999 999 999 999 999  -1    -99    -99   -99    -99      0 0  
    50444.6965    51797    East         300       0x101bf       1.3947              -99    -99  999 999 999 999 999 999  -1    -99    -99   -99    -99      0 0     -99    -99  999 999 999 999 999 999  -1    -99    -99   -99    -99      0 0  
    50445.7070    51855    East         300       0x101bf       1.4408           -9.893  0.002    0   1   0 123   0   0   3    -99    -99  5179  3.735  13482 1  -9.723  0.002    0   1   0 130   0   0  12    -99    -99  6449  3.738  13482 1  
    50449.7265    51912    East         300       0x101bf       1.5692           -9.846  0.002    0   1 255 169 212   0   3    -99    -99  3729  2.462  13482 1  -9.638  0.002    0   1 255 188 210   0  12    -99    -99  3384  2.433  13482 1  
    50451.5555    51969    West         300       0x101ff       1.1762           -9.779  0.002    0   1 255 207 212   0   6    -99    -99  2243  2.563  13482 1  -9.562  0.002    0   1   0 203   0   0   8    -99    -99  1730  2.551  13482 1  
    50452.7386    52050    East         300       0x001bf       1.6744           -9.799  0.002    0   1 255 135 202   0   3    -99    -99  5916  2.763  13482 1  -9.553  0.002    0   1   0 154   0   0  12    -99    -99  4015  2.699  13482 1  
    50455.6474    52127    East         300       0x001bf       1.3375           -9.722  0.002    0   1   0 121   0   0   3    -99    -99  1541  3.932  13482 1  -9.465  0.002    0   1   0 124   0   0  12    -99    -99  1114  3.985  13482 1  
    50456.6949    52197    East         300       0x101ff       1.5122           -9.689  0.002    0   1 255 145 208   0   3    -99    -99  1897  2.432  13482 1  -9.432  0.002    0   1   0 159   0   0  12    -99    -99  1380  2.286  13482 1  
    50461.6849    52297    East         300       0x101ff       1.5283           -9.549  0.001    0   1   0 151   0   0   3    -99    -99  2361  2.862  13482 1  -9.281  0.002    0   1   0 143   0   0  12    -99    -99  1369  2.655  13482 1  
    50462.7217    52369    East         300       0x101ff       1.7348           -9.519  0.003    0   1   0 126   0   0   3    -99    -99  2232  3.613  13482 1  -9.249  0.003    0   1   0 100   0   0  12    -99    -99  1605  3.504  13482 1  
    50467.6955    52460    East         300       0x101ff       1.6627           -9.556  0.002    0   1   0 149   0   0   3    -99    -99  2892  2.942  13482 1  -9.335  0.002    0   1   0 164   0   0  12    -99    -99  1378  2.999  13482 1  
    50468.7277    52532    East         300       0x000bf       1.8853           -9.583  0.002    0   1   0 158   0   0   3    -99    -99  1851  3.379  13482 1  -9.383  0.002    0   1   0 148   0   0  12    -99    -99  1366  3.296  13482 1  
    50470.5733    52586    East         300       0x101ff       1.2602           -9.635  0.002    0   1   0 134   0   0   3    -99    -99 12301  3.574  13482 1  -9.457  0.002    0   1   0 135   0   0  12    -99    -99 11152  3.595  13482 1  
    50479.6261    52698    East         300       0x101ff       1.4871           -9.808  0.001    0   1   0 133   0   0   3    -99    -99  4318  2.811  13482 1  -9.593  0.002    0   1   0 160   0   0  12    -99    -99  2799  2.757  13482 1  
    50483.7339    52813    East         300       0x000fb       2.2958           -9.789  0.005    0   1   0 104   0   0   3    -99    -99  2246  3.118  13482 1  -9.560  0.006    0   1   0 109   0   0  12    -99    -99  1643  3.121  13482 1  
    50486.6438    52926    East         300       0x101ff       1.6637           -9.802  0.001    0   1   0 142   0   0   3    -99    -99  2112  3.160  13482 1  -9.540  0.002    0   1   0 147   0   0  12    -99    -99  1343  3.146  13482 1  
    50492.7603    53021    East         300       0x000af       2.9185              -99    -99  999 999 999 999 999 999  -1    -99    -99   -99    -99      0 0     -99    -99  999 999 999 999 999 999  -1    -99    -99   -99    -99      0 0  
    50494.7587    53103    East         300       0x101ff       2.9724           -9.600  0.003    0   1   1 101   0   0   3    -99    -99  2374  5.514  13482 1  -9.358  0.004    0   1   3 105   0   0  12    -99    -99  1855  5.643  13482 1  
    50497.5928    53231    East         300       0x101fb       1.5564           -9.583  0.002    0   1   0 157   0   0   3    -99    -99  6633  2.585  13482 1  -9.338  0.002    0   1   0 174   0   0  12    -99    -99  6077  2.546  13482 1  
    50502.7051    53375    East         300       0x101bf       2.5546           -9.607  0.003    0   1   0 114   0   0   3    -99    -99 10040  5.352  13482 1  -9.470  0.005    0   1   0 100   0   0  12    -99    -99 19488  5.117  13482 1  
    50509.7031    53502    East         300       0x101ff       2.7706           -9.781  0.002    0   1   0 122   0   0   3    -99    -99  3714  4.927  13482 1  -9.613  0.003    0   1   0 127   0   0  12    -99    -99  3275  5.136  13482 1  
    50519.5100    53722    East         300       0x101ff       1.4603           -9.791  0.003    0   1   2 112   0   0   3    -99    -99  1989  5.499  13482 1  -9.574  0.003    0   1   0 117   0   0  12    -99    -99  1432  5.634  13482 1  
    50521.6449    53868    East         300       0x101ff       2.4552           -9.804  0.002    0   1   0 166   0   0   3    -99    -99  2233  4.986  13482 1  -9.514  0.003    0   1   0 146   0   0  12    -99    -99  1507  5.144  13482 1  
    50526.5047    54074    East         300       0x001ff       1.5165           -9.688  0.005    0   1   0  88   0   0   3    -99    -99 12662  5.613  13482 1  -9.427  0.007    0   1   9  96   0   0  12    -99    -99  9482  5.988  13482 1  
    50529.6114    54251    East         300       0x101ff       2.3280           -9.633  0.002    0   1   0 141   0   0   3    -99    -99 11803  3.415  13482 1  -9.369  0.003    0   1   0 130   0   0  12    -99    -99 19116  3.369  13482 1  
    50532.5348    54410    East         300       0x101ff       1.7622           -9.584  0.005    0   1   0 110   0   0   3    -99    -99 34983  2.719  13482 1  -9.323  0.006    0   1   0 106   0   0  12    -99    -99 29734  2.685  13482 1  
    50534.6487    54560    East         300       0x101ff       2.9618              -99    -99  999 999 999 999 999 999  -1    -99    -99   -99    -99      0 0     -99    -99  999 999 999 999 999 999  -1    -99    -99   -99    -99      0 0  
    50539.6098    54751    East         300       0x101ff       2.6230           -9.513  0.002    0   1   0 141   0   0   3    -99    -99  3053  3.063  13482 1  -9.298  0.002    0   1   0 154   0   0  12    -99    -99  2149  3.108  13482 1  
    50542.5676    54901    East         300       0x101ff       2.2443           -9.587  0.003    0   1   0 121   0   0   3    -99    -99  2499  4.975  13482 1  -9.394  0.003    0   1   0 126   0   0  12    -99    -99  1542  5.091  13482 1  
    50545.5884    55153    East         300       0x101ff       2.5613           -9.687  0.016    0   1  68  59   0   0   3    -99    -99  2287  9.392  13482 1  -9.500  0.019    0   1  72  58   0   0  12    -99    -99  1925  9.787  13482 1  
    50548.4613    55417    East         300       0x101ff       1.5947           -9.761  0.002    0   1   0 134   0   0   3    -99    -99  2799  3.576  13482 1  -9.553  0.002    0   1   0 146   0   0  12    -99    -99  1933  3.693  13482 1  
    50552.5573    55642    East         300       0x101ff       2.4238           -9.846  0.002    0   1   0 131   0   0   3    -99    -99  3101  3.522  13482 1  -9.627  0.002    0   1   0 140   0   0  12    -99    -99  2046  3.534  13482 1  
    50557.4236    55867    East         300       0x101bf       1.5325           -9.855  0.002    0   1   0 116   0   0   3    -99    -99  6867  4.097  13482 1  -9.646  0.003    0   1   0 124   0   0  12    -99    -99  8787  4.096  13482 1  
    50565.4193    56141    East         300       0x101ff       1.6167           -9.731  0.001    0   1   0 205   0   0   3    -99    -99  2583  2.564  13482 1  -9.485  0.002    0   1   0 232   0   0  12    -99    -99  1593  2.607  13482 1  
    50569.4714    56529    East         300       0x101ff       2.0388           -9.608  0.002    0   1   0 158   0   0   3    -99    -99  2832  3.544  13482 1  -9.372  0.002    0   1   0 183   0   0  12    -99    -99  1764  3.697  13482 1  
    50577.3788    56966    East         300       0x101ff       1.5782           -9.539  0.002    0   1   0 105   0   0   3    -99    -99  2660  3.861  13482 1  -9.326  0.002    0   1   0 138   0   0  12    -99    -99  1682  3.817  13482 1  
    50580.4535    57211    East         300       0x1017f       2.1452           -9.609  0.002    0   1   0 153   0   0   3    -99    -99  2687  3.243  13482 1  -9.391  0.002    0   1   0 162   0   0  12    -99    -99  2075  3.413  13482 1  
    50593.3797    57472    East         300       0x101ff       1.8381           -9.759  0.002    0   1   0 123   0   0   3    -99    -99  3022  4.761  13482 1  -9.490  0.002    0   1   0 129   0   0  12    -99    -99  1550  4.702  13482 1  
    50600.4140    57957    East         300       0x101ff       2.2926           -9.744  0.002    0   1   0 138   0   0   3    -99    -99  4571  4.083  13482 1  -9.494  0.002    0   1   0 146   0   0  12    -99    -99  2085  4.175  13482 1  
    50607.3677    58510    East         300       0x101ff       2.0387           -9.698  0.001    0   1   0 173   0   0   3    -99    -99  3269  2.367  13482 1  -9.514  0.002    0   1   0 179   0   0  12    -99    -99  1706  2.346  13482 1  
    50614.7812    59055    West         300       0x1017f       2.2762           -9.638  0.002    0   1   0 115   0   0   6    -99    -99  4076  4.808  13482 1  -9.501  0.003    0   1   0 133   0   0   8    -99    -99  2435  5.094  13482 1  
    50619.7728    59506    West         200       0x101ff       2.2237           -9.649  0.003    0   1   0 141   0   0   6    -99    -99 12480  4.401  13482 1  -9.430  0.004    0   1   0 164   0   0   8    -99    -99 11812  4.542  13482 1  
    50633.3656    60081    East         300       0x101ff       2.7845           -9.675  0.003    0   1   0 126   0   0   3    -99    -99  4384  4.397  13482 1  -9.389  0.004    0   1   0 126   0   0  12    -99    -99  2706  4.266  13482 1  
    50641.7968    60618    West         300       0x101ff       1.6146           -9.633  0.002    0   1   0 141   0   0   6    -99    -99  1988  3.877  13482 1  -9.386  0.002    0   1   0 135   0   0   8    -99    -99  1934  4.056  13482 1  
    50651.6473    61373    West         300       0x101ff       2.6470           -9.663  0.004    0   1   0 112   0   0   6    -99    -99 10453  5.226  13482 1  -9.541  0.005    0   1   0 116   0   0   8    -99    -99 16511  5.480  13482 1  
    50656.7935    61667    West         300       0x101ff       1.4491           -9.694  0.002    0   1   0 156   0   0   6    -99    -99  3255  4.128  13482 1  -9.508  0.002    0   1   0 141   0   0   8    -99    -99  2504  4.279  13482 1  
    50659.7188    61942    West         300       0x101ff       1.7817           -9.662  0.002    0   1   0 211   0   0   6    -99    -99  3465  2.722  13482 1  -9.413  0.002    0   1   0 194   0   0   8    -99    -99  2286  2.795  13482 1  
    50662.6455    62220    West         300       0x101ff       2.3235           -9.641  0.002    0   1   0 158   0   0   6    -99    -99  3979  3.342  13482 1  -9.371  0.002    0   1   0 164   0   0   8    -99    -99  2446  3.512  13482 1  
    50670.6847    62688    West         300       0x101ff       1.8080           -9.633  0.002    0   1   0 138   0   0   6    -99    -99  3264  4.124  13482 1  -9.343  0.002    0   1   0 138   0   0   8    -99    -99  2147  4.307  13482 1  
    50674.7911    62927    West         300       0x101ff       1.3062           -9.604  0.002    0   1   0 137   0   0   6    -99    -99  2281  4.730  13482 1  -9.326  0.003    0   1   0 127   0   0   8    -99    -99  1814  4.933  13482 1  
    50678.7038    63211    West         300       0x0003f       1.5750           -9.628  0.002    0   1   0 183   0   0   6    -99    -99 12739  4.005  13482 1  -9.429  0.004    0   1   0 162   0   0   8    -99    -99 22628  4.148  13482 1  
    50680.7186    63416    West         300       0x101ff       1.4855           -9.668  0.002    0   1   0 176   0   0   6    -99    -99  6797  2.616  13482 1  -9.497  0.002    0   1   0 164   0   0   8    -99    -99 11070  2.708  13482 1  
    50682.6692    63618    West         300       0x101ff       1.7009           -9.697  0.004    0   1   2 111   0   0   6    -99    -99  5964  5.797  13482 1  -9.572  0.005    0   1   8 112   0   0   8    -99    -99  6531  6.124  13482 1  
    50686.7526    63798    West         300       0x101ff       1.3203           -9.737  0.002    0   1   0 148   0   0   6    -99    -99  2520  4.541  13482 1  -9.648  0.002    0   1   0 166   0   0   8    -99    -99  1987  4.695  13482 1  
    50689.7750    64031    West         300       0x101ff       1.2532           -9.701  0.002    0   1   0 162   0   0   6    -99    -99  3098  2.932  13482 1  -9.563  0.002    0   1   0 153   0   0   8    -99    -99  2485  2.984  13482 1  
    50701.7683    64224    West         300       0x101ff       1.2126           -9.580  0.002    0   1   0 211   0   0   6    -99    -99  2498  2.516  13482 1  -9.294  0.002    0   1   0 167   0   0   8    -99    -99  1855  2.543  13482 1  
    50704.7525    64355    West         300       0x101ff       1.2229           -9.555  0.002    0   1   0 202   0   0   6    -99    -99  2728  2.222  13482 1  -9.246  0.002    0   1   0 148   0   0   8    -99    -99  2343  2.216  13482 1  
    50715.6649    64545    West         300       0x101ff       1.3434           -9.580  0.002    0   1   0 137   0   0   6    -99    -99  2784  3.302  13482 1  -9.367  0.002    0   1   0 148   0   0   8    -99    -99  2188  3.403  13482 1  
    50718.5627    64666    West         300       0x101ff       1.7505           -9.608  0.002    0   1   0 163   0   0   6    -99    -99  2874  3.907  13482 1  -9.442  0.002    0   1   0 153 124   0   8    -99    -99  2473  4.006  13482 1  
    50719.7051    64761    West         300       0x101ff       1.2328           -9.622  0.002    0   1   0 171   0   0   6    -99    -99  2036  3.337  13482 1  -9.470  0.002    0   1   0 161  99   0   8    -99    -99  1828  3.409  13482 1  
    50721.6143    64907    West         300       0x101ff       1.4557           -9.689  0.002    0   1 255 214 211   0   6    -99    -99  2043  2.439  13482 1  -9.596  0.002    0   1   0 208   0   0   8    -99    -99  2130  2.440  13482 1  
    50724.5936    65067    West         300       0x101ff       1.5060           -9.822  0.004    0   1  20  78   0   0   6    -99    -99  1923  6.630  13482 1  -9.771  0.004    0   1  27 121   0   0   8    -99    -99  1912  6.985  13482 1  
    50725.6754    65168    West         300       0x101ff       1.2557           -9.828  0.017   -7   1   0  92   0   0  -1    -99    -99   -99    -99      0 1  -9.726  0.019    0   1   0  93   0   0  -1    -99    -99   -99    -99      0 1  
    50730.7219    65312    West         300       0x101ff       1.1803           -9.573  0.002    0   1 255 215 244   0   6    -99    -99  1956  1.704  13482 1  -9.485  0.002    0   1 255 216 236   0   8    -99    -99  1679  1.631  13482 1  
    50732.6273    65422    West         300       0x101ff       1.3198           -9.634  0.002    0   1   0 172   0   0   6    -99    -99  4114  3.284  13482 1  -9.408  0.002    0   1   0 148   0   0   8    -99    -99  4674  3.340  13482 1  
    50733.7408    65517    West         300       0x101ff       1.1686           -9.618  0.002    0   1   0 170   0   0   6    -99    -99  2010  3.376  13482 1  -9.376  0.002    0   1   0 153   0   0   8    -99    -99  1605  3.465  13482 1  
    50735.6080    65622    West         300       0x101ff       1.3497           -9.625  0.004    0   1   4  93   0   0   6    -99    -99  8225  5.825  13482 1  -9.341  0.007    0   1  13  97   0   0   8    -99    -99 13306  6.100  13482 1  
    50736.7042    65721    West         300       0x101ff       1.1813           -9.601  0.003    0   1   0 133   0   0   6    -99    -99  9701  4.086  13482 1  -9.307  0.005    0   1   0 112 218   0   8    -99    -99 15404  4.263  13482 1  
    50738.6358    65835    West         300       0x101ff       1.2636           -9.578  0.003    0   1   0  95   0   0   6    -99    -99 12043  4.609  13482 1  -9.277  0.004    0   1   0 110   0   0   8    -99    -99 11484  4.874  13482 1  
    50743.6984    66079    West         300       0x101ff       1.1735           -9.575  0.002    0   1   0 219   0   0   6    -99    -99  2886  2.377  13482 1  -9.267  0.002    0   1   0 179 210   0   8    -99    -99  2498  2.383  13482 1  
    50745.6563    66200    West         300       0x101ff       1.2026           -9.546  0.002    0   1   0 190   0   0   6    -99    -99  1887  2.916  13482 1  -9.245  0.002    0   1   0 163   0   0   8    -99    -99  1902  2.999  13482 1  
    50746.7158    66287    West         300       0x101ff       1.1676           -9.554  0.002    0   1   0 206   0   0   6    -99    -99  2339  2.740  13482 1  -9.258  0.002    0   1   0 177   0   0   8    -99    -99  1839  2.801  13482 1  
    50759.6810    66412    West         300       0x101bf       1.1674           -9.772  0.001    0   1   0 194   0   0   6    -99    -99  2317  3.191  13482 1  -9.689  0.001    0   1   0 189   0   0   8    -99    -99  1842  3.192  13482 1  
    50767.7419    66508    West         300       0x101bf       1.2297           -9.680  0.002    0   1   0 181   0   0   6    -99    -99 14727  3.513  13482 1  -9.465  0.002    0   1   0 160 176   0   8    -99    -99 14093  3.523  13482 1  
    50770.5770    66611    West         300       0x101bb       1.2164           -9.619  0.002    0   1 255 213 212   0   6    -99    -99  4777  2.503  13482 1  -9.380  0.002    0   1   0 197   0   0   8    -99    -99  4058  2.518  13482 1  
    50774.6775    66730    West         300       0x101bf       1.1800           -9.596  0.001    0   1   0 213   0   0   6    -99    -99  2391  3.257  13482 1  -9.309  0.002    0   1   0 189   0   0   8    -99    -99  2300  3.255  13482 1  
    50784.5413    66961    West         300       0x101ff       1.2130           -9.497  0.001    0   1   0 198   0   0   6    -99    -99  1900  3.080  13482 1     -99    -99  999 999 999 999 999 999   8    -99    -99  1774  3.080  13482 0  
    50793.5356    67072    West         300       0x101ff       1.1917           -9.643  0.002    0   1   0 181   0   0   6    -99    -99  7543  3.671  13482 1  -9.524  0.002    0   1   0 169 133   0   8    -99    -99  8243  3.798  13482 1  
    50796.6413    67160    West         300       0x101ff       1.2014           -9.772  0.002    0   1 255 223 233   0   6    -99    -99 10985  2.567  13482 1  -9.741  0.002    0   1 255 207 212   0   8    -99    -99 10313  2.554  13482 1  
    50802.5701    67305    West         300       0x101ff       1.1679           -9.783  0.002    0   1   0 201   0   0   6    -99    -99  3351  3.628  13482 1  -9.620  0.002    0   1   0 183 158   0   8    -99    -99  2563  3.650  13482 1  
    50804.6110    67407    West         300       0x101ff       1.1927           -9.705  0.002    0   1   0 200   0   0   6    -99    -99  2666  3.179  13482 1  -9.511  0.002    0   1   0 159 124   0   8    -99    -99  1997  3.182  13482 1  
    50809.4588    67510    West         300       0x101ff       1.2334           -9.637  0.002    0   1   0 158   0   0   6    -99    -99  3300  3.719  13482 1  -9.348  0.002    0   1   0 134   0   0   8    -99    -99  2626  3.815  13482 1  
    50812.6162    67617    West         300       0x101ff       1.2257           -9.611  0.001    0   1   0 201   0   0   6    -99    -99  2534  2.761  13482 1  -9.304  0.002    0   1   0 179   0   0   8    -99    -99  2037  2.766  13482 1  
    50818.7093    67734    East         300       0x101ff       1.5381           -9.503  0.002    0   1   0 131   0   0   3    -99    -99  2757  3.561  13482 1  -9.191  0.002    0   1   0 142   0   0  12    -99    -99  1595  3.522  13482 1  
    50829.5441    67833    East         300       0x101ff       1.1939           -9.707  0.003    0   1   0 130   0   0   3    -99    -99 10372  2.546  13482 1  -9.573  0.003    0   1   0 160   0   0  12    -99    -99  8929  2.564  13482 1  
    50834.6168    67947    East         300       0x101ff       1.3585           -9.885  0.001    0   1 255 231 203   0   3    -99    -99  2170  2.642  13482 1  -9.811  0.001    0   1   0 253   0   0  12    -99    -99  1728  2.873  13482 1  
    50836.6561    68050    East         300       0x101ff       1.5206           -9.881  0.002    0   1   0 132   0   0   3    -99    -99  2256  3.618  13482 1  -9.754  0.002    0   1   0 147   0   0  12    -99    -99  1467  3.663  13482 1  
    50840.6554    68157    East         300       0x101ff       1.5674           -9.816  0.001    0   1   0 143   0   0   3    -99    -99  2063  2.847  13482 1  -9.605  0.001    0   1   0 187   0   0  12    -99    -99  1350  2.847  13482 1  
    50842.7320    68275    East         300       0x101ff       2.1172           -9.761  0.002    0   1   0 143   0   0   3    -99    -99  3193  3.679  13482 1  -9.525  0.002    0   1   0 162   0   0  12    -99    -99  1652  3.749  13482 1  
    50845.6745    68376    East         300       0x101ff       1.7454           -9.705  0.002    0   1   0 152   0   0   3    -99    -99  2566  2.603  13482 1  -9.446  0.002    0   1   0 176   0   0  12    -99    -99  1713  2.635  13482 1  
    50852.5249    68493    East         300       0x101ff       1.2562           -9.460  0.002    0   1   0 156   0   0   3    -99    -99  8414  3.557  13482 1  -9.132  0.003    0   1   0 165   0   0  12    -99    -99  7674  3.644  13482 1  
    50859.5628    68584    East         300       0x101ff       1.4037           -9.363  0.003    0   1   0 114   0   0   3    -99    -99  8082  4.007  13482 1  -9.047  0.004    0   1   0 116   0   0  12    -99    -99  7852  4.162  13482 1  
    50861.7214    68693    East         300       0x101ff       2.5497           -9.457  0.002    0   1   0 130   0   0   3    -99    -99  4845  3.354  13482 1  -9.182  0.002    0   1   0 155   0   0  12    -99    -99  4909  3.366  13482 1  
    50863.6868    68814    East         300       0x0013f       2.2329           -9.575  0.007    0   1  30  81   0   0   3    -99    -99  4662  7.417  13482 1  -9.384  0.009    0   1  38  75   0   0  12    -99    -99  3326  7.868  13482 1  
    50865.6666    68935    East         300       0x101ff       2.0947           -9.670  0.002    0   1   0 139   0   0   3    -99    -99  2560  4.748  13482 1  -9.525  0.003    0   1   0 148   0   0  12    -99    -99  1861  4.934  13482 1  
    50867.6691    69043    East         300       0x101ff       2.1680           -9.771  0.002    0   1   0 183   0   0   3    -99    -99  2972  4.034  13482 1  -9.632  0.003    0   1   0 136   0   0  12    -99    -99  2244  3.873  13482 1  
    50869.6892    69175    East         300       0x101ff       2.4312           -9.881  0.001    0   1   0 162   0   0   3    -99    -99  2577  3.123  13482 1  -9.768  0.002    0   1   0 217   0   0  12    -99    -99  1808  3.305  13482 1  
    50874.7079    69343    East         300       0x101ff       2.8317           -9.892  0.003    0   1  10 117   0   0   3    -99    -99  2412  5.692  13482 1  -9.726  0.004    0   1  20 127   0   0  12    -99    -99  1813  6.144  13482 1  
    50879.4898    69490    East         300       0x101ff       1.3469           -9.832  0.002    0   1   0 128   0   0   3    -99    -99  4068  3.895  13482 1  -9.604  0.002    0   1   0 147   0   0  12    -99    -99  3457  3.991  13482 1  
    50881.5376    69599    East         300       0x101ff       1.5408           -9.799  0.001    0   1   0 211   0   0   3    -99    -99  5487  2.916  13482 1  -9.534  0.002    0   1   0 200   0   0  12    -99    -99  6436  2.958  13482 1  
    50884.5911    69826    East         300       0x000ff       1.9040           -9.706  0.002    0   1   0 155   0   0   3    -99    -99 10445  3.488  13482 1  -9.409  0.003    0   1   0 162   0   0  12    -99    -99 19105  3.703  13482 1  
    50908.4571    70082    East         300       0x001bb       1.5117           -9.862  0.001    0   1   0 199   0   0   3    -99    -99  4710  2.886  13482 1  -9.723  0.002    0   1   0 207   0   0  12    -99    -99  4202  2.923  13482 1  
    50910.5309    70299    East         300       0x101ff       1.9887           -9.857  0.002    0   1   0 147   0   0   3    -99    -99  9329  3.411  13482 1  -9.678  0.002    0   1   0 149   0   0  12    -99    -99  9677  3.464  13482 1  
    50919.5297    70676    East         300       0x001ff       2.1939           -9.822  0.001    0   1   0 221   0   0   3    -99    -99  6052  2.910  13482 1  -9.572  0.002    0   1   0 166   0   0  12    -99    -99  5259  2.917  13482 1  
    50933.4735    70985    East         300       0x1017f       2.0333           -9.427  0.002    0   1   0 205   0   0   3    -99    -99  3886  3.304  13482 1  -9.167  0.002    0   1   0 170   0   0  12    -99    -99  2222  3.302  13482 1  
    50942.4739    71238    East         300       0x001ff       2.2637           -9.858  0.002    0   1   0 151   0   0   3    -99    -99 10534  4.012  13482 1  -9.711  0.003    0   1   0 150   0   0  12    -99    -99 12796  4.058  13482 1  
    50954.4618    71682    East         300       0x101ff       2.4877           -9.845  0.002    0   1   0 184   0   0   3    -99    -99  3540  4.917  13482 1  -9.598  0.003    0   1   0 111   0   0  12    -99    -99  2111  4.996  13482 1  
    50968.4176    72332    East         300       0x101ff       2.4206           -9.534  0.002    0   1   0 198   0   0   3    -99    -99  5401  3.217  13482 1  -9.331  0.002    0   1   0 163   0   0  12    -99    -99  6427  3.193  13482 1  
    50978.3720    72851    East         300       0x101ff       2.2327           -9.764  0.003    0   1   4  89   0   0   3    -99    -99  3219  5.888  13482 1  -9.593  0.004    0   1   8 103   0   0  12    -99    -99  1743  6.062  13482 1  
    50983.3835    73270    East         300       0x101ff       2.4999           -9.806  0.004    0   1   0 198   0   0   3    -99    -99  5280  3.341  13482 1  -9.579  0.005    0   1   0 121   0   0  12    -99    -99  3005  3.419  13482 1  
    50994.8429    73681    West         300       0x101ff       1.5487           -9.672  0.002    0   1   0 148   0   0   6    -99    -99  5064  4.313  13482 1  -9.404  0.003    0   1   0 120   0   0   8    -99    -99  5730  4.457  13482 1  
    51000.7963    74089    West         300       0x101ff       1.7058           -9.529  0.002    0   1   0 198   0   0   6    -99    -99  3095  3.138  13482 1  -9.296  0.002    0   1   0 196   0   0   8    -99    -99  1974  3.083  13482 1  
    51005.7812    74410    West         300       0x101ff       1.7144           -9.585  0.002    0   1   0 162   0   0   6    -99    -99  9194  3.273  13482 1  -9.413  0.003    0   1   0 153   0   0   8    -99    -99 11438  3.403  13482 1  
    51025.8278    75083    West         300       0x101ff       1.3089           -9.721  0.002    0   1   0 153   0   0   6    -99    -99  2607  4.188  13482 1  -9.468  0.002    0   1   0 129 175   0   8    -99    -99  2317  4.385  13482 1  
    51033.7441    75263    West         300       0x101ff       1.5140           -9.571  0.003    0   1   0 122   0   0   6    -99    -99  9891  4.281  13482 1  -9.305  0.004    0   1   0 124   0   0   8    -99    -99 15734  4.486  13482 1  
    51047.8198    75580    West         300       0x101ff       1.2122           -9.688  0.002    0   1   0 160   0   0   6    -99    -99  4728  3.405  13482 1  -9.529  0.002    0   1   0 134   0   0   8    -99    -99  5782  3.487  13482 1  
    51053.7925    75996    West         300       0x101ff       1.2277           -9.666  0.002    0   1   0 188   0   0   6    -99    -99  1657  2.365  13482 1  -9.418  0.002    0   1   0 208   0   0   8    -99    -99  1224  2.272  13482 1  
    51057.6106    76261    West         300       0x101ff       1.9031           -9.676  0.003    0   1   0 104   0   0   6    -99    -99  6268  5.104  13482 1  -9.417  0.004    0   1   0 115   0   0   8    -99    -99  5254  5.392  13482 1  
    51062.6360    76469    West         300       0x000bf       1.6537           -9.689  0.002    0   1   0 202   0   0   6    -99    -99 14804  2.743  13482 1  -9.417  0.003    0   1   0 179 166   0   8    -99    -99 27656  2.710  13482 1  
    51072.7394    76674    West         300       0x101ff       1.2294           -9.613  0.002    0   1   0 156   0   0   6    -99    -99  2555  3.657  13482 1  -9.391  0.002    0   1   0 145   0   0   8    -99    -99  1864  3.786  13482 1  
    51074.7745    76803    West         300       0x000ff       1.1832           -9.623  0.002    0   1   0 147   0   0   6    -99    -99  3057  3.702  13482 1  -9.450  0.003    0   1   0 136   0   0   8    -99    -99  2383  3.782  13482 1  
    51084.6608    76995    West         300       0x101ff       1.3234           -9.726  0.003    0   1   0 117   0   0   6    -99    -99  2064  5.212  13482 1  -9.577  0.003    0   1   0 117   0   0   8    -99    -99  2072  5.378  13482 1  
    51086.5475    77107    West         300       0x101ff       1.7912           -9.704  0.002    0   1   0 194   0   0   6    -99    -99  5575  3.561  13482 1  -9.506  0.002    0   1   0 172   0   0   8    -99    -99  5379  3.511  13482 1  
    51089.5483    77265    West         300       0x101ff       1.7340           -9.646  0.004    0   1   0 104   0   0   6    -99    -99  9088  5.491  13482 1  -9.395  0.006    0   1   0 108   0   0   8    -99    -99 13250  5.637  13482 1  
    51099.5058    77411    West         300       0x101ff       1.8319           -9.648  0.049    8   9  82 102   0   0  -1    -99    -99   -99    -99      0 1  -9.387  0.062    0   1  82  91   0   0  -1    -99    -99   -99    -99      0 1  
    51100.7239    77524    West         300       0x0003f       1.1717           -9.556  0.002    0   1   0 134   0   0   6    -99    -99  2604  4.210  13482 1  -9.236  0.003    0   1   0 131   0   0   8    -99    -99  2112  4.360  13482 1  
    51102.7183    77647    West         300       0x101ff       1.1717           -9.523  0.002    0   1   0 169   0   0   6    -99    -99  2548  3.052  13482 1  -9.218  0.002    0   1   0 130   0   0   8    -99    -99  2191  3.013  13482 1  
    51106.7227    77743    West         300       0x101ff       1.1679           -9.508  0.002    0   1   0 154   0   0   6    -99    -99  2339  3.969  13482 1  -9.213  0.003    0   1   0 135   0   0   8    -99    -99  1741  4.040  13482 1  
    51109.7144    77863    West         300       0x101ff       1.1679           -9.531  0.002    0   1   0 193   0   0   6    -99    -99  2564  2.847  13482 1  -9.291  0.002    0   1   0 165   0   0   8    -99    -99  1523  2.838  13482 1  
    51112.5985    78002    West         300       0x101ff       1.2888           -9.590  0.004    0   1   0 100   0   0   6    -99    -99  3882  4.510  13482 1  -9.397  0.005    0   1   0 119   0   0   8    -99    -99  3460  4.647  13482 1  
    51114.6655    78130    West         300       0x101ff       1.1830           -9.670  0.003    0   1   0 211   0   0   6    -99    -99  3003  3.676  13482 1  -9.523  0.003    0   1   0 207   0   0   8    -99    -99  2546  3.313  13482 1  
    51119.6190    78248    West         300       0x101ff       1.2177           -9.790  0.002    0   1 255 202 215   0   6    -99    -99  7371  2.367  13482 1  -9.694  0.002    0   1   0 172   0   0   8    -99    -99 10500  2.364  13482 1  
    51127.5349    78377    West         300       0x101ff       1.3459           -9.697  0.002    0   1   0 181   0   0   6    -99    -99  3341  3.006  13482 1  -9.442  0.002    0   1   0 151   0   0   8    -99    -99  2451  3.078  13482 1  
    51132.7239    78469    West         300       0x000ff       1.2063           -9.652  0.002    0   1   0 198   0   0   6    -99    -99  2092  2.855  13482 1  -9.347  0.002    0   1   0 167   0   0   8    -99    -99  1571  2.788  13482 1  
    51139.5103    78555    West         300       0x101ff       1.3238           -9.567  0.005    0   1  24  74   0   0   6    -99    -99  2309  6.583  13482 1  -9.306  0.007    0   1  28  91   0   0   8    -99    -99  1989  6.913  13482 1  
    51144.6862    78659    West         300       0x101ff       1.2006           -9.563  0.003    0   1   3 151   0   0   6    -99    -99  1751  5.548  13482 1  -9.383  0.004    0   1  19 147 153   0   8    -99    -99  1150  5.996  13482 1  
    51148.6424    78772    West         300       0x101ff       1.1745           -9.581  0.002    0   1   0 208   0   0   6    -99    -99  6324  2.725  13482 1  -9.424  0.002    0   1   0 174 109   0   8    -99    -99  6825  2.657  13482 1  
    51157.6285    78922    West         300       0x101ff       1.1809           -9.749  0.002    0   1   0 202   0   0   6    -99    -99  2455  3.227  13482 1  -9.586  0.002    0   1 255 170 207   0   8    -99    -99  2181  3.252  13482 1  
    51167.7061    79052    East         300       0x101ff       1.3658           -9.632  0.003    0   1   0 141   0   0   3    -99    -99  1937  5.240  13482 1  -9.353  0.004    0   1   0 102   0   0  12    -99    -99  1393  5.328  13482 1  
    51167.7281    79057    East         300       0x101ff       1.4395           -9.651  0.003    0   1   0 118   0   0   3    -99    -99  3618  5.182  13482 1  -9.351  0.004    0   1   0 118   0   0  12    -99    -99  2649  5.317  13482 1  
    51171.6438    79170    East         300       0x101ff       1.2450           -9.601  0.002    0   1   0 210   0   0   3    -99    -99  1585  2.630  13482 1  -9.297  0.002    0   1   0 200   0   0  12    -99    -99  1163  2.636  13482 1  
    51176.6114    79277    East         300       0x101ff       1.2158           -9.562  0.002    0   1   0 189   0   0   3    -99    -99  4684  3.177  13482 1  -9.269  0.003    0   1   0 149   0   0  12    -99    -99  4041  3.227  13482 1  
    51180.6523    79370    East         300       0x101ff       1.3154           -9.619  0.002    0   1   0 174   0   0   3    -99    -99 13656  2.747  13482 1  -9.399  0.003    0   1   0 142   0   0  12    -99    -99 12240  2.705  13482 1  
    51183.5396    79492    West         300       0x101ff       1.1715              -99    -99  999 999 999 999 999 999  -1    -99    -99   -99    -99      0 0  -9.515  0.002    0   1   0 204   0   0   8    -99    -99  4528  3.012  13482 1  
    51187.7224    79602    East         300       0x101ff       1.6622           -9.742  0.002    0   1   0 172   0   0   3    -99    -99  3964  4.355  13482 1  -9.624  0.002    0   1   0 143   0   0  12    -99    -99  2764  4.196  13482 1  
    51193.6577    79709    East         300       0x101ff       1.4420           -9.780  0.003    0   1   0 147   0   0   3    -99    -99  3256  2.946  13482 1  -9.601  0.003    0   1   0 118   0   0  12    -99    -99  2214  2.897  13482 1  
    51204.6738    79818    East         300       0x101fb       1.6503           -9.653  0.003    0   1   0 218   0   0   3    -99    -99  2413  2.885  13482 1  -9.330  0.003    0   1   0 131   0   0  12    -99    -99  1779  2.857  13482 1  
    51210.5673    79920    East         300       0x1017f       1.3075           -9.531  0.002    0   1   0 155   0   0   3    -99    -99  7927  3.563  13482 1  -9.212  0.003    0   1   0 137   0   0  12    -99    -99 11606  3.707  13482 1  
    51223.6226    80046    East         300       0x101fb       1.6547           -9.785  0.001    0   1   0 253   0   0   3    -99    -99  2670  2.777  13482 1  -9.701  0.002    0   1 255 218 207   0  12    -99    -99  1750  2.583  13482 1  
    51226.5641    80135    East         300       0x101ff       1.4290           -9.831  0.003    0   1   0 184   0   0   3    -99    -99  5226  3.931  13482 1  -9.729  0.004    0   1   0 118   0   0  12    -99    -99  3726  3.976  13482 1  
    51231.6194    80338    East         300       0x101ff       1.7649           -9.761  0.002    0   1   0 195   0   0   3    -99    -99  2429  3.834  13482 1  -9.547  0.002    0   1   0 158   0   0  12    -99    -99  1487  3.777  13482 1  
    51231.6639    80348    East         300       0x101ff       2.1010           -9.775  0.001    0   1   0 208   0   0   3    -99    -99  2691  3.199  13482 1  -9.558  0.002    0   1   0 173   0   0  12    -99    -99  1658  3.078  13482 1  
    51241.4944    80496    East         300       0x101ff       1.3385           -9.579  0.001    0   1   0 235   0   0   3    -99    -99  6920  2.721  13482 1  -9.284  0.002    0   1   0 161   0   0  12    -99    -99  8934  2.531  13482 1  
    51241.6393    80526    East         300       0x101ff       2.1255           -9.581  0.002    0   1   0 179   0   0   3    -99    -99  9532  3.983  13482 1  -9.277  0.003    0   1   0 132   0   0  12    -99    -99 13196  3.964  13482 1  
    51249.6070    80833    East         300       0x101ff       2.0345           -9.495  0.002    0   1   0 177   0   0   3    -99    -99  2450  3.363  13482 1  -9.199  0.002    0   1   0 152   0   0  12    -99    -99  1833  3.299  13482 1  
    51251.5170    80999    East         300       0x101ff       1.5008           -9.493  0.002    0   1   0 170   0   0   3    -99    -99  3098  3.581  13482 1  -9.216  0.002    0   1   0 134   0   0  12    -99    -99  2097  3.581  13482 1  
    51260.4979    81213    East         300       0x101ff       1.5375           -9.859  0.001    0   1   0 186   0   0   3    -99    -99  2632  3.396  13482 1  -9.726  0.001    0   1   0 188   0   0  12    -99    -99  1760  3.374  13482 1  
    51275.4562    81467    East         300       0x101bf       1.5340           -9.677  0.001    0   1   0 183   0   0   2    -99    -99  3210  2.661  13482 1  -9.396  0.002    0   1   0 172   0   0  12    -99    -99  2132  2.602  13482 1  
    51278.5228    81620    East         300       0x101af       1.9935           -9.565  0.002    0   1   0 231   0   0   2    -99    -99  1928  4.632  13482 1  -9.268  0.002    0   1   0 218   0   0  12    -99    -99  1361  4.676  13482 1  
    51283.4424    81989    East         300       0x101ff       1.5717           -9.471  0.002    0   1   0 134   0   0   2    -99    -99  3073  3.168  13482 1  -9.163  0.003    0   1   0 135   0   0  12    -99    -99  2551  3.186  13482 1  
    51288.4006    82412    East         300       0x101ff       1.4509           -9.498  0.002    0   1   0 156   0   0   2    -99    -99  3176  3.574  13482 1  -9.192  0.002    0   1   0 175   0   0  12    -99    -99  2471  3.590  13482 1  
    51291.3865    82711    East         300       0x101ff       1.4297           -9.574  0.002    0   1   0 136   0   0   2    -99    -99  4168  2.993  13482 1  -9.339  0.002    0   1   0 162   0   0  12    -99    -99  3704  3.055  13482 1  
    51298.4966    83114    East         300       0x101ff       2.2502           -9.855  0.003    0   1 255 146 229   0   2    -99    -99 14946  2.961  13482 1  -9.704  0.002    0   1   0 159   0   0  12    -99    -99 19610  2.921  13482 1  
    51301.3862    83375    East         300       0x101ff       1.5390           -9.871  0.002    0   1 255 204 227   0   2    -99    -99  3944  2.841  13482 1  -9.735  0.001    0   1   0 240   0   0  12    -99    -99  2323  2.723  13482 1  
    51304.4189    83725    East         300       0x101ff       1.7583              -99    -99  999 999 999 999 999 999   2    -99    -99  4171  2.398  13482 0  -9.696  0.002    0   1   0 188   0   0  12    -99    -99  2989  2.380  13482 1  
    51307.4450    83952    East         300       0x101ff       2.0052           -9.826  0.002    0   1   0 155   0   0   2    -99    -99  3036  3.501  13482 1  -9.614  0.002    0   1   0 168   0   0  12    -99    -99  1778  3.558  13482 1  
    51312.4590    84236    East         300       0x101ff       2.2573           -9.747  0.002    0   1   0 160   0   0   2    -99    -99  3767  3.944  13482 1  -9.511  0.002    0   1   0 169   0   0  12    -99    -99  2095  4.008  13482 1  
    51315.4199    84531    East         300       0x101ff       1.9794           -9.681  0.002    0   1   0 167   0   0   2    -99    -99  4754  2.509  13482 1  -9.441  0.002    0   1   0 186   0   0  12    -99    -99  2704  2.555  13482 1  
    51320.3890    85052    East         300       0x101ff       1.8505           -9.521  0.002    0   1   0 110   0   0   2    -99    -99  5122  3.058  13482 1  -9.273  0.002    0   1   0 138   0   0  12    -99    -99  4554  3.066  13482 1  
    51333.3853    85502    East         300       0x101ff       2.1028           -9.765  0.002    0   1   0 193   0   0   2    -99    -99  5339  2.916  13482 1  -9.612  0.002    0   1   0 202   0   0  12    -99    -99  2631  2.923  13482 1  
    51345.4120    86099    East         300       0x101ff       2.7592           -9.779  0.004    0   1  17  97   0   0   2    -99    -99  2931  6.403  13482 1  -9.586  0.005    0   1  24  92   0   0  12    -99    -99  2399  6.702  13482 1  
    51362.3388    87262    East         300       0x101ff       2.4315           -9.652  0.002    0   1   0 152   0   0   2    -99    -99 12195  3.651  13482 1  -9.489  0.002    0   1   0 165   0   0  12    -99    -99  5888  3.649  13482 1  
    51381.7999    88153    West         300       0x001bf       1.4739           -9.685  0.002    0   1   0 143   0   0   6    -99    -99  2705  4.726  13482 1  -9.439  0.003    0   1   0 129   0   0   8    -99    -99  2104  4.904  13482 1  
    51390.8090    88789    West         300       0x101fb       1.3583           -9.494  0.003    0   1   0  94   0   0   6    -99    -99  5615  5.555  13482 1  -9.216  0.005    0   1   1 101   0   0   8    -99    -99  7957  5.785  13482 1  
    51393.8155    89186    West         300       0x101ff       1.3184           -9.475  0.002    0   1   0 148   0   0   6    -99    -99  5969  3.355  13482 1  -9.191  0.002    0   1   0 158   0   0   8    -99    -99  4813  3.474  13482 1  
    51401.7696    89705    West         300       0x101ff       1.3870           -9.694  0.002    0   1   0 128   0   0   6    -99    -99  3466  5.038  13482 1  -9.519  0.003    0   1   0 127 202   0   8    -99    -99  2510  5.260  13482 1  
    51407.7076    90115    West         300       0x101ff       1.5661           -9.840  0.001    0   1   0 188   0   0   6    -99    -99  2950  3.471  13482 1  -9.715  0.002    0   1   0 193   0   0   8    -99    -99  2474  3.655  13482 1  
    51410.8108    90356    West         300       0x101ff       1.2326           -9.800  0.002    0   1   0 253   0   0   6    -99    -99  3232  4.213  13482 1  -9.631  0.002    0   1   0 232 219   0   8    -99    -99  2517  4.359  13482 1  
    51413.7862    90653    West         300       0x101ff       1.2614           -9.715  0.001    0   1   0 253   0   0   6    -99    -99  3048  2.219  13482 1  -9.547  0.002    0   1   0 206   0   0   8    -99    -99  2519  2.249  13482 1  
    51420.7941    91084    West         300       0x001bf       1.2170           -9.640  0.002    0   1   0 203   0   0   6    -99    -99  5779  2.848  13482 1  -9.380  0.002    0   1   0 201  98   0   8    -99    -99  6500  2.892  13482 1  
    51423.8003    91272    West         300       0x101ff       1.1993           -9.542  0.001    0   1   0 253   0   0   6    -99    -99  4798  2.336  13482 1  -9.298  0.002    0   1   0 235   0   0   8    -99    -99  3639  2.288  13482 1  
    51427.7259    91468    West         300       0x001bf       1.3097           -9.493  0.002    0   1   0 195   0   0   6    -99    -99  2245  3.699  13482 1  -9.223  0.003    0   1 255 179 221   0   8    -99    -99  2031  3.796  13482 1  
    51433.6522    91829    West         300       0x101ff       1.4967           -9.533  0.002    0   1   0 180   0   0   6    -99    -99  2926  3.290  13482 1  -9.305  0.002    0   1   0 161   0   0   8    -99    -99  2372  3.399  13482 1  
    51435.6653    92007    West         300       0x101ff       1.4251           -9.565  0.002    0   1   0 186   0   0   6    -99    -99  2937  3.149  13482 1  -9.342  0.002    0   1   0 176   0   0   8    -99    -99  2530  3.229  13482 1  
    51439.7615    92149    West         300       0x101ff       1.1943           -9.748  0.002    0   1   0 172   0   0   6    -99    -99  2504  3.710  13482 1  -9.612  0.002    0   1   0 179   0   0   8    -99    -99  2060  3.864  13482 1  
    51443.7533    92366    West         300       0x101ff       1.1917           -9.769  0.002    0   1   0 178   0   0   6    -99    -99  4694  3.397  13482 1  -9.609  0.002    0   1 255 153 221   0   8    -99    -99  4856  3.442  13482 1  
    51450.6600    92536    West         300       0x101ff       1.3174           -9.728  0.001    0   1   0 188   0   0   6    -99    -99  6339  2.742  13482 1  -9.482  0.002    0   1   0 153   0   0   8    -99    -99  5653  2.703  13482 1  
    51462.5585    92681    West         300       0x101ff       1.5602           -9.663  0.007    0   1  42  59   0   0   6    -99    -99  2733  7.661  13482 1  -9.461  0.009    0   1  45  68   0   0   8    -99    -99  2438  8.121  13482 1  
    51463.7259    92790    West         300       0x101ff       1.1730           -9.646  0.003    0   1   0 143   0   0   6    -99    -99  3758  3.721  13482 1  -9.455  0.003    0   1   0 146   0   0   8    -99    -99  3009  3.666  13482 1  
    51470.5811    92933    West         300       0x101ff       1.3866           -9.606  0.003    0   1   7 173   0   0   6    -99    -99  3768  5.438  13482 1  -9.428  0.004    0   1  12 159   0   0   8    -99    -99  4479  5.629  13482 1  
    51471.7367    93031    West         300       0x101fb       1.1681           -9.652  0.002    0   1   0 168   0   0   6    -99    -99  2051  3.941  13482 1  -9.497  0.002    0   1   0 159   0   0   8    -99    -99  1684  4.031  13482 1  
    51477.4999    93144    West         300       0x101ff       1.6487           -9.784  0.002    0   1   0 126   0   0   6    -99    -99 10482  4.558  13482 1  -9.650  0.003    0   1   0 129 145   0   8    -99    -99 10247  4.746  13482 1  
    51478.7004    93234    West         300       0x101ff       1.1684           -9.744  0.002    0   1   0 173   0   0   6    -99    -99  6595  3.645  13482 1  -9.590  0.002    0   1   0 165   0   0   8    -99    -99  5866  3.708  13482 1  
    51482.5570    93339    West         300       0x101ff       1.3601           -9.662  0.003    0   1   4 143   0   0   6    -99    -99  2545  5.423  13482 1  -9.426  0.003    0   1   8 124   0   0   8    -99    -99  2020  5.713  13482 1  
    51489.5915    93543    West         300       0x101fb       1.2383           -9.627  0.002    0   1   0 178   0   0   6    -99    -99  3166  3.537  13482 1  -9.334  0.003    0   1   0 171   0   0   8    -99    -99  2891  3.605  13482 1  
    51495.5140    93762    West         300       0x101ff       1.3830           -9.572  0.002    0   1   0 158   0   0   6    -99    -99  4730  3.425  13482 1  -9.274  0.003    0   1   0 157   0   0   8    -99    -99  3794  3.396  13482 1  
    51505.4977    93859    West         300       0x101ff       1.3500           -9.624  0.002    0   1   0 142   0   0   6    -99    -99 14054  3.190  13482 1  -9.453  0.002    0   1   0 157   0   0   8    -99    -99 14308  3.322  13482 1  
    51510.5233    93970    West         300       0x101ff       1.2575           -9.743  0.001    0   1   0 243   0   0   6    -99    -99  2214  2.830  13482 1  -9.616  0.001    0   1   0 249   0   0   8    -99    -99  1940  2.778  13482 1  
    51512.6675    94052    West         300       0x101fb       1.1904           -9.762  0.001    0   1   0 215   0   0   6    -99    -99  2594  2.716  13482 1  -9.619  0.002    0   1   0 179 148   0   8    -99    -99  2577  2.536  13482 1  
    51514.5658    94160    West         300       0x101ff       1.1861           -9.768  0.001    0   1   0 169   0   0   6    -99    -99  2434  3.317  13482 1  -9.614  0.002    0   1   0 185   0   0   8    -99    -99  1898  3.294  13482 1  
    51515.6389    94239    West         300       0x101ff       1.1758           -9.757  0.002    0   1   0 177   0   0   6    -99    -99  2135  3.871  13482 1  -9.602  0.002    0   1   0 159   0   0   8    -99    -99  1627  3.904  13482 1  
    51526.6839    94437    East         300       0x101ff       1.2696              -99    -99  999 999 999 999 999 999  -1    -99    -99   -99    -99      0 0  -9.394  0.002    0   1   0 162   0   0  12    -99    -99  2165  2.630  13482 1  
    51531.6985    94520    East         300       0x101ff       1.3373              -99    -99  999 999 999 999 999 999  -1    -99    -99   -99    -99      0 0  -9.285  0.003    0   1   0 115   0   0  12    -99    -99  1664  5.330  13482 1  
    51541.5617    94629    West         300       0x101ff       1.1728           -9.595  0.002    0   1   0 173   0   0   6    -99    -99  1823  3.272  13482 1  -9.400  0.002    0   1   0 161   0   0   8    -99    -99  1498  3.283  13482 1  
    51546.5203    94726    East         300       0x101fb       1.1666              -99    -99  999 999 999 999 999 999  -1    -99    -99   -99    -99      0 0  -9.614  0.003    0   1   0 161   0   0  12    -99    -99  3452  2.808  13482 1  
