!  Star 62.7360.41                         RA  05 25 45.674   DEC  -66 16 53.69
#  386 observations from the production databases
#  Field inception date: 50445.0417
#  Pixel coordinate system: none
#
#  Template         magnitude        chip coordinates        west-chunk
#     Red:            -8.225          871.42,  777.06            122
#    Blue:            -8.420          880.01,  783.98            117
#
!         Date    Obsid    Pier    Exposure     Checklist      Airmass             rMag   rErr  rDS rTF rCP rX2 rMP rCR  rA  rXpix  rYpix  rSky  rFWHM  rTobs r    bMag   bErr  bDS bTF bCP bX2 bMP bCR  bA  bXpix  bYpix  bSky  bFWHM  bTobs b  
    49001.6136     2765    West         300       0x101bf       1.3020              -99    -99  999 999 999 999 999 999  -1    -99    -99   -99    -99      0 0  -8.456  0.002    0   1   0 182   0   0  15    -99    -99  3170  3.627   7272 1  
    49021.7273     3300    East         300       0x101bf       2.2015           -8.194  0.004    0   1  18 186   0   0   4    -99    -99  2659  4.627   7272 1  -8.436  0.003    0   1   0 211   0   0  11    -99    -99  1809  4.436   7272 1  
    49042.6533     3658    East         300       0x101bf       2.0515           -8.219  0.003    0   1   0 153   0   0   4    -99    -99  2997  3.199   7272 1  -8.439  0.002    0   1   0 184   0   0  11    -99    -99  2220  3.085   7272 1  
    49045.6898     3847    East         300       0x101bf       2.5022           -8.221  0.005    0   1  22 100   0   0   4    -99    -99  2349  5.128   7272 1  -8.449  0.004    0   1   0 139   0   0  11    -99    -99  1972  5.389   7272 1  
    49083.6099     4996    East         300       0x101bf       2.7892           -8.226  0.014    0   1  26  94   0   0   4    -99    -99 31974  5.806   7272 1     -99    -99  999 999 999 999 999 999  -1    -99    -99   -99    -99      0 0  
    49095.5621     5422    East         300       0x101bf       2.6009           -8.223  0.003    3   1   0 172   0   0   4    -99    -99  2769  3.492   7272 1  -8.450  0.002    0   1   0 177   0   0  11    -99    -99  2430  3.233   7272 1  
    49114.4740     6486    East         300       0x101bf       2.2014           -8.191  0.006    0   1  14  92   0   0   4    -99    -99 16039  4.687   7272 1  -8.405  0.005    0   1   0 102   0   0  11    -99    -99 16325  4.825   7272 1  
    49123.4601     6946    East         300       0x101bf       2.3054           -8.198  0.003    0   1   9 141   0   0   4    -99    -99  4105  3.561   7272 1  -8.421  0.003    0   1   0 175   0   0  11    -99    -99  2656  3.696   7272 1  
    49126.4848     7272    East         300       0x101bf       2.6913           -8.227  0.003    0   1   0 186   0   0   4    -99    -99  4000  2.569   7272 1  -8.414  0.004    0   1  26 171   0   0  11    -99    -99  2740  2.692   7272 1  
    49144.4446     8115    East         300       0x101bf       2.8079           -8.220  0.013    0   1  30  95   0   0   4    -99    -99 14604  6.894   7272 1  -8.445  0.012    0   1  13 105   0   0  11    -99    -99 14723  7.269   7272 1  
    49164.7899     9112    West         300       0x100bf       1.9370              -99    -99  999 999 999 999 999 999  -1    -99    -99   -99    -99      0 0  -8.409  0.004    0   1   0 154   0   0  15    -99    -99  2537  5.187   7272 1  
    49183.8377     9836    West         300       0x101bf       1.4076              -99    -99  999 999 999 999 999 999  -1    -99    -99   -99    -99      0 0  -8.398  0.003    0   1   0 164   0   0  15    -99    -99  3114  4.383   7272 1  
    49189.7562    10258    West         300       0x101bf       1.7014              -99    -99  999 999 999 999 999 999  -1    -99    -99   -99    -99      0 0  -8.442  0.005    0   1   0 122   0   0  15    -99    -99  3802  4.752   7272 1  
    49203.7759    10744    West         300       0x101bf       1.4347              -99    -99  999 999 999 999 999 999  -1    -99    -99   -99    -99      0 0  -8.436  0.004    0   1   0 150   0   0  15    -99    -99  9703  3.982   7272 1  
    49211.7491    11204    West         300       0x101bf       1.4522              -99    -99  999 999 999 999 999 999  -1    -99    -99   -99    -99      0 0  -8.400  0.003    0   1   0 198   0   0  15    -99    -99  1967  3.824   7272 1  
    49222.6988    11798    West         300       0x101bf       1.5367              -99    -99  999 999 999 999 999 999  -1    -99    -99   -99    -99      0 0  -8.381  0.003    0   1   0 177   0   0  15    -99    -99  2685  3.747   7272 1  
    49224.7805    11979    West         300       0x101bf       1.2645              -99    -99  999 999 999 999 999 999  -1    -99    -99   -99    -99      0 0  -8.394  0.002    0   1   0 212   0   0  15    -99    -99  2179  2.537   7272 1  
    49233.7400    12110    West         300       0x101bf       1.2994              -99    -99  999 999 999 999 999 999  -1    -99    -99   -99    -99      0 0  -8.414  0.005    0   1   0 106   0   0  15    -99    -99  8025  5.657   7272 1  
    49254.7686    12207    West         300       0x101bf       1.1774              -99    -99  999 999 999 999 999 999  -1    -99    -99   -99    -99      0 0  -8.403  0.002    0   1   0 216   0   0  15    -99    -99  2158  3.736   7272 1  
    49257.7013    12422    West         300       0x101bf       1.2450              -99    -99  999 999 999 999 999 999  -1    -99    -99   -99    -99      0 0  -8.428  0.003    0   1   0 182   0   0  15    -99    -99  7244  2.526   7272 1  
    49264.7861    12554    West         300       0x101bf       1.1691              -99    -99  999 999 999 999 999 999  -1    -99    -99   -99    -99      0 0  -8.374  0.007    0   1   3 110   0   0  15    -99    -99 18940  5.967   7272 1  
    49270.7320    12825    West         300       0x101bf       1.1736              -99    -99  999 999 999 999 999 999  -1    -99    -99   -99    -99      0 0  -8.394  0.003    0   1   0 141   0   0  15    -99    -99  2647  5.140   7272 1  
    49283.6149    13097    West         300       0x101bf       1.2737              -99    -99  999 999 999 999 999 999  -1    -99    -99   -99    -99      0 0  -8.431  0.002    0   1   0 181   0   0  15    -99    -99  4303  2.518   7272 1  
    49289.7152    13297    West         300       0x101bf       1.1687              -99    -99  999 999 999 999 999 999  -1    -99    -99   -99    -99      0 0  -8.422  0.003    0   1   0 169   0   0  15    -99    -99  9223  4.312   7272 1  
    49307.6571    13482    West         300       0x101bf       1.1679              -99    -99  999 999 999 999 999 999  -1    -99    -99   -99    -99      0 0  -8.400  0.002    0   1   0 231   0   0  15    -99    -99  1884  2.719   7272 1  
    49312.6459    13651    West         300       0x101bf       1.1681              -99    -99  999 999 999 999 999 999  -1    -99    -99   -99    -99      0 0  -8.416  0.003    0   1   0 148   0   0  15    -99    -99  1564  5.205   7272 1  
    49317.6356    13838    West         300       0x101bf       1.1684              -99    -99  999 999 999 999 999 999  -1    -99    -99   -99    -99      0 0  -8.402  0.002    0   1   0 202   0   0  15    -99    -99  6379  2.747   7272 1  
    49375.6814    14017    East         300       0x101bf       1.6408           -8.211  0.005    0   1  26 148   0   0   4    -99    -99  2751  5.453   7272 1  -8.443  0.003    0   1   0 161 155   0  11    -99    -99  2338  5.217   7272 1  
    49380.6853    14236    East         300       0x101bf       1.7417           -8.214  0.005    0   1  11 132   0   0   4    -99    -99 16857  3.538   7272 1  -8.413  0.004    0   1   0 135   0   0  11    -99    -99 24278  3.477   7272 1  
    49398.6630    14551    East         300       0x101bf       1.9228           -8.179  0.003    0   1   0 145   0   0   4    -99    -99  3015  3.516   7272 1     -99    -99  999 999 999 999 999 999  11    -99    -99  2404  3.545   7272 0  
    49406.7223    14752    East         300       0x101bf       2.7557           -8.198  0.004    0   1   8 140   0   0   4    -99    -99  4930  3.975   7272 1     -99    -99  999 999 999 999 999 999  11    -99    -99  4161  4.112   7272 0  
    49409.6738    14835    East         300       0x100bf       2.2823           -8.217  0.005    1   1  22 118   0   0   4    -99    -99 17127  4.351   7272 1     -99    -99  999 999 999 999 999 999  -1    -99    -99   -99    -99      0 0  
    49423.6015    15145    East         300       0x101bf       1.9819           -8.220  0.035   11   1  17  95   0   0   4    -99    -99  5938  4.967   7272 1     -99    -99  999 999 999 999 999 999  11    -99    -99  4749  4.829   7272 0  
    49424.5635    15183    East         300       0x101bf       1.7340           -8.244  0.008  -25   1   8 130   0   0   4    -99    -99  3882  4.171   7272 1     -99    -99  999 999 999 999 999 999  11    -99    -99  2701  3.762   7272 0  
    49424.5782    15186    East         300       0x101bf       1.8296           -8.215  0.003    5   1  18 138   0   0   4    -99    -99  3463  4.108   7272 1     -99    -99  999 999 999 999 999 999  11    -99    -99  2513  3.830   7272 0  
    49436.6455    15662    East         300       0x001bf       2.8329           -8.206  0.004    0   1   2 122   0   0   4    -99    -99 11778  3.777   7272 1     -99    -99  999 999 999 999 999 999  11    -99    -99 22264  3.976   7272 0  
    49451.6068    16285    East         300       0x101bf       2.8617           -8.220  0.005    0   1  14 101   0   0   4    -99    -99  4054  3.955   7272 1  -8.419  0.004    0   1   0 125   0   0  11    -99    -99  3329  4.049   7272 1  
    49472.4767    17208    East         300       0x101bf       2.0545           -8.200  0.003    0   1   0 148   0   0   4    -99    -99  3864  3.016   7272 1  -8.395  0.002    0   1   0 176   0   0  11    -99    -99  2282  3.154   7272 1  
    49513.7523    19083    West         300       0x101bf       2.7812              -99    -99  999 999 999 999 999 999  -1    -99    -99   -99    -99      0 0  -8.456  0.005    0   1   1 128   0   0  15    -99    -99  2747  5.878   7272 1  
    49537.7347    20127    West         300       0x101bf       2.2291              -99    -99  999 999 999 999 999 999  -1    -99    -99   -99    -99      0 0  -8.443  0.008    0   1  12 118   0   0  15    -99    -99  2864  7.514   7272 1  
    49542.7593    20557    West         300       0x101bf       1.9024              -99    -99  999 999 999 999 999 999  -1    -99    -99   -99    -99      0 0  -8.466  0.004    0   1   0 152   0   0  15    -99    -99  2565  5.327   7272 1  
    49553.6903    21167    West         300       0x101bf       2.2361              -99    -99  999 999 999 999 999 999  -1    -99    -99   -99    -99      0 0  -8.487  0.009    0   1  10 108   0   0  15    -99    -99 11100  6.883   7272 1  
    49556.7781    21398    West         300       0x00137       1.5633              -99    -99  999 999 999 999 999 999  -1    -99    -99   -99    -99      0 0  -8.450  0.004    0   1   0 152   0   0  15    -99    -99 12729  3.818   7272 1  
    49571.7948    22274    West         300       0x101bf       1.3487              -99    -99  999 999 999 999 999 999  -1    -99    -99   -99    -99      0 0  -8.472  0.005    0   1   1 121   0   0  15    -99    -99  2408  6.168   7272 1  
    49578.7527    22720    West         300       0x101bf       1.4213              -99    -99  999 999 999 999 999 999  -1    -99    -99   -99    -99      0 0  -8.439  0.002    0   1   0 197   0   0  15    -99    -99  2076  2.597   7272 1  
    49587.7525    23207    West         300       0x101bf       1.3450              -99    -99  999 999 999 999 999 999  -1    -99    -99   -99    -99      0 0  -8.446  0.004    0   1   0 151   0   0  15    -99    -99  9253  4.047   7272 1  
    49606.7166    24188    West         300       0x101bf       1.3036              -99    -99  999 999 999 999 999 999  -1    -99    -99   -99    -99      0 0  -8.485  0.002    0   1   0 190   0   0  15    -99    -99  2290  2.481   7272 1  
    49614.7314    24641    West         300       0x101bf       1.2315              -99    -99  999 999 999 999 999 999  -1    -99    -99   -99    -99      0 0  -8.503  0.017    0   1  19  96   0   0  15    -99    -99 13390  8.992   7272 1  
    49623.7147    25107    West         300       0x101bf       1.2199              -99    -99  999 999 999 999 999 999  -1    -99    -99   -99    -99      0 0  -8.466  0.004    0   1   0 137   0   0  15    -99    -99  2543  5.738   7272 1  
    49625.7416    25197    West         300       0x101af       1.1846              -99    -99  999 999 999 999 999 999  -1    -99    -99   -99    -99      0 0  -8.453  0.003    0   1   0 154   0   0  15    -99    -99  2333  4.049   7272 1  
    49639.6745    25750    West         300       0x101bf       1.2150              -99    -99  999 999 999 999 999 999  -1    -99    -99   -99    -99      0 0  -8.490  0.002    0   1   0 143   0   0  15    -99    -99  3447  2.454   7272 1  
    49649.6417    26094    West         300       0x101bf       1.2226              -99    -99  999 999 999 999 999 999  -1    -99    -99   -99    -99      0 0  -8.477  0.002    0   1   0 151   0   0  15    -99    -99  4218  2.290   7272 1  
    49670.6897    26462    West         300       0x101bf       1.1744              -99    -99  999 999 999 999 999 999  -1    -99    -99   -99    -99      0 0     -99    -99  999 999 999 999 999 999  -1    -99    -99   -99    -99      0 0  
    49690.7059    26827    West         300       0x101bf       1.2560              -99    -99  999 999 999 999 999 999  -1    -99    -99   -99    -99      0 0  -8.523  0.002    0   1   0 207   0   0  15    -99    -99  1745  2.348   7272 1  
    49691.7191    26886    West         300       0x101bf       1.2887              -99    -99  999 999 999 999 999 999  -1    -99    -99   -99    -99      0 0  -8.513  0.002    0   1   0 241   0   0  15    -99    -99  2172  3.071   7272 1  
    49692.7295    26946    West         300       0x101bf       1.3197              -99    -99  999 999 999 999 999 999  -1    -99    -99   -99    -99      0 0     -99    -99  999 999 999 999 999 999  -1    -99    -99   -99    -99      0 0  
    49696.7070    27063    West         300       0x100bf       1.2920              -99    -99  999 999 999 999 999 999  -1    -99    -99   -99    -99      0 0     -99    -99  999 999 999 999 999 999  -1    -99    -99   -99    -99      0 0  
    49697.7150    27124    West         300       0x101bf       1.3178              -99    -99  999 999 999 999 999 999  -1    -99    -99   -99    -99      0 0  -8.515  0.002    0   1   0 211   0   0  15    -99    -99  1710  2.640   7272 1  
    49703.5182    27296    West         300       0x101bf       1.1939              -99    -99  999 999 999 999 999 999  -1    -99    -99   -99    -99      0 0  -8.466  0.003    0   1   0 152   0   0  15    -99    -99 13702  3.029   7272 1  
    49704.7011    27376    East         300       0x101bf       1.3309           -8.297  0.004    0   1   9 175   0   0   4    -99    -99 12376  3.729   7272 1  -8.486  0.003    0   1 255 174 206   0  11    -99    -99 13396  3.589   7272 1  
    49716.5779    27466    West         300       0x101bf       1.1828              -99    -99  999 999 999 999 999 999  -1    -99    -99   -99    -99      0 0  -8.492  0.002    0   1   0 157   0   0  15    -99    -99  1947  3.077   7272 1  
    49728.6170    27618    West         300       0x101bf       1.2864              -99    -99  999 999 999 999 999 999  -1    -99    -99   -99    -99      0 0  -8.501  0.002    0   1   0 204   0   0  15    -99    -99  2566  2.678   7272 1  
    49730.7033    27731    East         300       0x101bf       1.6092           -8.312  0.003    0   1   6 161   0   0   4    -99    -99  2160  3.412   7272 1  -8.462  0.002    0   1 255 229 208   1  11    -99    -99  1817  3.243   7272 1  
    49740.4738    27814    West         300       0x101bf       1.1680              -99    -99  999 999 999 999 999 999  -1    -99    -99   -99    -99      0 0     -99    -99  999 999 999 999 999 999  -1    -99    -99   -99    -99      0 0  
    49742.4953    27906    East         300       0x101bf       1.1743           -8.310  0.003    0   1   2 141   0   0   4    -99    -99  2811  3.277   7272 1  -8.512  0.002    0   1   0 192   0   0  11    -99    -99  2350  3.258   7272 1  
    49748.4600    28094    East         300       0x101bf       1.1675           -8.302  0.003    0   1  12 137   0   0   4    -99    -99  2821  3.769   7272 1  -8.484  0.002    0   1   0 173   0   0  11    -99    -99  2477  3.740   7272 1  
    49749.6272    28154    East         300       0x101bf       1.4972           -8.319  0.002    0   1   4 130   0   0   4    -99    -99  2260  3.294   7272 1  -8.498  0.002    0   1   0 192   0   0  11    -99    -99  1852  3.304   7272 1  
    49751.6927    28231    East         300       0x101bf       1.8977           -8.315  0.004    0   1  22 129   0   0   4    -99    -99  2663  4.893   7272 1  -8.501  0.003    0   1   0 154   0   0  11    -99    -99  2193  5.077   7272 1  
    49755.5472    28347    East         300       0x101bf       1.2948           -8.291  0.002    0   1   0 168   0   0   4    -99    -99  2118  2.694   7272 1  -8.464  0.002    0   1   0 160   0   0  11    -99    -99  1976  2.572   7272 1  
    49760.6073    28452    East         300       0x101bf       1.5414           -8.288  0.003    0   1   0 150   0   0   4    -99    -99  6835  3.329   7272 1  -8.472  0.002    0   1   0 200 109   0  11    -99    -99  7692  3.027   7272 1  
    49765.7308    28595    East         300       0x101bf       2.6520           -8.298  0.005    0   1  23 124   0   0   4    -99    -99 10526  5.105   7272 1  -8.461  0.006    0   1   0 122   0   0  11    -99    -99 20026  5.329   7272 1  
    49768.7286    28657    East         300       0x101bf       2.7286           -8.316  0.004    0   1   0 117   0   0   4    -99    -99  6617  4.034   7272 1  -8.475  0.003    0   1   0 159   0   0  11    -99    -99  8129  4.173   7272 1  
    49787.6023    28784    East         300       0x101bf       1.9586           -8.335  0.003    0   1   8 114   0   0   4    -99    -99  4058  3.984   7272 1  -8.509  0.003    0   1   0 156   0   0  11    -99    -99  3659  3.863   7272 1  
    49789.6127    28909    East         300       0x101bf       2.0905           -8.347  0.004    0   1  14 126   0   0   4    -99    -99  6257  4.277   7272 1  -8.521  0.003    0   1   0 153 177   0  11    -99    -99  8524  4.276   7272 1  
    49791.5948    29001    East         300       0x101bf       1.9866           -8.344  0.003    0   1   3 118   0   0   4    -99    -99  9935  3.657   7272 1  -8.507  0.003    0   1   0 128   0   0  11    -99    -99 19236  3.884   7272 1  
    49795.6303    29134    East         300       0x101bf       2.4306           -8.326  0.003    0   1   2 139   0   0   4    -99    -99 10258  3.586   7272 1  -8.499  0.003    0   1   0 143 134   0  11    -99    -99 14612  3.526   7272 1  
    49800.5102    29357    East         300       0x101bf       1.5997           -8.307  0.003    0   1  19 139   0   0   4    -99    -99  1945  4.021   7272 1  -8.495  0.002    0   1   0 171   0   0  11    -99    -99  1628  3.688   7272 1  
    49802.5605    29470    East         300       0x101bf       1.9515           -8.313  0.002    0   1   0 148   0   0   4    -99    -99  2251  3.069   7272 1  -8.462  0.002    0   1   0 198   0   0  11    -99    -99  2088  2.920   7272 1  
    49807.5747    29684    East         300       0x101bf       2.1929           -8.318  0.003    0   1  13 120   0   0   4    -99    -99  2307  4.178   7272 1  -8.493  0.002    0   1   0 150 134   0  11    -99    -99  2073  4.158   7272 1  
    49818.5710    30062    East         300       0x101bf       2.4703           -8.340  0.002    0   1   0 146   0   0   4    -99    -99  6412  2.577   7272 1  -8.507  0.002    0   1   0 158  93   0  11    -99    -99 10412  2.514   7272 1  
    49832.4981    30574    East         300       0x101bf       2.1162           -8.344  0.002    0   1   0 147   0   0   4    -99    -99  2694  2.991   7272 1  -8.514  0.002    0   1   0 168   0   0  11    -99    -99  2217  2.925   7272 1  
    49873.4392    31557    East         300       0x101bf       2.6944           -8.355  0.003    0   1   3 136   0   0   4    -99    -99  4861  3.630   7272 1  -8.526  0.002    0   1   0 167   0   0  11    -99    -99  3927  3.577   7272 1  
    49888.4088    32021    East         300       0x101bf       2.8343           -8.352  0.011    0   1  38  99   0   0   4    -99    -99  3492  8.969   7272 1  -8.515  0.010    0   1  24  97 162   0  11    -99    -99  2554  9.134   7272 1  
    49892.8241    32413    West         300       0x101bf       1.7454              -99    -99  999 999 999 999 999 999  -1    -99    -99   -99    -99      0 0  -8.540  0.006    0   1   5 126   0   0  15    -99    -99  2604  6.787   7272 1  
    49922.7469    33394    West         300       0x101bf       1.7167              -99    -99  999 999 999 999 999 999  -1    -99    -99   -99    -99      0 0  -8.546  0.003    0   1   0 147   0   0  15    -99    -99  1816  4.554   7272 1  
    49933.6755    34012    West         300       0x101bf       2.0064              -99    -99  999 999 999 999 999 999  -1    -99    -99   -99    -99      0 0  -8.522  0.002    0   1   0 183   0   0  15    -99    -99  1765  3.439   7272 1  
    49936.6536    34164    West         300       0x101bf       2.1239              -99    -99  999 999 999 999 999 999  -1    -99    -99   -99    -99      0 0  -8.510  0.006    0   1   0 124   0   0  15    -99    -99  6812  4.547   7272 1  
    49938.7785    34406    West         300       0x101bf       1.3830              -99    -99  999 999 999 999 999 999  -1    -99    -99   -99    -99      0 0  -8.529  0.004    0   1   0 131   0   0  15    -99    -99  8170  4.292   7272 1  
    49942.6103    34779    West         300       0x101bf       2.3926              -99    -99  999 999 999 999 999 999  -1    -99    -99   -99    -99      0 0  -8.505  0.003    0   1   0 155   0   0  15    -99    -99 10581  3.558   7272 1  
    49944.6278    34990    West         300       0x101bf       2.1613              -99    -99  999 999 999 999 999 999  -1    -99    -99   -99    -99      0 0  -8.514  0.003    0   1   0 152   0   0  15    -99    -99  5356  3.559   7272 1  
    49946.6586    35110    West         300       0x101bf       1.8651              -99    -99  999 999 999 999 999 999  -1    -99    -99   -99    -99      0 0  -8.524  0.004    0   1   0 144   0   0  15    -99    -99  2807  5.737   7272 1  
    49948.6490    35295    West         300       0x101bf       1.8952              -99    -99  999 999 999 999 999 999  -1    -99    -99   -99    -99      0 0  -8.526  0.005    0   1   3 128   0   0  15    -99    -99  2022  6.542   7272 1  
    49952.6120    35538    West         300       0x101bf       2.1068              -99    -99  999 999 999 999 999 999  -1    -99    -99   -99    -99      0 0  -8.527  0.003    0   1   0 171   0   0  15    -99    -99  2501  3.288   7272 1  
    49955.6829    35762    West         300       0x101bf       1.5773              -99    -99  999 999 999 999 999 999  -1    -99    -99   -99    -99      0 0  -8.538  0.004    0   1   0 141   0   0  15    -99    -99  2820  4.723   7272 1  
    49957.7275    35897    West         300       0x101bf       1.3807              -99    -99  999 999 999 999 999 999  -1    -99    -99   -99    -99      0 0  -8.509  0.002    0   1   0 190   0   0  15    -99    -99  1903  2.470   7272 1  
    49961.7272    36051    West         300       0x101bf       1.3490              -99    -99  999 999 999 999 999 999  -1    -99    -99   -99    -99      0 0  -8.520  0.002    0   1   0 184   0   0  15    -99    -99  1700  3.283   7272 1  
    49965.7722    36190    West         300       0x101bf       1.2285              -99    -99  999 999 999 999 999 999  -1    -99    -99   -99    -99      0 0  -8.562  0.002    0   9   0 155   0   0  15    -99    -99  1615  4.010   7272 1  
    49970.6817    36399    West         300       0x101bf       1.4142              -99    -99  999 999 999 999 999 999  -1    -99    -99   -99    -99      0 0  -8.548  0.003    0   1   0 140   0   0  15    -99    -99 10798  3.633   7272 1  
    49981.7755    36755    West         300       0x101af       1.1787              -99    -99  999 999 999 999 999 999  -1    -99    -99   -99    -99      0 0  -8.542  0.003    0   1   0 156   0   0  15    -99    -99  1787  4.304   7272 1  
    49986.7533    36895    West         300       0x101bf       1.1846              -99    -99  999 999 999 999 999 999  -1    -99    -99   -99    -99      0 0  -8.498  0.002    0   1   0 169   0   0  15    -99    -99  1712  3.584   7272 1  
    49989.7313    37007    West         300       0x101bf       1.1971              -99    -99  999 999 999 999 999 999  -1    -99    -99   -99    -99      0 0  -8.504  0.003    0   1   0 159   0   0  15    -99    -99  2300  2.743   7272 1  
    49994.6991    37106    West         300       0x101bf       1.2198              -99    -99  999 999 999 999 999 999  -1    -99    -99   -99    -99      0 0  -8.510  0.002    0   1   0 175   0   0  15    -99    -99  3310  3.393   7272 1  
    49997.6290    37250    West         300       0x101bf       1.3486              -99    -99  999 999 999 999 999 999  -1    -99    -99   -99    -99      0 0  -8.503  0.007    0   1   0 119   0   0  15    -99    -99 14800  5.666   7272 1  
    49998.6132    37320    West         300       0x101bf       1.3881              -99    -99  999 999 999 999 999 999  -1    -99    -99   -99    -99      0 0  -8.512  0.003    0   1   0 169   0   0  15    -99    -99 19702  2.731   7272 1  
    50005.5677    37467    West         300       0x101bf       1.4830              -99    -99  999 999 999 999 999 999  -1    -99    -99   -99    -99      0 0  -8.513  0.002    0   1   0 151   0   0  15    -99    -99  2810  2.282   7272 1  
    50006.7406    37585    West         300       0x101bf       1.1680              -99    -99  999 999 999 999 999 999  -1    -99    -99   -99    -99      0 0  -8.522  0.002    0   1   0 207   0   0  15    -99    -99  3001  2.642   7272 1  
    50013.7069    37700    West         300       0x101bf       1.1702              -99    -99  999 999 999 999 999 999  -1    -99    -99   -99    -99      0 0  -8.548  0.002    0   1   0 181   0   0  15    -99    -99  1755  3.364   7272 1  
    50021.5239    37810    West         300       0x101bf       1.4838              -99    -99  999 999 999 999 999 999  -1    -99    -99   -99    -99      0 0  -8.538  0.003    0   1   0 197   0   0  15    -99    -99  4575  4.051   7272 1  
    50038.5464    38063    West         300       0x101bf       1.2765              -99    -99  999 999 999 999 999 999  -1    -99    -99   -99    -99      0 0  -8.496  0.002   -1   1   0 169   0   0  15    -99    -99  2584  2.463   7272 1  
    50046.5451    38196    West         300       0x101bf       1.2380              -99    -99  999 999 999 999 999 999  -1    -99    -99   -99    -99      0 0  -8.535  0.005    0   1   0 111 175   0  15    -99    -99  4086  3.805   7272 1  
    50048.5988    38298    West         300       0x101bf       1.1751              -99    -99  999 999 999 999 999 999  -1    -99    -99   -99    -99      0 0  -8.540  0.002    0   1   0 232   0   0  15    -99    -99  2138  2.140   7272 1  
    50057.6886    38379    West         300       0x101bf       1.2344              -99    -99  999 999 999 999 999 999  -1    -99    -99   -99    -99      0 0  -8.546  0.003    0   1   0 128   0   0  15    -99    -99  9529  4.343   7272 1  
    50061.7193    38489    West         300       0x101bf       1.3201              -99    -99  999 999 999 999 999 999  -1    -99    -99   -99    -99      0 0  -8.551  0.004    0   1   0 161   0   0  15    -99    -99  5655  5.467   7272 1  
    50063.7152    38554    West         300       0x101bf       1.3238              -99    -99  999 999 999 999 999 999  -1    -99    -99   -99    -99      0 0  -8.540  0.002    0   1   0 165   0   0  15    -99    -99  4635  3.711   7272 1  
    50071.6663    38665    West         300       0x101bf       1.2626              -99    -99  999 999 999 999 999 999  -1    -99    -99   -99    -99      0 0  -8.532  0.002    0   1   0 175   0   0  15    -99    -99  1626  3.672   7272 1  
    50073.5782    38732    West         300       0x101bf       1.1710              -99    -99  999 999 999 999 999 999  -1    -99    -99   -99    -99      0 0  -8.491  0.002    0   1   0 159   0   0  15    -99    -99  1980  3.980   7272 1  
    50077.5731    38792    West         300       0x101bf       1.1732              -99    -99  999 999 999 999 999 999  -1    -99    -99   -99    -99      0 0  -8.508  0.002    0   1   0 218   0   0  15    -99    -99  1964  2.200   7272 1  
    50088.6952    38898    East         300       0x101bf       1.4822           -8.312  0.002    0   1   0 159   0   0   4    -99    -99  9535  2.602   7272 1  -8.481  0.002    0   1   0 148  96   0  11    -99    -99 12487  2.379   7272 1  
    50089.7152    38951    East         300       0x101bf       1.5838           -8.352  0.003    0   1   0 134   0   0   4    -99    -99  7298  3.052   7272 1  -8.502  0.002    0   1   0 165 198   0  11    -99    -99 11162  2.997   7272 1  
    50108.5504    39231    East         300       0x001bf       1.2353           -8.364  0.002    0   1   0 194   0   0   4    -99    -99  2149  2.502   7272 1  -8.549  0.002    0   1   0 181   0   0  11    -99    -99  1815  2.252   7272 1  
    50118.7171    39383    East         300       0x001bf       2.1399           -8.390  0.007    0   1  25 105   0   0   4    -99    -99 17960  5.552   7272 1     -99    -99  999 999 999 999 999 999  -1    -99    -99   -99    -99      0 0  
    50123.7016    39427    East         300       0x101af       2.1228           -8.370  0.004    0   1  27 118   0   0   4    -99    -99  5836  5.051   7272 1  -8.534  0.004    0   9   0 130   0   0  11    -99    -99  6389  5.141   7272 1  
    50125.6774    39520    East         300       0x101bf       1.9646           -8.356  0.004    0   1  23 120   0   0   4    -99    -99  3029  5.345   7272 1  -8.529  0.003    0   1   0 138   0   0  11    -99    -99  2867  5.215   7272 1  
    50127.5284    39623    East         300       0x101bf       1.2936           -8.344  0.003    0   1  11 175   0   0   4    -99    -99  1607  4.229   7272 1  -8.505  0.002    0   1   0 179   0   0  11    -99    -99  1441  3.824   7272 1  
    50131.7338    39842    East         300       0x001bf       2.7175           -8.342  0.003    0   1  10 156   0   0   4    -99    -99  2173  4.010   7272 1  -8.514  0.003    0   9   0 170 189   0  11    -99    -99  1869  3.821   7272 1  
    50154.6018    40286    East         300       0x101bf       1.9940           -8.397  0.002    0   1   0 156   0   0   4    -99    -99  4442  2.137   7272 1  -8.569  0.002    0   1 255 173 221   0  11    -99    -99  3361  1.841   7272 1  
    50186.4775    41511    East         300       0x101bf       1.7328           -8.383  0.004    0   1  21 122   0   0   4    -99    -99  2714  4.833   7272 1  -8.557  0.003    0   1   0 134 159   0  11    -99    -99  2067  4.828   7272 1  
    50193.4749    41696    East         300       0x101bf       1.8398           -8.407  0.003    0   1   2 125   0   0   4    -99    -99  3148  3.693   7272 1  -8.565  0.002    0   1   0 171 199   0  11    -99    -99  2038  3.593   7272 1  
    50197.4847    41807    East         300       0x101bf       1.9966           -8.385  0.003    0   1  18 115   0   0   4    -99    -99  3457  4.433   7272 1  -8.533  0.003    0   1   0 126 184   0  11    -99    -99  2891  4.574   7272 1  
    50200.4226    42121    East         300       0x001bf       1.6376           -8.383  0.003    0   1   5 113   0   0   4    -99    -99  5027  3.987   7272 1  -8.544  0.002    0   1   0 136   0   0  11    -99    -99  4746  4.045   7272 1  
    50218.5141    42922    East         300       0x101bf       2.9607           -8.367  0.003    0   1  18 189   0   0   4    -99    -99  3375  4.045   7272 1  -8.518  0.002    0   1   0 183   0   0  11    -99    -99  2186  4.249   7272 1  
    50220.4359    43095    East         300       0x0013f       2.1151           -8.363  0.002    0   1   5 208   0   0   4    -99    -99  3281  3.427   7272 1  -8.530  0.002    0   1   0 236   0   0  11    -99    -99  1806  3.437   7272 1  
    50225.4537    43396    East         300       0x101bf       2.4342           -8.367  0.008    0   1  37 101   0   0   4    -99    -99  3410  7.926   7272 1  -8.554  0.007    0   1  18 103   0   0  11    -99    -99  2297  8.348   7272 1  
    50228.4276    43626    East         300       0x001bf       2.2433           -8.403  0.002    0   1   0 128   0   0   4    -99    -99  3888  2.965   7272 1  -8.553  0.002    0   1   0 146   0   0  11    -99    -99  4000  2.893   7272 1  
    50229.8281    43857    West         300       0x001bf       2.3475              -99    -99  999 999 999 999 999 999  -1    -99    -99   -99    -99      0 0  -8.522  0.013    0   1   3 108   0   0  15    -99    -99  4487  6.265   7272 1  
    50254.8154    45417    West         300       0x101bf       1.8619              -99    -99  999 999 999 999 999 999  -1    -99    -99   -99    -99      0 0  -8.571  0.003    0   1   0 155   0   0  15    -99    -99  2175  4.801   7272 1  
    50277.8157    46374    West         300       0x101bf       1.5104              -99    -99  999 999 999 999 999 999  -1    -99    -99   -99    -99      0 0  -8.527  0.003    0   1   0 160   0   0  15    -99    -99  2053  4.958   7272 1  
    50301.7937    46782    West         300       0x001bf       1.3555              -99    -99  999 999 999 999 999 999  -1    -99    -99   -99    -99      0 0  -8.561  0.002    0   1   0 159   0   0  15    -99    -99  2411  4.447   7272 1  
    50303.7189    46921    West         300       0x101bf       1.6330              -99    -99  999 999 999 999 999 999  -1    -99    -99   -99    -99      0 0  -8.555  0.003    0   1   0 165   0   0  15    -99    -99  2451  4.529   7272 1  
    50305.7764    47172    West         300       0x101bf       1.3743              -99    -99  999 999 999 999 999 999  -1    -99    -99   -99    -99      0 0  -8.569  0.002    0   1   0 166   0   0  15    -99    -99  2467  2.080   7272 1  
    50308.6764    47448    West         300       0x101bf       1.8048              -99    -99  999 999 999 999 999 999  -1    -99    -99   -99    -99      0 0  -8.540  0.003    0   1   0 163   0   0  15    -99    -99  2528  4.998   7272 1  
    50310.7231    47539    West         300       0x101bf       1.5209              -99    -99  999 999 999 999 999 999  -1    -99    -99   -99    -99      0 0  -8.533  0.003    0   1   0 169   0   0  15    -99    -99  2162  4.768   7272 1  
    50314.7971    47786    West         300       0x0013f       1.2620              -99    -99  999 999 999 999 999 999  -1    -99    -99   -99    -99      0 0  -8.542  0.002    0   1   0 184   0   0  15    -99    -99  2147  3.280   7272 1  
    50319.7445    48096    West         300       0x000bd       1.3559              -99    -99  999 999 999 999 999 999  -1    -99    -99   -99    -99      0 0  -8.517  0.002    0   1   0 226   0   0  15    -99    -99  2398  2.814   7272 1  
    50344.7409    48752    West         300       0x101bf       1.2191              -99    -99  999 999 999 999 999 999  -1    -99    -99   -99    -99      0 0  -8.548  0.005    0   1   0 122   0   0  15    -99    -99  4703  3.764   7272 1  
    50348.6772    48842    West         300       0x101bf       1.3231              -99    -99  999 999 999 999 999 999  -1    -99    -99   -99    -99      0 0  -8.554  0.004    0   1   0 141   0   0  15    -99    -99  3252  6.098   7272 1  
    50350.5644    48955    West         300       0x101bf       1.7869              -99    -99  999 999 999 999 999 999  -1    -99    -99   -99    -99      0 0  -8.540  0.004    0   1   0 137   0   0  15    -99    -99 12375  4.740   7272 1  
    50352.7420    49052    West         300       0x101bf       1.1923              -99    -99  999 999 999 999 999 999  -1    -99    -99   -99    -99      0 0  -8.551  0.003    0   1   0 131   0   0  15    -99    -99 14979  3.967   7272 1  
    50359.7710    49171    West         300       0x101bf       1.1677              -99    -99  999 999 999 999 999 999  -1    -99    -99   -99    -99      0 0  -8.532  0.002   -1   1   0 150   0   0  15    -99    -99  3684  2.353   7272 1  
    50364.6944    49279    West         300       0x101bf       1.2085              -99    -99  999 999 999 999 999 999  -1    -99    -99   -99    -99      0 0  -8.517  0.003    0   1   0 162   0   0  15    -99    -99  2556  3.864   7272 1  
    50368.7152    49423    West         300       0x101af       1.1789              -99    -99  999 999 999 999 999 999  -1    -99    -99   -99    -99      0 0  -8.524  0.002    0   1   0 158   0   0  15    -99    -99  1930  4.039   7272 1  
    50369.7412    49504    West         300       0x101af       1.1681              -99    -99  999 999 999 999 999 999  -1    -99    -99   -99    -99      0 0  -8.512  0.002    0   1   0 157   0   0  15    -99    -99  2060  2.501   7272 1  
    50370.7205    49571    West         300       0x101bf       1.1732              -99    -99  999 999 999 999 999 999  -1    -99    -99   -99    -99      0 0  -8.533  0.002    0   1   0 234   0   0  15    -99    -99  2031  2.094   7272 1  
    50371.7058    49643    West         300       0x101bf       1.1797              -99    -99  999 999 999 999 999 999  -1    -99    -99   -99    -99      0 0  -8.536  0.003    0   1   0 158   0   0  15    -99    -99  2731  3.143   7272 1  
    50374.7174    49705    West         300       0x101bf       1.1702              -99    -99  999 999 999 999 999 999  -1    -99    -99   -99    -99      0 0  -8.518  0.002    0   1   0 157   0   0  15    -99    -99  1968  4.251   7272 1  
    50376.7036    49767    West         300       0x101bf       1.1734              -99    -99  999 999 999 999 999 999  -1    -99    -99   -99    -99      0 0  -8.551  0.002    0   1   0 159   0   0  15    -99    -99  2263  3.775   7272 1  
    50377.7300    49843    West         300       0x101bf       1.1677              -99    -99  999 999 999 999 999 999  -1    -99    -99   -99    -99      0 0  -8.545  0.002   -2   1   0 191   0   0  15    -99    -99  2329  2.117   7272 1  
    50379.7422    49900    West         300       0x101bf       1.1716              -99    -99  999 999 999 999 999 999  -1    -99    -99   -99    -99      0 0  -8.544  0.002    0   1   0 187   0   0  15    -99    -99  2138  2.202   7272 1  
    50385.5883    50018    West         300       0x101af       1.2936              -99    -99  999 999 999 999 999 999  -1    -99    -99   -99    -99      0 0  -8.568  0.002    0   1   0 172   0   0  15    -99    -99  5194  3.533   7272 1  
    50388.7289    50088    West         300       0x001bf       1.1769              -99    -99  999 999 999 999 999 999  -1    -99    -99   -99    -99      0 0  -8.548  0.002    0   1   0 152   0   0  15    -99    -99  3476  2.595   7272 1  
    50389.6728    50141    West         300       0x101bf       1.1715              -99    -99  999 999 999 999 999 999  -1    -99    -99   -99    -99      0 0  -8.502  0.002    0   1   0 253   0   0  15    -99    -99  2680  1.956   7272 1  
    50396.6223    50243    West         300       0x101bf       1.1920              -99    -99  999 999 999 999 999 999  -1    -99    -99   -99    -99      0 0  -8.533  0.002    0   1   0 175   0   0  15    -99    -99  1563  3.820   7272 1  
    50396.6754    50255    West         300       0x101bf       1.1676              -99    -99  999 999 999 999 999 999  -1    -99    -99   -99    -99      0 0  -8.546  0.002    0   1   0 169   0   0  15    -99    -99  1510  3.534   7272 1  
    50397.6213    50307    West         300       0x101bf       1.1904              -99    -99  999 999 999 999 999 999  -1    -99    -99   -99    -99      0 0  -8.539  0.002    0   1   0 158   0   0  15    -99    -99  2049  3.797   7272 1  
    50399.6026    50378    West         300       0x101bf       1.2041              -99    -99  999 999 999 999 999 999  -1    -99    -99   -99    -99      0 0  -8.527  0.003    0   1   0 165   0   0  15    -99    -99  1919  4.511   7272 1  
    50401.5812    50434    West         300       0x101bf       1.2252              -99    -99  999 999 999 999 999 999  -1    -99    -99   -99    -99      0 0  -8.510  0.002    0   1   0 180   0   0  15    -99    -99  2034  3.617   7272 1  
    50405.7354    50532    West         300       0x101bf       1.2336              -99    -99  999 999 999 999 999 999  -1    -99    -99   -99    -99      0 0  -8.534  0.002    0   1   0 144   0   0  15    -99    -99  3339  4.174   7272 1  
    50406.6792    50585    West         300       0x101bf       1.1766              -99    -99  999 999 999 999 999 999  -1    -99    -99   -99    -99      0 0  -8.493  0.002    0   1   0 161   0   0  15    -99    -99  1946  2.661   7272 1  
    50410.5668    50698    West         300       0x101bf       1.2111              -99    -99  999 999 999 999 999 999  -1    -99    -99   -99    -99      0 0  -8.518  0.002    0   1   0 156   0   0  15    -99    -99 10005  3.155   7272 1  
    50412.5937    50809    West         300       0x0013f       1.1799              -99    -99  999 999 999 999 999 999  -1    -99    -99   -99    -99      0 0  -8.515  0.003    0   1   0 145   0   0  15    -99    -99 10316  4.558   7272 1  
    50416.5847    50861    West         300       0x101bf       1.1787              -99    -99  999 999 999 999 999 999  -1    -99    -99   -99    -99      0 0  -8.529  0.002    0   1   0 188   0   0  15    -99    -99  5074  2.642   7272 1  
    50417.6943    50937    West         300       0x101bf       1.2212              -99    -99  999 999 999 999 999 999  -1    -99    -99   -99    -99      0 0  -8.537  0.003    0   1   0 169   0   0  15    -99    -99  2883  3.619   7272 1  
    50419.6989    51000    West         300       0x101bf       1.2365              -99    -99  999 999 999 999 999 999  -1    -99    -99   -99    -99      0 0  -8.534  0.002    0   1   0 165   0   0  15    -99    -99  2663  3.384   7272 1  
    50421.5680    51067    West         300       0x101bf       1.1808              -99    -99  999 999 999 999 999 999  -1    -99    -99   -99    -99      0 0  -8.556  0.002    0   1   0 190   0   0  15    -99    -99  1762  3.272   7272 1  
    50425.6855    51155    West         300       0x101bf       1.2413              -99    -99  999 999 999 999 999 999  -1    -99    -99   -99    -99      0 0  -8.546  0.002    0   1   0 218   0   0  15    -99    -99  1486  2.761   7272 1  
    50428.5745    51237    West         300       0x101bf       1.1691              -99    -99  999 999 999 999 999 999  -1    -99    -99   -99    -99      0 0  -8.573  0.002    0   1   0 186   0   0  15    -99    -99  1787  3.153   7272 1  
    50429.6429    51314    West         300       0x101bf       1.1980              -99    -99  999 999 999 999 999 999  -1    -99    -99   -99    -99      0 0  -8.567  0.003    0   1   0 127   0   0  15    -99    -99  1379  4.990   7272 1  
    50431.7064    51382    East         300       0x101bf       1.3199           -8.418  0.002    0   1   0 173   0   0   4    -99    -99  1975  2.562   7272 1  -8.562  0.002    0   1   0 160 122   0  11    -99    -99  1997  2.182   7272 1  
    50433.5412    51455    East         300       0x101bf       1.1757           -8.431  0.005    0   1  17 103   0   0   4    -99    -99  4904  4.192   7272 1  -8.579  0.004    0   1   0 113   0   0  11    -99    -99  4267  4.389   7272 1  
    50437.5154    51556    West         300       0x101bf       1.1875              -99    -99  999 999 999 999 999 999  -1    -99    -99   -99    -99      0 0  -8.548  0.002    0   1   0 172   0   0  15    -99    -99  5565  3.176   7272 1  
    50439.6575    51670    West         300       0x101bf       1.2598              -99    -99  999 999 999 999 999 999  -1    -99    -99   -99    -99      0 0  -8.562  0.003    0   1   0 154   0   0  15    -99    -99  5386  4.867   7272 1  
    50440.6758    51726    East         300       0x101bf       1.3054           -8.411  0.036    0   1  20  88   0   0   4    -99    -99 38547  4.626   7272 1  -8.560  0.022    5   1   0 101   0   0  11    -99    -99 29692  4.281   7272 1  
    50444.6965    51797    East         300       0x101bf       1.3947           -8.430  0.056    0   1   2 101   0   0   4    -99    -99 38759  3.233   7272 1  -8.559  0.035    0   1   0  87   0   0  11    -99    -99 30507  2.897   7272 1  
    50445.7070    51855    East         300       0x101bf       1.4408           -8.410  0.003    0   1  13 117   0   0   4    -99    -99  5151  3.953   7272 1  -8.553  0.002    0   1   0 148   0   0  11    -99    -99  7383  3.803   7272 1  
    50449.7265    51912    East         300       0x101bf       1.5692           -8.421  0.002    0   1   0 164   0   0   4    -99    -99  3868  2.449   7272 1  -8.537  0.002    0   1   0 182   0   0  11    -99    -99  4080  2.265   7272 1  
    50451.5555    51969    West         300       0x101ff       1.1762              -99    -99  999 999 999 999 999 999  -1    -99    -99   -99    -99      0 0  -8.536  0.002    0   1   0 137   0   0  15    -99    -99  1914  2.440   7272 1  
    50452.7386    52050    East         300       0x001bf       1.6744           -8.418  0.002    0   1   0 169   0   0   4    -99    -99  5905  2.899   7272 1  -8.519  0.002    0   1   0 156 202   0  11    -99    -99  4666  2.676   7272 1  
    50455.6474    52127    East         300       0x001bf       1.3375           -8.387  0.003    0   1  10 132   0   0   4    -99    -99  1649  4.103   7272 1  -8.513  0.002    0   1   0 155 172   0  11    -99    -99  1411  3.988   7272 1  
    50456.6949    52197    East         300       0x101ff       1.5122           -8.404  0.002    0   1   0 173   0   0   4    -99    -99  2027  2.565   7272 1  -8.505  0.002    0   1   0 165 202   0  11    -99    -99  1785  2.239   7272 1  
    50461.6849    52297    East         300       0x101ff       1.5283           -8.411  0.002    0   1   3 183   0   0   4    -99    -99  2437  3.077   7272 1  -8.532  0.002    0   1   0 217  73   0  11    -99    -99  1738  2.730   7272 1  
    50462.7217    52369    East         300       0x101ff       1.7348           -8.415  0.004    0   1   9 131   0   0   4    -99    -99  2187  3.754   7272 1  -8.533  0.003    0   1   0 136   0   0  11    -99    -99  1796  3.569   7272 1  
    50467.6955    52460    East         300       0x101ff       1.6627           -8.433  0.002    0   1   0 151   0   0   4    -99    -99  3017  2.877   7272 1  -8.544  0.002    0   1   0 188   0   0  11    -99    -99  1751  2.759   7272 1  
    50468.7277    52532    East         300       0x000bf       1.8853           -8.432  0.002    0   1   7 168   0   0   4    -99    -99  1898  3.635   7272 1  -8.554  0.002    0   1   0 193   0   0  11    -99    -99  1585  3.410   7272 1  
    50470.5733    52586    East         300       0x101ff       1.2602           -8.456  0.003    0   1   9 120   0   0   4    -99    -99 11675  3.711   7272 1  -8.570  0.002    0   1   0 146   0   0  11    -99    -99 12393  3.515   7272 1  
    50479.6261    52698    East         300       0x101ff       1.4871           -8.476  0.002    0   1   1 138   0   0   4    -99    -99  4250  2.960   7272 1  -8.589  0.002    0   1   0 192   0   0  11    -99    -99  3270  2.710   7272 1  
    50483.7339    52813    East         300       0x000fb       2.2958           -8.484  0.007    0   1   2  98   0   0   4    -99    -99  2153  3.185   7272 1  -8.590  0.006    0   1   0 115   0   0  11    -99    -99  1805  3.146   7272 1  
    50486.6438    52926    East         300       0x101ff       1.6637           -8.489  0.002    0   1   2 139   0   0   4    -99    -99  2170  3.286   7272 1  -8.588  0.002    0   1   0 189   0   0  11    -99    -99  1626  3.107   7272 1  
    50492.7603    53021    East         300       0x000af       2.9185              -99    -99  999 999 999 999 999 999  -1    -99    -99   -99    -99      0 0     -99    -99  999 999 999 999 999 999  -1    -99    -99   -99    -99      0 0  
    50494.7587    53103    East         300       0x101ff       2.9724           -8.461  0.004    0   1  23 115   0   0   4    -99    -99  2456  5.728   7272 1  -8.556  0.004    0   9   1 132 149   0  11    -99    -99  2124  5.850   7272 1  
    50497.5928    53231    East         300       0x101fb       1.5564           -8.453  0.002    0   1   0 145   0   0   4    -99    -99  6539  2.718   7272 1  -8.546  0.002    0   1   0 152   0   0  11    -99    -99  6979  2.432   7272 1  
    50502.7051    53375    East         300       0x101bf       2.5546           -8.462  0.005   11   1   0 137   0   0   4    -99    -99  9658  5.916   7272 1  -8.554  0.006    0   1   0 102   0   0  11    -99    -99 21575  5.608   7272 1  
    50509.7031    53502    East         300       0x101ff       2.7706           -8.456  0.004    0   1  21 111   0   0   4    -99    -99  3733  4.804   7272 1  -8.557  0.003    0   1   0 139   0   0  11    -99    -99  3687  5.025   7272 1  
    50519.5100    53722    East         300       0x101ff       1.4603           -8.484  0.004    0   1  30 105   0   0   4    -99    -99  2118  5.694   7272 1  -8.607  0.003    0   1   0 121   0   0  11    -99    -99  1869  5.689   7272 1  
    50521.6449    53868    East         300       0x101ff       2.4552           -8.495  0.003    0   1  20 117   0   0   4    -99    -99  2314  4.914   7272 1  -8.603  0.003    0   1   0 148   0   0  11    -99    -99  1690  5.044   7272 1  
    50526.5047    54074    East         300       0x001ff       1.5165           -8.480  0.008    0   1  20  92   0   0   4    -99    -99 12359  5.438   7272 1  -8.600  0.006    0   1   0 106   0   0  11    -99    -99 10539  5.706   7272 1  
    50529.6114    54251    East         300       0x101ff       2.3280           -8.480  0.003    0   1   5 131   0   0   4    -99    -99 11601  3.554   7272 1  -8.582  0.003    0   1   0 137   0   0  11    -99    -99 21261  3.444   7272 1  
    50532.5348    54410    East         300       0x101ff       1.7622           -8.472  0.007    0   1   0  97   0   0   4    -99    -99 33723  2.849   7272 1  -8.581  0.006    0   1   0 123   0   0  11    -99    -99 32603  2.692   7272 1  
    50534.6487    54560    East         300       0x101ff       2.9618           -8.432  0.018    0   1  22  90   0   0   4    -99    -99 25899  5.090   7272 1  -8.524  0.019    0   1   0  95 185   0  11    -99    -99 21043  5.409   7272 1  
    50539.6098    54751    East         300       0x101ff       2.6230           -8.443  0.002    0   1   0 148   0   0   4    -99    -99  3210  2.965   7272 1  -8.546  0.002    0   1   0 187  70   0  11    -99    -99  2493  3.039   7272 1  
    50542.5676    54901    East         300       0x101ff       2.2443           -8.427  0.004    0   1  19 122   0   0   4    -99    -99  2553  5.015   7272 1  -8.540  0.003    0   1   0 153   0   0  11    -99    -99  1709  5.097   7272 1  
    50545.5884    55153    East         300       0x101ff       2.5613           -8.438  0.013    0   1  41 100   0   0   4    -99    -99  2505  9.576   7272 1  -8.560  0.012    0   1  25  98   0   0  11    -99    -99  2399 10.012   7272 1  
    50548.4613    55417    East         300       0x101ff       1.5947           -8.416  0.003    0   1  12 121   0   0   4    -99    -99  2808  3.406   7272 1  -8.538  0.003    0   1   0 142   0   0  11    -99    -99  2171  3.478   7272 1  
    50552.5573    55642    East         300       0x101ff       2.4238           -8.433  0.003    0   1   4 127   0   0   4    -99    -99  3067  3.582   7272 1  -8.555  0.003    0   9   0 147   0   0  11    -99    -99  2239  3.588   7272 1  
    50557.4236    55867    East         300       0x101bf       1.5325           -8.456  0.004    0   1  17 111   0   0   4    -99    -99  6640  4.382   7272 1  -8.590  0.003    0   1   0 134   0   0  11    -99    -99  9741  4.216   7272 1  
    50565.4193    56141    East         300       0x101ff       1.6167           -8.474  0.002    0   1   0 204   0   0   4    -99    -99  2718  2.276   7272 1  -8.586  0.002    0   1   0 229   0   0  11    -99    -99  1871  2.253   7272 1  
    50569.4714    56529    East         300       0x101ff       2.0388           -8.460  0.003    0   1   0 136   0   0   4    -99    -99  2864  3.394   7272 1  -8.593  0.002    0   1   0 172   0   0  11    -99    -99  1965  3.454   7272 1  
    50577.3788    56966    East         300       0x101ff       1.5782           -8.411  0.003    0   1  14 121   0   0   4    -99    -99  2626  4.035   7272 1  -8.540  0.002    0   1   0 161   0   0  11    -99    -99  1933  3.852   7272 1  
    50580.4535    57211    East         300       0x1017f       2.1452           -8.421  0.002    0   1   0 148   0   0   4    -99    -99  2819  3.078   7272 1  -8.548  0.002    0   1   0 187   0   0  11    -99    -99  2369  3.200   7272 1  
    50593.3797    57472    East         300       0x101ff       1.8381           -8.408  0.004    0   1  20 120   0   0   4    -99    -99  2896  5.090   7272 1  -8.549  0.003    0   1   0 142   0   0  11    -99    -99  1644  4.938   7272 1  
    50600.4140    57957    East         300       0x101ff       2.2926           -8.424  0.003    0   1   7 134   0   0   4    -99    -99  4540  4.064   7272 1  -8.556  0.003    0   1   0 152 148   0  11    -99    -99  2250  4.203   7272 1  
    50607.3677    58510    East         300       0x101ff       2.0387           -8.457  0.002    0   1   0 172   0   0   4    -99    -99  3390  2.255   7272 1  -8.572  0.002    0   1   0 192   0   0  11    -99    -99  2052  2.191   7272 1  
    50614.7812    59055    West         300       0x1017f       2.2762              -99    -99  999 999 999 999 999 999  -1    -99    -99   -99    -99      0 0  -8.556  0.003    0   1   0 141   0   0  15    -99    -99  2341  4.999   7272 1  
    50619.7728    59506    West         200       0x101ff       2.2237              -99    -99  999 999 999 999 999 999  -1    -99    -99   -99    -99      0 0  -8.562  0.005    0   9   0 140   0   0  15    -99    -99 10678  4.459   7272 1  
    50633.3656    60081    East         300       0x101ff       2.7845           -8.405  0.005    0   1  15 117   0   0   4    -99    -99  4168  4.663   7272 1  -8.513  0.004    0   1   0 124   0   0  11    -99    -99  2862  4.508   7272 1  
    50641.7968    60618    West         300       0x101ff       1.6146              -99    -99  999 999 999 999 999 999  -1    -99    -99   -99    -99      0 0  -8.558  0.003    0   1   0 173   0   0  15    -99    -99  2055  4.008   7272 1  
    50651.6473    61373    West         300       0x101ff       2.6470              -99    -99  999 999 999 999 999 999  -1    -99    -99   -99    -99      0 0  -8.533  0.007    0   1   0 112   0   0  15    -99    -99 14993  5.560   7272 1  
    50656.7935    61667    West         300       0x101ff       1.4491              -99    -99  999 999 999 999 999 999  -1    -99    -99   -99    -99      0 0  -8.520  0.003    0   1   0 161   0   0  15    -99    -99  2537  4.113   7272 1  
    50659.7188    61942    West         300       0x101ff       1.7817              -99    -99  999 999 999 999 999 999  -1    -99    -99   -99    -99      0 0  -8.565  0.002    0   1   0 193   0   0  15    -99    -99  2371  2.764   7272 1  
    50662.6455    62220    West         300       0x101ff       2.3235              -99    -99  999 999 999 999 999 999  -1    -99    -99   -99    -99      0 0  -8.593  0.002    0   1   0 183   0   0  15    -99    -99  2416  3.458   7272 1  
    50670.6847    62688    West         300       0x101ff       1.8080              -99    -99  999 999 999 999 999 999  -1    -99    -99   -99    -99      0 0  -8.575  0.003    0   1   0 164   0   0  15    -99    -99  2102  4.267   7272 1  
    50674.7911    62927    West         300       0x101ff       1.3062              -99    -99  999 999 999 999 999 999  -1    -99    -99   -99    -99      0 0  -8.569  0.003    0   1   0 169   0   0  15    -99    -99  1905  4.849   7272 1  
    50678.7038    63211    West         300       0x0003f       1.5750              -99    -99  999 999 999 999 999 999  -1    -99    -99   -99    -99      0 0  -8.587  0.004    0   1   0 154   0   0  15    -99    -99 20412  4.044   7272 1  
    50680.7186    63416    West         300       0x101ff       1.4855              -99    -99  999 999 999 999 999 999  -1    -99    -99   -99    -99      0 0  -8.564  0.002    0   1   0 182   0   0  15    -99    -99 10517  2.657   7272 1  
    50682.6692    63618    West         300       0x101ff       1.7009              -99    -99  999 999 999 999 999 999  -1    -99    -99   -99    -99      0 0  -8.556  0.006    0   1   0 120   0   0  15    -99    -99  6226  6.039   7272 1  
    50686.7526    63798    West         300       0x101ff       1.3203              -99    -99  999 999 999 999 999 999  -1    -99    -99   -99    -99      0 0  -8.541  0.003    0   1   0 158   0   0  15    -99    -99  1832  4.554   7272 1  
    50689.7750    64031    West         300       0x101ff       1.2532              -99    -99  999 999 999 999 999 999  -1    -99    -99   -99    -99      0 0  -8.548  0.003    0   1   0 171   0   0  15    -99    -99  2433  2.886   7272 1  
    50701.7683    64224    West         300       0x101ff       1.2126              -99    -99  999 999 999 999 999 999  -1    -99    -99   -99    -99      0 0  -8.517  0.002    0   1   0 169   0   0  15    -99    -99  2053  2.465   7272 1  
    50704.7525    64355    West         300       0x101ff       1.2229              -99    -99  999 999 999 999 999 999  -1    -99    -99   -99    -99      0 0  -8.538  0.002    0   1   0 159   0   0  15    -99    -99  2446  2.130   7272 1  
    50715.6649    64545    West         300       0x101ff       1.3434              -99    -99  999 999 999 999 999 999  -1    -99    -99   -99    -99      0 0  -8.573  0.003    0   1   0 164   0   0  15    -99    -99  2201  3.308   7272 1  
    50718.5627    64666    West         300       0x101ff       1.7505              -99    -99  999 999 999 999 999 999  -1    -99    -99   -99    -99      0 0  -8.558  0.003    0   1   0 178   0   0  15    -99    -99  2402  3.953   7272 1  
    50719.7051    64761    West         300       0x101ff       1.2328              -99    -99  999 999 999 999 999 999  -1    -99    -99   -99    -99      0 0  -8.577  0.002    0   1   0 173   0   0  15    -99    -99  1930  3.343   7272 1  
    50721.6143    64907    West         300       0x101ff       1.4557              -99    -99  999 999 999 999 999 999  -1    -99    -99   -99    -99      0 0  -8.574  0.002    0   1   0 174   0   0  15    -99    -99  2285  2.376   7272 1  
    50724.5936    65067    West         300       0x101ff       1.5060              -99    -99  999 999 999 999 999 999  -1    -99    -99   -99    -99      0 0  -8.547  0.005    0   1   4 116   0   0  15    -99    -99  1782  6.801   7272 1  
    50725.6754    65168    West         300       0x101ff       1.2557              -99    -99  999 999 999 999 999 999  -1    -99    -99   -99    -99      0 0  -8.509  0.034    0   1   0  98   0   0  15    -99    -99  8106  2.674   7272 1  
    50730.7219    65312    West         300       0x101ff       1.1803              -99    -99  999 999 999 999 999 999  -1    -99    -99   -99    -99      0 0  -8.518  0.002    0   1   0 253   0   0  15    -99    -99  1989  1.584   7272 1  
    50732.6273    65422    West         300       0x101ff       1.3198              -99    -99  999 999 999 999 999 999  -1    -99    -99   -99    -99      0 0  -8.519  0.003    0   1   0 163   0   0  15    -99    -99  4476  3.248   7272 1  
    50733.7408    65517    West         300       0x101ff       1.1686              -99    -99  999 999 999 999 999 999  -1    -99    -99   -99    -99      0 0  -8.546  0.002    0   1   0 175   0   0  15    -99    -99  1723  3.329   7272 1  
    50735.6080    65622    West         300       0x101ff       1.3497              -99    -99  999 999 999 999 999 999  -1    -99    -99   -99    -99      0 0  -8.490  0.007    0   1   0 106   0   0  15    -99    -99 12105  6.069   7272 1  
    50736.7042    65721    West         300       0x101ff       1.1813              -99    -99  999 999 999 999 999 999  -1    -99    -99   -99    -99      0 0  -8.522  0.004    0   1   0 142   0   0  15    -99    -99 14139  4.181   7272 1  
    50738.6358    65835    West         300       0x101ff       1.2636              -99    -99  999 999 999 999 999 999  -1    -99    -99   -99    -99      0 0  -8.496  0.004    0   1   0 113   0   0  15    -99    -99 11070  4.754   7272 1  
    50743.6984    66079    West         300       0x101ff       1.1735              -99    -99  999 999 999 999 999 999  -1    -99    -99   -99    -99      0 0  -8.538  0.002    0   1   0 142   0   0  15    -99    -99  2625  2.305   7272 1  
    50745.6563    66200    West         300       0x101ff       1.2026              -99    -99  999 999 999 999 999 999  -1    -99    -99   -99    -99      0 0  -8.519  0.002    0   1   0 188   0   0  15    -99    -99  1999  2.934   7272 1  
    50746.7158    66287    West         300       0x101ff       1.1676              -99    -99  999 999 999 999 999 999  -1    -99    -99   -99    -99      0 0  -8.533  0.002    0   1   0 196   0   0  15    -99    -99  1944  2.668   7272 1  
    50759.6810    66412    West         300       0x101bf       1.1674              -99    -99  999 999 999 999 999 999  -1    -99    -99   -99    -99      0 0  -8.578  0.002    0   1   0 185   0   0  15    -99    -99  2085  3.094   7272 1  
    50767.7419    66508    West         300       0x101bf       1.2297              -99    -99  999 999 999 999 999 999  -1    -99    -99   -99    -99      0 0  -8.593  0.002    0   1   0 151   0   0  15    -99    -99 13389  3.417   7272 1  
    50770.5770    66611    West         300       0x101bb       1.2164              -99    -99  999 999 999 999 999 999  -1    -99    -99   -99    -99      0 0  -8.553  0.002    0   1   0 165   0   0  15    -99    -99  4512  2.418   7272 1  
    50774.6775    66730    West         300       0x101bf       1.1800              -99    -99  999 999 999 999 999 999  -1    -99    -99   -99    -99      0 0  -8.561  0.002    0   1   0 178   0   0  15    -99    -99  2549  3.094   7272 1  
    50784.5413    66961    West         300       0x101ff       1.2130              -99    -99  999 999 999 999 999 999  -1    -99    -99   -99    -99      0 0  -8.529  0.002    0   1   0 200   0   0  15    -99    -99  1978  3.006   7272 1  
    50793.5356    67072    West         300       0x101ff       1.1917              -99    -99  999 999 999 999 999 999  -1    -99    -99   -99    -99      0 0  -8.559  0.002    0   1   0 183   0   0  15    -99    -99  8004  3.709   7272 1  
    50796.6413    67160    West         300       0x101ff       1.2014              -99    -99  999 999 999 999 999 999  -1    -99    -99   -99    -99      0 0  -8.524  0.002   -6   1   0 166   0   0  15    -99    -99 10679  2.504   7272 1  
    50802.5701    67305    West         300       0x101ff       1.1679              -99    -99  999 999 999 999 999 999  -1    -99    -99   -99    -99      0 0  -8.570  0.002    0   1   0 196   0   0  15    -99    -99  2657  3.572   7272 1  
    50804.6110    67407    West         300       0x101ff       1.1927              -99    -99  999 999 999 999 999 999  -1    -99    -99   -99    -99      0 0  -8.573  0.002    0   1   0 175   0   0  15    -99    -99  2034  3.180   7272 1  
    50809.4588    67510    West         300       0x101ff       1.2334              -99    -99  999 999 999 999 999 999  -1    -99    -99   -99    -99      0 0  -8.561  0.002    0   1   0 155   0   0  15    -99    -99  2750  3.716   7272 1  
    50812.6162    67617    West         300       0x101ff       1.2257              -99    -99  999 999 999 999 999 999  -1    -99    -99   -99    -99      0 0  -8.582  0.002    0   1   0 199   0   0  15    -99    -99  2194  2.715   7272 1  
    50818.7093    67734    East         300       0x101ff       1.5381           -8.448  0.003    0   1   9 133   0   0   4    -99    -99  2866  3.721   7272 1  -8.577  0.002    0   1   0 162 187   0  11    -99    -99  2025  3.540   7272 1  
    50829.5441    67833    East         300       0x101ff       1.1939           -8.404  0.005    0   1   0 106   0   0   4    -99    -99 10015  2.627   7272 1  -8.519  0.004    0   1   0 131   0   0  11    -99    -99  9901  2.409   7272 1  
    50834.6168    67947    East         300       0x101ff       1.3585           -8.436  0.002    0   1   0 183   0   0   4    -99    -99  2470  2.425   7272 1  -8.517  0.002    0   1   0 201   0   0  11    -99    -99  2269  2.473   7272 1  
    50836.6561    68050    East         300       0x101ff       1.5206           -8.411  0.003    0   1   4 130   0   0   4    -99    -99  2368  3.692   7272 1  -8.504  0.002    0   1   0 161   0   0  11    -99    -99  1832  3.593   7272 1  
    50840.6554    68157    East         300       0x101ff       1.5674           -8.435  0.002    0   1   1 158   0   0   4    -99    -99  2297  2.830   7272 1  -8.530  0.002    0   1   0 205   0   0  11    -99    -99  1818  2.716   7272 1  
    50842.7320    68275    East         300       0x101ff       2.1172           -8.443  0.003    0   1  15 121   0   0   4    -99    -99  3245  3.750   7272 1  -8.543  0.002    0   1   0 153 162   0  11    -99    -99  1889  3.763   7272 1  
    50845.6745    68376    East         300       0x101ff       1.7454           -8.462  0.003    0   1   0 140   0   0   4    -99    -99  2602  2.568   7272 1  -8.554  0.002    0   1   0 158  59   0  11    -99    -99  2022  2.457   7272 1  
    50852.5249    68493    East         300       0x101ff       1.2562           -8.507  0.003    0   1   1 131   0   0   4    -99    -99  8297  3.554   7272 1  -8.597  0.002    0   1   0 154  81   0  11    -99    -99  8730  3.469   7272 1  
    50859.5628    68584    East         300       0x101ff       1.4037           -8.474  0.004    0   1  15 113   0   0   4    -99    -99  7918  4.005   7272 1  -8.579  0.003    0   1   0 114   0   0  11    -99    -99  8826  4.032   7272 1  
    50861.7214    68693    East         300       0x101ff       2.5497           -8.497  0.003    0   1  17 130   0   0   4    -99    -99  5116  3.396   7272 1  -8.605  0.002    0   1   0 181   0   0  11    -99    -99  5804  3.427   7272 1  
    50863.6868    68814    East         300       0x0013f       2.2329           -8.505  0.008    0   1  32 103   0   0   4    -99    -99  4760  7.333   7272 1  -8.626  0.007    0   1  11 101   0   0  11    -99    -99  3842  7.836   7272 1  
    50865.6666    68935    East         300       0x101ff       2.0947           -8.490  0.003    0   1  17 112   0   0   4    -99    -99  2746  4.730   7272 1  -8.605  0.003    0   1   0 135   0   0  11    -99    -99  2182  4.895   7272 1  
    50867.6691    69043    East         300       0x101ff       2.1680           -8.462  0.004    0   1   9 174   0   0   4    -99    -99  2951  4.278   7272 1  -8.568  0.003    0   1   0 142   0   0  11    -99    -99  2480  4.055   7272 1  
    50869.6892    69175    East         300       0x101ff       2.4312           -8.443  0.002    0   1   0 162   0   0   4    -99    -99  2747  2.879   7272 1  -8.538  0.002    0   1   0 187   0   0  11    -99    -99  2082  3.024   7272 1  
    50874.7079    69343    East         300       0x101ff       2.8317           -8.460  0.004    0   1  22 106   0   0   4    -99    -99  2593  5.454   7272 1  -8.568  0.004    0   1   0 131   0   0  11    -99    -99  2050  5.960   7272 1  
    50879.4898    69490    East         300       0x101ff       1.3469           -8.416  0.003    0   1   4 125   0   0   4    -99    -99  4201  3.975   7272 1  -8.535  0.002    0   1   0 147 166   0  11    -99    -99  4124  3.923   7272 1  
    50881.5376    69599    East         300       0x101ff       1.5408           -8.412  0.002    0   1   0 145   0   0   4    -99    -99  5675  2.902   7272 1  -8.517  0.002    0   1   0 174 134   0  11    -99    -99  7530  2.808   7272 1  
    50884.5911    69826    East         300       0x000ff       1.9040           -8.427  0.003    0   1   0 129   0   0   4    -99    -99 10647  3.344   7272 1  -8.535  0.003    0   1   0 132   0   0  11    -99    -99 21689  3.491   7272 1  
    50908.4571    70082    East         300       0x001bb       1.5117           -8.448  0.002    0   1   0 137   0   0   4    -99    -99  4897  2.729   7272 1  -8.539  0.002    0   1   0 167   0   0  11    -99    -99  5021  2.670   7272 1  
    50910.5309    70299    East         300       0x101ff       1.9887           -8.460  0.004    0   1   5 116   0   0   4    -99    -99  9559  3.397   7272 1  -8.569  0.003    0   1   0 136 190   0  11    -99    -99 11061  3.386   7272 1  
    50919.5297    70676    East         300       0x001ff       2.1939           -8.415  0.002    0   1   0 148   0   0   4    -99    -99  6040  2.775   7272 1  -8.503  0.002    0   1   0 167   0   0  11    -99    -99  5965  2.786   7272 1  
    50933.4735    70985    East         300       0x1017f       2.0333           -8.458  0.002    0   1   0 145   0   0   4    -99    -99  3949  3.319   7272 1  -8.573  0.002    0   1   0 189   0   0  11    -99    -99  2639  3.275   7272 1  
    50942.4739    71238    East         300       0x001ff       2.2637           -8.485  0.003    0   1  13 121   0   0   4    -99    -99 10776  4.107   7272 1  -8.592  0.003    0   1   0 141   0   0  11    -99    -99 14766  4.130   7272 1  
    50954.4618    71682    East         300       0x101ff       2.4877           -8.467  0.004    0   1  24 105   0   0   4    -99    -99  3507  5.121   7272 1  -8.569  0.003    0   1   0 119   0   0  11    -99    -99  2329  5.165   7272 1  
    50968.4176    72332    East         300       0x101ff       2.4206           -8.418  0.003    0   1   2 154   0   0   4    -99    -99  5486  3.267   7272 1  -8.513  0.003    0   1   0 176   0   0  11    -99    -99  7340  3.290   7272 1  
    50978.3720    72851    East         300       0x101ff       2.2327           -8.467  0.005    0   1  26 105   0   0   4    -99    -99  3185  6.053   7272 1  -8.583  0.004    0   1   2 130   0   0  11    -99    -99  1913  6.218   7272 1  
    50983.3835    73270    East         300       0x101ff       2.4999           -8.466  0.008    0   1   0 100   0   0   4    -99    -99  5083  3.444   7272 1  -8.577  0.006    0   1   0 117   0   0  11    -99    -99  3245  3.541   7272 1  
    50994.8429    73681    West         300       0x101ff       1.5487              -99    -99  999 999 999 999 999 999  -1    -99    -99   -99    -99      0 0  -8.507  0.003    0   1   0 138   0   0  15    -99    -99  5404  4.363   7272 1  
    51000.7963    74089    West         300       0x101ff       1.7058              -99    -99  999 999 999 999 999 999  -1    -99    -99   -99    -99      0 0  -8.569  0.002    0   1   0 213   0   0  15    -99    -99  2000  3.048   7272 1  
    51005.7812    74410    West         300       0x101ff       1.7144              -99    -99  999 999 999 999 999 999  -1    -99    -99   -99    -99      0 0  -8.598  0.003    0   1   0 158   0   0  15    -99    -99 10805  3.320   7272 1  
    51025.8278    75083    West         300       0x101ff       1.3089              -99    -99  999 999 999 999 999 999  -1    -99    -99   -99    -99      0 0  -8.537  0.003    0   1   0 157   0   0  15    -99    -99  2344  4.269   7272 1  
    51033.7441    75263    West         300       0x101ff       1.5140              -99    -99  999 999 999 999 999 999  -1    -99    -99   -99    -99      0 0  -8.513  0.004    0   1   0 128   0   0  15    -99    -99 14426  4.388   7272 1  
    51047.8198    75580    West         300       0x101ff       1.2122              -99    -99  999 999 999 999 999 999  -1    -99    -99   -99    -99      0 0  -8.586  0.002    0   1   0 156   0   0  15    -99    -99  5397  3.354   7272 1  
    51053.7925    75996    West         300       0x101ff       1.2277              -99    -99  999 999 999 999 999 999  -1    -99    -99   -99    -99      0 0  -8.603  0.002    0   1   0 211   0   0  15    -99    -99  1302  2.180   7272 1  
    51057.6106    76261    West         300       0x101ff       1.9031              -99    -99  999 999 999 999 999 999  -1    -99    -99   -99    -99      0 0  -8.565  0.004    0   1   0 124   0   0  15    -99    -99  5027  5.358   7272 1  
    51062.6360    76469    West         300       0x000bf       1.6537              -99    -99  999 999 999 999 999 999  -1    -99    -99   -99    -99      0 0  -8.512  0.003    0   1   0 163   0   0  15    -99    -99 25105  2.671   7272 1  
    51072.7394    76674    West         300       0x101ff       1.2294              -99    -99  999 999 999 999 999 999  -1    -99    -99   -99    -99      0 0  -8.501  0.002    0   1   0 163   0   0  15    -99    -99  1947  3.663   7272 1  
    51074.7745    76803    West         300       0x000ff       1.1832              -99    -99  999 999 999 999 999 999  -1    -99    -99   -99    -99      0 0  -8.503  0.003    0   1   0 158   0   0  15    -99    -99  2250  3.670   7272 1  
    51084.6608    76995    West         300       0x101ff       1.3234              -99    -99  999 999 999 999 999 999  -1    -99    -99   -99    -99      0 0  -8.557  0.004    0   1   0 135   0   0  15    -99    -99  2138  5.316   7272 1  
    51086.5475    77107    West         300       0x101ff       1.7912              -99    -99  999 999 999 999 999 999  -1    -99    -99   -99    -99      0 0  -8.591  0.003    0   1   0 167   0   0  15    -99    -99  5094  3.326   7272 1  
    51089.5483    77265    West         300       0x101ff       1.7340              -99    -99  999 999 999 999 999 999  -1    -99    -99   -99    -99      0 0  -8.608  0.006    0   1   0 112   0   0  15    -99    -99 12208  5.514   7272 1  
    51099.5058    77411    West         300       0x101ff       1.8319              -99    -99  999 999 999 999 999 999  -1    -99    -99   -99    -99      0 0  -8.535  0.052    0   1  43  86   0   0  15    -99    -99  2688 13.837   7272 1  
    51100.7239    77524    West         300       0x0003f       1.1717              -99    -99  999 999 999 999 999 999  -1    -99    -99   -99    -99      0 0  -8.578  0.003    0   1   0 140   0   0  15    -99    -99  2093  4.233   7272 1  
    51102.7183    77647    West         300       0x101ff       1.1717              -99    -99  999 999 999 999 999 999  -1    -99    -99   -99    -99      0 0  -8.600  0.002    0   1   0 173   0   0  15    -99    -99  2175  2.868   7272 1  
    51106.7227    77743    West         300       0x101ff       1.1679              -99    -99  999 999 999 999 999 999  -1    -99    -99   -99    -99      0 0  -8.565  0.002    0   1   0 154   0   0  15    -99    -99  1784  3.906   7272 1  
    51109.7144    77863    West         300       0x101ff       1.1679              -99    -99  999 999 999 999 999 999  -1    -99    -99   -99    -99      0 0  -8.531  0.002    0   1   0 148   0   0  15    -99    -99  1671  2.691   7272 1  
    51112.5985    78002    West         300       0x101ff       1.2888              -99    -99  999 999 999 999 999 999  -1    -99    -99   -99    -99      0 0  -8.518  0.006    0   1   0 119   0   0  15    -99    -99  3245  4.557   7272 1  
    51114.6655    78130    West         300       0x101ff       1.1830              -99    -99  999 999 999 999 999 999  -1    -99    -99   -99    -99      0 0  -8.506  0.004    4   1   0 191   0   0  15    -99    -99  2271  3.218   7272 1  
    51119.6190    78248    West         300       0x101ff       1.2177              -99    -99  999 999 999 999 999 999  -1    -99    -99   -99    -99      0 0  -8.470  0.003    0   1   0 119   0   0  15    -99    -99  9904  2.236   7272 1  
    51127.5349    78377    West         300       0x101ff       1.3459              -99    -99  999 999 999 999 999 999  -1    -99    -99   -99    -99      0 0  -8.553  0.002    0   1   0 179   0   0  15    -99    -99  2363  2.950   7272 1  
    51132.7239    78469    West         300       0x000ff       1.2063              -99    -99  999 999 999 999 999 999  -1    -99    -99   -99    -99      0 0  -8.524  0.002    0   1   0 161   0   0  15    -99    -99  1682  2.696   7272 1  
    51139.5103    78555    West         300       0x101ff       1.3238              -99    -99  999 999 999 999 999 999  -1    -99    -99   -99    -99      0 0  -8.592  0.005    0   1   7 117   0   0  15    -99    -99  2156  6.736   7272 1  
    51144.6862    78659    West         300       0x101ff       1.2006              -99    -99  999 999 999 999 999 999  -1    -99    -99   -99    -99      0 0  -8.599  0.003    0   1   0 167   0   0  15    -99    -99   840  5.868   7272 1  
    51148.6424    78772    West         300       0x101ff       1.1745              -99    -99  999 999 999 999 999 999  -1    -99    -99   -99    -99      0 0  -8.576  0.002    0   1   0 176   0   0  15    -99    -99  6619  2.548   7272 1  
    51157.6285    78922    West         300       0x101ff       1.1809              -99    -99  999 999 999 999 999 999  -1    -99    -99   -99    -99      0 0  -8.521  0.002    0   1   0 180   0   0  15    -99    -99  2172  3.044   7272 1  
    51167.7061    79052    East         300       0x101ff       1.3658           -8.406  0.004    0   1  21 119   0   0   4    -99    -99  2009  5.515   7272 1  -8.523  0.004    0   1   0 133   0   0  11    -99    -99  1768  5.444   7272 1  
    51167.7281    79057    East         300       0x101ff       1.4395           -8.406  0.004    0   1  25  94   0   0   4    -99    -99  3611  5.295   7272 1  -8.519  0.004    0   1   0 115   0   0  11    -99    -99  3097  5.308   7272 1  
    51171.6438    79170    East         300       0x101ff       1.2450           -8.422  0.002    0   1   0 168   0   0   4    -99    -99  1758  2.460   7272 1  -8.527  0.002    0   1   0 173   0   0  11    -99    -99  1509  2.331   7272 1  
    51176.6114    79277    East         300       0x101ff       1.2158           -8.439  0.003    0   1   0 141   0   0   4    -99    -99  4647  3.190   7272 1  -8.560  0.002    0   1   0 170   0   0  11    -99    -99  4786  3.105   7272 1  
    51180.6523    79370    East         300       0x101ff       1.3154           -8.435  0.003    0   1   0 130   0   0   4    -99    -99 13048  2.757   7272 1  -8.550  0.003    0   1   0 160   0   0  11    -99    -99 13802  2.594   7272 1  
    51183.5396    79492    West         300       0x101ff       1.1715              -99    -99  999 999 999 999 999 999  -1    -99    -99   -99    -99      0 0  -8.593  0.002    0   1   0 192   0   0  15    -99    -99  4205  2.816   7272 1  
    51187.7224    79602    East         300       0x101ff       1.6622           -8.445  0.004    0   1  19 140   0   0   4    -99    -99  3814  4.794   7272 1  -8.570  0.003    0   1   0 144   0   0  11    -99    -99  3001  4.507   7272 1  
    51193.6577    79709    East         300       0x101ff       1.4420           -8.455  0.004    0   1   0 105   0   0   4    -99    -99  3062  3.113   7272 1  -8.567  0.004    0   1   0 131   0   0  11    -99    -99  2416  2.902   7272 1  
    51204.6738    79818    East         300       0x101fb       1.6503           -8.413  0.004    0   1   0 119   0   0   4    -99    -99  2337  2.842   7272 1  -8.527  0.003    0   1   0 154   0   0  11    -99    -99  1983  2.738   7272 1  
    51210.5673    79920    East         300       0x1017f       1.3075           -8.413  0.003    0   1   0 127   0   0   4    -99    -99  7828  3.308   7272 1  -8.519  0.003    0   1   0 138   0   0  11    -99    -99 13034  3.390   7272 1  
    51223.6226    80046    East         300       0x101fb       1.6547           -8.416  0.002    7   1   0 213   0   0   4    -99    -99  2573  3.044   7272 1  -8.530  0.002    0   1   0 219   0   0  11    -99    -99  2066  2.643   7272 1  
    51226.5641    80135    East         300       0x101ff       1.4290           -8.447  0.006    0   1  15 104   0   0   4    -99    -99  4867  4.073   7272 1  -8.580  0.005    0   1   0 106   0   0  11    -99    -99  4067  3.942   7272 1  
    51231.6194    80338    East         300       0x101ff       1.7649           -8.471  0.003    0   1  14 147   0   0   4    -99    -99  2418  4.126   7272 1  -8.619  0.002    0   1   0 181 131   0  11    -99    -99  1747  3.943   7272 1  
    51231.6639    80348    East         300       0x101ff       2.1010           -8.459  0.002    0   1   7 174   0   0   4    -99    -99  2629  3.433   7272 1  -8.597  0.002    0   1   0 186 155   0  11    -99    -99  1915  3.224   7272 1  
    51241.4944    80496    East         300       0x101ff       1.3385           -8.414  0.002    3   1   0 201   0   0   4    -99    -99  6546  2.898   7272 1  -8.547  0.002    0   1   0 194   0   0  11    -99    -99 10007  2.550   7272 1  
    51241.6393    80526    East         300       0x101ff       2.1255           -8.454  0.003    0   1   5  98   0   0   4    -99    -99  9234  4.210   7272 1  -8.574  0.003    0   1   0 122   0   0  11    -99    -99 14777  4.109   7272 1  
    51249.6070    80833    East         300       0x101ff       2.0345           -8.399  0.003    0   1   4 143   0   0   4    -99    -99  2433  3.465   7272 1  -8.509  0.002    0   1 255 174 205   0  11    -99    -99  2109  3.296   7272 1  
    51251.5170    80999    East         300       0x101ff       1.5008           -8.378  0.003    0   1   9 136   0   0   4    -99    -99  3071  3.747   7272 1  -8.495  0.002    0   1   0 150 149   0  11    -99    -99  2482  3.593   7272 1  
    51260.4979    81213    East         300       0x101ff       1.5375           -8.403  0.002    0   1   6 139   0   0   4    -99    -99  2634  3.557   7272 1  -8.526  0.002    0   1   0 172   0   0  11    -99    -99  2072  3.403   7272 1  
    51275.4562    81467    East         300       0x101bf       1.5340           -8.477  0.002    0   1   0 159   0   0   4    -99    -99  3154  2.746   7272 1  -8.599  0.002    0   1   0 208   0   0  11    -99    -99  2561  2.593   7272 1  
    51278.5228    81620    East         300       0x101af       1.9935           -8.510  0.003   17   1   0 253   0   0   4    -99    -99   696  6.085   7272 1  -8.608  0.002    0   1   0 253   0   0  11    -99    -99   437  5.687   7272 1  
    51283.4424    81989    East         300       0x101ff       1.5717           -8.460  0.003    0   1  12 120   0   0   4    -99    -99  3462  3.339   7272 1  -8.495  0.003    0   1   0 232  95  56  11    -99    -99  2798  3.242   7272 1  
    51288.4006    82412    East         300       0x101ff       1.4509           -8.443  0.003    0   1   0 160   0   0   4    -99    -99  3891  3.409   7272 1  -8.540  0.002    0   1   0 173   0   0  11    -99    -99  3169  3.416   7272 1  
    51291.3865    82711    East         300       0x101ff       1.4297           -8.422  0.002    0   1   0 147   0   0   4    -99    -99  4765  3.285   7272 1  -8.511  0.002    0   1   0 212   0   0  11    -99    -99  4222  3.156   7272 1  
    51298.4966    83114    East         300       0x101ff       2.2502           -8.412  0.003    0   1   0 123   0   0   4    -99    -99 17368  3.171   7272 1  -8.509  0.003    0   1   0 155   0   0  11    -99    -99 22484  3.136   7272 1  
    51301.3862    83375    East         300       0x101ff       1.5390           -8.404  0.002    0   1   0 192   0   0   4    -99    -99  4342  2.459   7272 1  -8.488  0.002    0   1   0 212   0   0  11    -99    -99  2739  2.368   7272 1  
    51304.4189    83725    East         300       0x101ff       1.7583           -8.393  0.003    0   1   0 137   0   0   4    -99    -99  4368  2.536   7272 1  -8.463  0.003    0   1   0 157   0   0  11    -99    -99  3271  2.373   7272 1  
    51307.4450    83952    East         300       0x101ff       2.0052           -8.430  0.003    0   1   6 124   0   0   4    -99    -99  3206  3.772   7272 1  -8.520  0.002    0   1   0 164   0   0  11    -99    -99  1896  3.746   7272 1  
    51312.4590    84236    East         300       0x101ff       2.2573           -8.456  0.003    0   1  13 131   0   0   4    -99    -99  4028  4.375   7272 1  -8.564  0.003    0   1   0 147   0   0  11    -99    -99  2287  4.379   7272 1  
    51315.4199    84531    East         300       0x101ff       1.9794           -8.480  0.003    0   1   0 155   0   0   4    -99    -99  5050  2.592   7272 1  -8.582  0.002    0   1   0 186   0   0  11    -99    -99  2988  2.533   7272 1  
    51320.3890    85052    East         300       0x101ff       1.8505           -8.495  0.003    0   1   0 145   0   0   4    -99    -99  5557  2.967   7272 1  -8.596  0.002    0   1   0 173   0   0  11    -99    -99  5063  2.958   7272 1  
    51333.3853    85502    East         300       0x101ff       2.1028           -8.430  0.002    0   1   0 153   0   0   4    -99    -99  5783  2.919   7272 1  -8.522  0.002    0   1   0 199   0   0  11    -99    -99  2983  2.915   7272 1  
    51345.4120    86099    East         300       0x101ff       2.7592           -8.407  0.006    0   1  33 121   0   0   4    -99    -99  3105  7.071   7272 1  -8.491  0.006    0   1  12 128   0   0  11    -99    -99  2632  7.286   7272 1  
    51362.3388    87262    East         300       0x101ff       2.4315           -8.515  0.003    0   1   2 124   0   0   4    -99    -99 13311  3.601   7272 1  -8.629  0.002    0   1   0 165   0   0  11    -99    -99  6567  3.774   7272 1  
    51381.7999    88153    West         300       0x001bf       1.4739              -99    -99  999 999 999 999 999 999  -1    -99    -99   -99    -99      0 0  -8.590  0.003    0   1   0 159   0   0  15    -99    -99  2106  4.770   7272 1  
    51390.8090    88789    West         300       0x101fb       1.3583              -99    -99  999 999 999 999 999 999  -1    -99    -99   -99    -99      0 0  -8.574  0.004    0   1   0 124   0   0  15    -99    -99  7328  5.601   7272 1  
    51393.8155    89186    West         300       0x101ff       1.3184              -99    -99  999 999 999 999 999 999  -1    -99    -99   -99    -99      0 0  -8.565  0.002    0   1   0 182   0   0  15    -99    -99  4644  3.329   7272 1  
    51401.7696    89705    West         300       0x101ff       1.3870              -99    -99  999 999 999 999 999 999  -1    -99    -99   -99    -99      0 0  -8.504  0.003    0   1   0 144   0   0  15    -99    -99  2560  5.245   7272 1  
    51407.7076    90115    West         300       0x101ff       1.5661              -99    -99  999 999 999 999 999 999  -1    -99    -99   -99    -99      0 0  -8.486  0.002    0   1   0 190   0   0  15    -99    -99  2459  3.562   7272 1  
    51410.8108    90356    West         300       0x101ff       1.2326              -99    -99  999 999 999 999 999 999  -1    -99    -99   -99    -99      0 0  -8.461  0.003    0   1   0 218   0   0  15    -99    -99  2484  4.200   7272 1  
    51413.7862    90653    West         300       0x101ff       1.2614              -99    -99  999 999 999 999 999 999  -1    -99    -99   -99    -99      0 0  -8.482  0.002    0   1   0 147   0   0  15    -99    -99  2651  2.121   7272 1  
    51420.7941    91084    West         300       0x001bf       1.2170              -99    -99  999 999 999 999 999 999  -1    -99    -99   -99    -99      0 0  -8.523  0.003    0   1   3 152   0   0  15    -99    -99  6412  2.794   7272 1  
    51423.8003    91272    West         300       0x101ff       1.1993              -99    -99  999 999 999 999 999 999  -1    -99    -99   -99    -99      0 0  -8.544  0.002    0   1   0 179   0   0  15    -99    -99  3962  2.138   7272 1  
    51427.7259    91468    West         300       0x001bf       1.3097              -99    -99  999 999 999 999 999 999  -1    -99    -99   -99    -99      0 0  -8.591  0.002    0   1   0 186   0   0  15    -99    -99  2130  3.630   7272 1  
    51433.6522    91829    West         300       0x101ff       1.4967              -99    -99  999 999 999 999 999 999  -1    -99    -99   -99    -99      0 0  -8.572  0.002    0   1   0 191   0   0  15    -99    -99  2385  3.304   7272 1  
    51435.6653    92007    West         300       0x101ff       1.4251              -99    -99  999 999 999 999 999 999  -1    -99    -99   -99    -99      0 0  -8.552  0.002    0   1   0 197   0   0  15    -99    -99  2507  3.198   7272 1  
    51439.7615    92149    West         300       0x101ff       1.1943              -99    -99  999 999 999 999 999 999  -1    -99    -99   -99    -99      0 0  -8.565  0.002    0   1   0 177   0   0  15    -99    -99  2276  3.705   7272 1  
    51443.7533    92366    West         300       0x101ff       1.1917              -99    -99  999 999 999 999 999 999  -1    -99    -99   -99    -99      0 0  -8.541  0.002    0   1   0 172   0   0  15    -99    -99  4634  3.356   7272 1  
    51450.6600    92536    West         300       0x101ff       1.3174              -99    -99  999 999 999 999 999 999  -1    -99    -99   -99    -99      0 0  -8.475  0.002    0   1   0 151   0   0  15    -99    -99  5564  2.642   7272 1  
    51462.5585    92681    West         300       0x101ff       1.5602              -99    -99  999 999 999 999 999 999  -1    -99    -99   -99    -99      0 0  -8.632  0.007    0   1  15 102   0   0  15    -99    -99  2615  7.993   7272 1  
    51463.7259    92790    West         300       0x101ff       1.1730              -99    -99  999 999 999 999 999 999  -1    -99    -99   -99    -99      0 0  -8.565  0.004    0   1   0 147   0   0  15    -99    -99  2979  3.623   7272 1  
    51470.5811    92933    West         300       0x101ff       1.3866              -99    -99  999 999 999 999 999 999  -1    -99    -99   -99    -99      0 0  -8.602  0.004    0   1   2 160   0   0  15    -99    -99  4311  5.563   7272 1  
    51471.7367    93031    West         300       0x101fb       1.1681              -99    -99  999 999 999 999 999 999  -1    -99    -99   -99    -99      0 0  -8.587  0.002    0   1   0 159   0   0  15    -99    -99  1875  4.025   7272 1  
    51477.4999    93144    West         300       0x101ff       1.6487              -99    -99  999 999 999 999 999 999  -1    -99    -99   -99    -99      0 0  -8.533  0.004    0   1   0 143   0   0  15    -99    -99  9675  4.703   7272 1  
    51478.7004    93234    West         300       0x101ff       1.1684              -99    -99  999 999 999 999 999 999  -1    -99    -99   -99    -99      0 0  -8.608  0.002    0   1   0 157   0   0  15    -99    -99  5813  3.646   7272 1  
    51482.5570    93339    West         300       0x101ff       1.3601              -99    -99  999 999 999 999 999 999  -1    -99    -99   -99    -99      0 0  -8.558  0.003    0   1   1 146   0   0  15    -99    -99  2030  5.563   7272 1  
    51489.5915    93543    West         300       0x101fb       1.2383              -99    -99  999 999 999 999 999 999  -1    -99    -99   -99    -99      0 0  -8.492  0.003    0   1   0 176   0   0  15    -99    -99  2865  3.447   7272 1  
    51495.5140    93762    West         300       0x101ff       1.3830              -99    -99  999 999 999 999 999 999  -1    -99    -99   -99    -99      0 0  -8.484  0.003    0   1   0 168   0   0  15    -99    -99  3754  3.287   7272 1  
    51505.4977    93859    West         300       0x101ff       1.3500              -99    -99  999 999 999 999 999 999  -1    -99    -99   -99    -99      0 0  -8.578  0.003    0   1   0 153   0   0  15    -99    -99 13465  3.244   7272 1  
    51510.5233    93970    West         300       0x101ff       1.2575              -99    -99  999 999 999 999 999 999  -1    -99    -99   -99    -99      0 0  -8.582  0.002    0   1   0 197   0   0  15    -99    -99  2223  2.627   7272 1  
    51512.6675    94052    West         300       0x101fb       1.1904              -99    -99  999 999 999 999 999 999  -1    -99    -99   -99    -99      0 0  -8.565  0.002    0   1   0 192   0   0  15    -99    -99  2794  2.657   7272 1  
    51514.5658    94160    West         300       0x101ff       1.1861              -99    -99  999 999 999 999 999 999  -1    -99    -99   -99    -99      0 0  -8.613  0.002    0   1   0 192   0   0  15    -99    -99  2022  3.258   7272 1  
    51515.6389    94239    West         300       0x101ff       1.1758              -99    -99  999 999 999 999 999 999  -1    -99    -99   -99    -99      0 0  -8.600  0.002    0   1   0 146   0   0  15    -99    -99  1814  3.947   7272 1  
    51526.6839    94437    East         300       0x101ff       1.2696           -8.473  0.003    0   1   0 148   0   0   4    -99    -99  2818  2.645   7272 1  -8.581  0.002    0   1   0 151   0   0  11    -99    -99  2515  2.469   7272 1  
    51531.6985    94520    East         300       0x101ff       1.3373           -8.457  0.004    0   1  27 139   0   0   4    -99    -99  2247  5.581   7272 1  -8.575  0.003    0   1   1 133   0   0  11    -99    -99  1946  5.554   7272 1  
    51541.5617    94629    West         300       0x101ff       1.1728              -99    -99  999 999 999 999 999 999  -1    -99    -99   -99    -99      0 0  -8.499  0.002    0   1   0 172   0   0  15    -99    -99  1685  3.245   7272 1  
    51546.5203    94726    East         300       0x101fb       1.1666           -8.423  0.004    0   1   0 167   0   0   4    -99    -99  4109  3.203   7272 1  -8.529  0.004    0   1   0 163 173   0  11    -99    -99  3725  2.981   7272 1  
