!  Star 67.9643.8                          RA  05 39 38.524   DEC  -67 19 22.93
#  307 observations from the production databases
#  Field inception date: 50062.0417
#  Pixel coordinate system: none
#
#  Template         magnitude        chip coordinates        west-chunk
#     Red:           -11.532          892.54,  321.54             34
#    Blue:           -12.134          880.88,  328.92             72
#
!         Date    Obsid    Pier    Exposure     Checklist      Airmass             rMag   rErr  rDS rTF rCP rX2 rMP rCR  rA  rXpix  rYpix  rSky  rFWHM  rTobs r    bMag   bErr  bDS bTF bCP bX2 bMP bCR  bA  bXpix  bYpix  bSky  bFWHM  bTobs b  
    49006.5789     2873    West         300       0x101bf       1.2421          -11.559  9.999    0  13   0 253   0   0   5    -99    -99  1627  3.264  13497 1 -12.416  0.002    0  13 255 253 245   0  10    -99    -99  1547  3.116  13497 1  
    49021.7407     3303    East         300       0x101bf       2.1920          -11.541  9.999    0  13   0 186   0   0   1    -99    -99  2556  5.086  13497 1 -12.130  9.999    0  13   0 253 238   0  14    -99    -99  1468  5.398  13497 1  
    49042.6803     3664    East         300       0x101bf       2.1658          -11.526  9.999    0  13   0 206   0   0   1    -99    -99  2875  3.129  13497 1 -12.531  0.002    0  13 255 253 252   1  14    -99    -99  1711  3.441  13497 1  
    49048.6842     3944    East         300       0x101bf       2.3634          -11.536  9.999    0  13   0 145   0   0   1    -99    -99  2691  5.170  13497 1 -12.131  9.999    0  13   0 179 190   0  14    -99    -99  1794  5.334  13497 1  
    49094.5385     5320    East         300       0x101bf       2.1643          -11.549  0.003    0  13   0 253 220   0   1    -99    -99  2989  3.074  13497 1 -12.144  0.002    0  13   0 176   0   0  14    -99    -99  2143  3.302  13497 1  
    49114.5240     6497    East         300       0x101bf       2.5741          -11.549  9.999    0  13   0 110   0   0   1    -99    -99 37348  4.838  13497 1 -12.143  0.004    0  13   0 175   0   0  14    -99    -99 27097  5.131  13497 1  
    49123.5199     6958    East         300       0x101bf       2.8247          -11.538  0.002    0  13   0 189   0   0   1    -99    -99  4067  3.930  13497 1 -12.141  0.001    0  13   0 253   0   0  14    -99    -99  2338  4.391  13497 1  
    49126.5074     7277    East         300       0x101bf       2.7759          -11.541  0.003    0  13   0 183   0   0   1    -99    -99  3606  3.167  13497 1 -12.154  9.999    0  13   0 253 199   0  14    -99    -99  2148  3.498  13497 1  
    49144.4717     8120    East         300       0x101bf       2.9527          -11.516  0.010    0  13   0  90   0   0   1    -99    -99 16425  7.236  13497 1 -12.144  0.005    0  13   0 167   0   0  14    -99    -99 14687  7.861  13497 1  
    49165.7506     9202    West         300       0x101bf       2.3596          -11.533  0.003    0  13   0 158   0   0   5    -99    -99  3591  5.553  13497 1 -12.128  0.002    0  13   0 242   0   0  10    -99    -99  2800  5.612  13497 1  
    49184.8082     9923    West         300       0x101bf       1.5658          -11.536  0.001    0  13   0 215   0   0   5    -99    -99  2619  3.338  13497 1 -12.387  0.053    0  13 255  68 235   0  10    -99    -99  2389  3.200  13497 1  
    49189.8252    10272    West         300       0x101bf       1.4394          -11.543  9.999    0  13 255 200   0   0   5    -99    -99  2308  4.238  13497 1 -12.810  0.001    0  13   0 253   0   0  10    -99    -99  2033  4.167  13497 1  
    49208.7647    10963    West         300       0x101bf       1.4747          -11.545  9.999    0  13 255 207 151   0   5    -99    -99  4017  4.539  13497 1 -12.126  9.999    0  13   0 217   0   0  10    -99    -99  4356  4.570  13497 1  
    49215.7818    11333    West         300       0x101bf       1.3542          -11.536  9.999    0  13 255 146   0   0   5    -99    -99  3070  6.481  13497 1 -12.119  0.002    0  13   0 177   0   0  10    -99    -99  2634  6.858  13497 1  
    49222.7399    11807    West         300       0x101bf       1.4253          -11.536  0.001    0  13 255 249 232   0   5    -99    -99  2293  3.483  13497 1 -12.388  0.002    0  13   0 192   0   0  10    -99    -99  2540  3.104  13497 1  
    49255.6841    12271    West         300       0x101bf       1.3247          -11.544  0.002    0  13 255 253 234   0   5    -99    -99  4022  3.714  13497 1     -99    -99  999 999 999 999 999 999  -1    -99    -99   -99    -99      0 0  
    49260.6357    12528    West         300       0x101bf       1.4280          -11.841  0.002    0  13   0 198   0   0   5    -99    -99 12163  2.734  13497 1 -12.099  9.999    0  13 255 145 244   0  10    -99    -99 13564  2.432  13497 1  
    49268.6728    12720    West         300       0x101bf       1.2707          -12.040  0.001    0  13 255 251 240   0   5    -99    -99  2859  3.265  13497 1 -12.351  0.001    0  13 255 197 222   0  10    -99    -99  3129  2.982  13497 1  
    49273.6700    12895    West         300       0x101bf       1.2507          -12.103  0.001    0  13   0 209   0   0   5    -99    -99  2352  3.371  13497 1 -12.505  0.001    0  13 255 236 237   0  10    -99    -99  2382  3.234  13497 1  
    49283.6770    13111    West         300       0x101bf       1.2040          -12.178  0.001    0  13   0 224   0   0   5    -99    -99  1733  3.533  13497 1 -12.533  0.018    0  13  34  88   0   0  10    -99    -99  1970  3.334  13497 1  
    49291.6464    13362    West         300       0x101bf       1.2136          -12.245  0.002    0  13 255 251 245   0   5    -99    -99  9707  3.554  13497 1 -12.915  9.999    0  13 255 216 241   0  10    -99    -99 13164  3.716  13497 1  
    49307.7362    13497    West         300       0x101bf       1.2160          -11.566  0.002    0  13 255 176 253   0   5    -99    -99  5522  2.488  13497 1 -11.998  9.999    0  13   0 184 253   0  10    -99    -99  3091  2.514  13497 1  
    49313.6017    13706    West         300       0x101bf       1.1975          -12.092  9.999    0  13 255 171   0   0   5    -99    -99  2787  3.333  13497 1 -12.641  0.047    0  13 255   0 239   0  10    -99    -99  3144  3.466  13497 1  
    49376.5995    14059    West         300       0x101bf       1.3062          -11.685  0.001    0  13 255 218 211   0   5    -99    -99  6007  2.594  13497 1 -12.065  9.999    0  13   0 216 233   0  10    -99    -99  5920  2.594  13497 1  
    49386.6809    14380    East         300       0x101bf       1.7345          -11.538  9.999    0  13   0 248 240   0   1    -99    -99  3562  3.636  13497 1 -12.137  0.002    0  13 255 253 247   0  14    -99    -99  2909  3.704  13497 1  
    49399.6233    14597    East         300       0x101bf       1.6131          -11.542  0.027    0  13  61  27   0   0   1    -99    -99  2265  4.210  13497 1 -13.008  0.001    0  13 255 211 230   0  14    -99    -99  1689  4.311  13497 1  
    49409.7209    14845    East         300       0x100bf       2.6400          -11.529  0.003    0  13   0 178   0   0   1    -99    -99 19602  4.063  13497 1 -13.589  9.999    0  13   0 195 243   0  14    -99    -99 32524  4.355  13497 1  
    49424.6374    15199    East         300       0x101bf       2.1953          -11.517  0.003    0  13   0 137   0   0   1    -99    -99  3609  5.500  13497 1 -12.128  0.001    0  13   0 206 163   0  14    -99    -99  2456  5.804  13497 1  
    49448.6019    16050    East         300       0x101bf       2.5007          -11.522  9.999    0  13   0 195   0   0   1    -99    -99  3403  6.508  13497 1 -12.128  9.999    0  13   0 216   0   0  14    -99    -99  2490  7.120  13497 1  
    49460.5660    16596    East         300       0x101af       2.4637          -11.539  0.004    0  13   0 253 220   0   1    -99    -99  3042  3.727  13497 1 -12.693  9.999    0  13   0  53 228  67  14    -99    -99  1986  3.996  13497 1  
    49477.5561    17408    East         300       0x101bf       2.9164          -11.549  0.002    0  13 255 253 248   0   1    -99    -99  2775  3.312  13497 1 -12.151  0.001    0  13   0 226   0   0  14    -99    -99  1967  3.628  13497 1  
    49520.8334    19467    West         300       0x101bf       1.8806          -11.558  0.002    0  13   0 189   0   0   5    -99    -99  4937  7.230  13497 1 -12.140  0.002    0  13   0 187   0   0  10    -99    -99  3452  7.594  13497 1  
    49530.7347    19701    West         300       0x001bb       2.5342          -11.541  0.001    0  13   0 176   0   0   5    -99    -99  7067  5.008  13497 1 -12.127  0.002    0  13   0 253   0   0  10    -99    -99  9656  5.065  13497 1  
    49537.7524    20131    West         300       0x101bf       2.1582          -11.531  0.002    0  13   0 156   0   0   5    -99    -99  3802  6.286  13497 1 -12.117  0.002    0  13   0 196   0   0  10    -99    -99  2822  6.554  13497 1  
    49546.7602    20724    West         300       0x101bf       1.8971          -11.531  0.001    0  13   0 221   0   0   5    -99    -99  2991  3.916  13497 1 -12.678  0.001    0  13   0 253   0   0  10    -99    -99  2468  3.840  13497 1  
    49553.7349    21177    West         300       0x101bf       1.9423          -11.519  0.002    0  13   0 190   0   0   5    -99    -99  9898  4.928  13497 1 -12.130  9.999    0  13   0  34   0   0  10    -99    -99 10207  4.803  13497 1  
    49559.8002    21616    West         300       0x101bf       1.4866          -11.515  9.999    0  13   0  31 193   0   5    -99    -99  4990  3.280  13497 1 -12.494  0.002    0  13 255 232 237   0  10    -99    -99  7045  3.216  13497 1  
    49572.7905    22357    West         300       0x101bf       1.3946          -11.504  0.001    0  13 255 162 224   0   5    -99    -99  2452  4.342  13497 1 -12.878  9.999    0  13   0 180 195   0  10    -99    -99  2075  4.512  13497 1  
    49579.7267    22802    West         300       0x101bf       1.5674          -11.502  0.002    0  13 255 206 252   0   5    -99    -99  3048  2.154  13497 1 -11.618  0.001    0  13   0 211   0   0  10    -99    -99  2604  2.072  13497 1  
    49591.7615    23461    West         300       0x101bf       1.3294          -11.527  0.002    0  13   0 189   0   0   5    -99    -99  3652  3.798  13497 1 -12.757  9.999    0  13   0 253 244   0  10    -99    -99  3925  3.962  13497 1  
    49607.7001    24247    West         300       0x101bf       1.3790          -11.551  0.001    0  13   0 178   0   0   5    -99    -99  2812  3.922  13497 1 -12.131  0.001    0  13   0 253   0   0  10    -99    -99  3013  3.929  13497 1  
    49616.7358    24722    West         300       0x101af       1.2418          -11.542  0.002    0  13   0 152   0   0   5    -99    -99  5730  5.609  13497 1 -12.124  9.999    0  13   0  30   0   0  10    -99    -99  9742  5.871  13497 1  
    49630.7022    25395    West         300       0x101bf       1.2347          -11.549  0.002    0  13 255 208 243   0   5    -99    -99  1957  2.904  13497 1 -12.227  0.002    0  13 255 253 240   0  10    -99    -99  2119  2.900  13497 1  
    49639.7209    25760    West         300       0x101bf       1.1881          -11.544  0.002    0  13 255 206 253   0   5    -99    -99  1736  2.284  13497 1 -11.646  0.002    0  13 255 231 252   0  10    -99    -99  1847  2.141  13497 1  
    49649.6922    26105    West         300       0x101bf       1.1890          -11.546  0.002    0  13   0 167   0   0   5    -99    -99  4044  2.678  13497 1 -12.089  0.011    0  13 255 249 243   0  10    -99    -99  4180  2.653  13497 1  
    49681.5881    26629    West         300       0x101bf       1.2034          -11.763  0.001    0  13 255 171 199   0   5    -99    -99  2073  2.765  13497 1 -12.207  0.002    0  13 255 231 246   0  10    -99    -99  2371  2.760  13497 1  
    49691.5134    26845    West         300       0x001bf       1.2733          -11.765  0.002    0  13 255 238 253   0   5    -99    -99  2023  2.733  13497 1 -12.008  0.002    0  13 255 247 252   0  10    -99    -99  2440  2.460  13497 1  
    49692.5519    26909    West         300       0x101bf       1.2099          -11.657  0.002    0  13 255 185 235   0   5    -99    -99  1839  2.511  13497 1 -11.920  9.999    0  13   0  56 245   0  10    -99    -99  2154  2.389  13497 1  
    49695.7288    27013    West         300       0x101bf       1.3136          -11.537  0.002    0  13 255 219 234   0   5    -99    -99  6061  4.389  13497 1 -13.100  0.001    0  13 255 203 210   0  10    -99    -99  3708  4.520  13497 1  
    49696.5330    27026    West         300       0x101bf       1.2195          -11.731  0.001    0  13 255 177 208   0   5    -99    -99  2569  2.735  13497 1 -12.211  9.999    0  13   0 196 253   0  10    -99    -99  3937  2.709  13497 1  
    49697.5484    27088    West         300       0x101bf       1.1994          -11.532  0.002    0  13 255 201 253   0   5    -99    -99  4975  2.501  13497 1 -11.955  0.002    0  13 255 201 253   0  10    -99    -99  5907  2.435  13497 1  
    49698.7309    27147    West         300       0x101bf       1.3395          -11.525  0.002    0  13 255 230 250   0   5    -99    -99  5849  2.679  13497 1 -12.083  9.999    0  13   0 244 252   0  10    -99    -99  4380  2.628  13497 1  
    49700.7031    27234    West         300       0x101bf       1.2863          -11.524  0.001    0  13   0 222   0   0   5    -99    -99  2050  5.504  13497 1 -12.127  0.001    0  13   0 212 134   0  10    -99    -99  1819  5.656  13497 1  
    49703.5713    27308    West         300       0x101bf       1.1767          -12.136  0.002    0  13 255 217 246   0   5    -99    -99 13453  3.092  13497 1 -12.561  0.002    0  13 255 238 250   0  10    -99    -99 14688  3.081  13497 1  
    49705.5248    27396    West         300       0x101bf       1.2012          -12.042  0.002    0  13 255 156 250   0   5    -99    -99  9951  3.085  13497 1 -12.495  9.999    0  13   0 242 240   0  10    -99    -99 11143  3.056  13497 1  
    49716.6732    27477    West         300       0x101bf       1.3178          -11.532  0.001    0  13 255 212 210   0   5    -99    -99  2129  4.292  13497 1 -12.136  9.999    0  13   0 150   0   0  10    -99    -99  1667  4.451  13497 1  
    49716.7031    27482    East         300       0x101bf       1.4025          -12.121  0.001    0  13 255 163 187   0   1    -99    -99  2007  3.538  13497 1 -12.559  0.001    0  13   0 226   0   0  14    -99    -99  1347  3.520  13497 1  
    49728.6895    27632    East         300       0x101bf       1.4703          -11.390  0.128    0  13 255  26 241   0   1    -99    -99  1959  2.259  13497 1 -11.762  9.999    0  13   0 253 253   0  14    -99    -99  1280  2.258  13497 1  
    49740.5391    27828    West         300       0x100bf       1.2025          -11.927  0.002    0  13 255 224 249   0   5    -99    -99  2537  3.133  13497 1 -12.470  9.999    0  13   0 235 240   0  10    -99    -99  1961  3.199  13497 1  
    49742.5997    27922    East         300       0x101af       1.3113          -11.978  0.002    0  13 255 201 253   0   1    -99    -99  2460  3.227  13497 1     -99    -99  999 999 999 999 999 999  -1    -99    -99   -99    -99      0 0  
    49746.6701    28017    East         300       0x101bf       1.5999          -11.334  0.002    0  13 255 227 253   0   1    -99    -99  1996  2.199  13497 1     -99    -99  999 999 999 999 999 999  -1    -99    -99   -99    -99      0 0  
    49748.5177    28107    East         300       0x101bf       1.2019          -11.539  0.001    0  13 255 174 238   0   1    -99    -99  2072  4.145  13497 1     -99    -99  999 999 999 999 999 999  -1    -99    -99   -99    -99      0 0  
    49749.6938    28168    East         300       0x101af       1.7776          -11.541  0.063    0  13 255   0 248   0   1    -99    -99  1869  3.515  13497 1     -99    -99  999 999 999 999 999 999  -1    -99    -99   -99    -99      0 0  
    49751.7700    28245    East         300       0x101bf       2.4794          -13.099  0.011    0  13  39 189   0   0   1    -99    -99 33011  4.651  13497 1 -13.357  9.999    0  13   0 104 170   0  14    -99    -99 19673  4.947  13497 1  
    49755.6049    28360    East         300       0x100bf       1.4309          -11.397  9.999    0  13   0 253   0   0   1    -99    -99  1679  2.317  13497 1 -11.969  9.999    0  13   0 218 253   0  14    -99    -99  1188  2.519  13497 1  
    49760.7167    28467    East         300       0x101bf       2.1864          -11.542  0.005    0  13   8 247 205   0   1    -99    -99  3062  3.992  13497 1 -12.807  9.999    0  13 255 243 214   0  14    -99    -99  1962  4.183  13497 1  
    49765.7733    28605    East         300       0x101bf       3.0015          -11.541  9.999    0  13   0 155   0   0   1    -99    -99 13353  4.844  13497 1 -13.450  9.999    0  13   0 253 247  28  14    -99    -99 20735  5.156  13497 1  
    49768.7649    28665    East         300       0x101bf       2.9983          -11.538  9.999    0  13   0 150   0   0   1    -99    -99  6698  4.051  13497 1 -12.933  0.001    0  13   0 244   0   0  14    -99    -99  7201  4.308  13497 1  
    49787.6703    28798    East         300       0x101bf       2.4647          -11.545  0.001    0  13   0 175   0   0   1    -99    -99  1930  3.410  13497 1 -12.494  0.002    0  13 255 253 252   0  14    -99    -99  1640  3.652  13497 1  
    49789.6753    28923    East         300       0x101bf       2.5826          -11.540  0.002    0  13   0 158   0   0   1    -99    -99  5514  3.434  13497 1 -12.535  0.001    0  13   0 198   0   0  14    -99    -99  5989  3.591  13497 1  
    49791.6583    29015    East         300       0x101bf       2.4532          -11.539  0.009    0  13  34 192   0   0   1    -99    -99 10675  4.925  13497 1 -12.132  9.999    0  13 255 198 206   0  14    -99    -99 19469  5.265  13497 1  
    49797.5925    29206    East         300       0x101bf       1.9886          -12.060  0.001    0  13   0 253   0   0   1    -99    -99  4923  3.299  13497 1 -12.566  0.001    0  13   0 251   0   0  14    -99    -99  4855  3.617  13497 1  
    49799.6802    29307    East         300       0x101bf       2.9978          -11.531  9.999    0  13   0 129   0   0   1    -99    -99  3921  6.455  13497 1 -12.122  0.002    0  13   0 181   0   0  14    -99    -99  3795  6.770  13497 1  
    49802.6224    29484    East         300       0x101bf       2.3895          -11.543  0.001    0  13   0 196   0   0   1    -99    -99  2098  2.907  13497 1 -12.283  0.001    0  13 255 253 230   0  14    -99    -99  1885  3.173  13497 1  
    49805.6442    29588    East         300       0x101bf       2.7384          -11.538  0.001    0  13   0 193   0   0   1    -99    -99  2437  3.442  13497 1 -12.486  0.001    0  13   0 253   0   0  14    -99    -99  1986  3.624  13497 1  
    49807.6330    29697    East         300       0x101bf       2.6670          -11.536  0.001    0  13   0 253   0   0   1    -99    -99  2233  4.245  13497 1 -12.141  0.002    0  13 255 253 246   0  14    -99    -99  1888  4.446  13497 1  
    49809.4755    29811    East         300       0x101bf       1.4987          -12.167  0.133    0  13  85  72   0   0   1    -99    -99  2067  3.593  13497 1 -12.659  0.001    0  13 255 223 246   0  14    -99    -99  1377  3.947  13497 1  
    49832.5747    30590    East         300       0x101bf       2.7923          -11.548  0.088    0  13  73  97   0   0   1    -99    -99  2215  3.486  13497 1 -12.569  9.999    0  13 255 253 235   0  14    -99    -99  1998  3.783  13497 1  
    49927.7649    33629    West         300       0x101bf       1.6095          -11.533  0.001    0  13   0 156   0   0   5    -99    -99  3790  3.987  13497 1 -12.135  0.001    0  13   0 253   0   0  10    -99    -99  2937  4.083  13497 1  
    49933.7377    34026    West         300       0x101bf       1.6657          -11.525  0.001    0  13   0 253   0   0   5    -99    -99  2264  3.363  13497 1 -12.441  0.037    0  13 255  25 222   0  10    -99    -99  1782  3.441  13497 1  
    49936.7157    34178    West         300       0x101bf       1.7451          -11.523  0.001    0  13   0 175   0   0   5    -99    -99  5665  4.416  13497 1 -12.130  0.001    0  13 255 191 218   0  10    -99    -99  5295  4.603  13497 1  
    49939.6283    34489    West         300       0x101af       2.3885          -11.530  0.008    0  13 255 219 193  68   5    -99    -99 19695  3.182  13497 1 -12.760  0.002    0  13 255 219 249   0  10    -99    -99 27950  3.257  13497 1  
    49942.6725    34793    West         300       0x101bf       1.9230          -11.512  9.999    0  13 255 253  82  44   5    -99    -99  5838  2.246  13497 1 -11.713  0.004    0  13   0 253 213  68  10    -99    -99 10130  2.163  13497 1  
    49944.6957    35005    West         300       0x101bf       1.7335          -11.520  0.001    0  13   0 253  62  29   5    -99    -99  3872  3.520  13497 1 -12.495  0.001    0  13 255 244 202   0  10    -99    -99  5434  3.597  13497 1  
    49946.7224    35124    West         300       0x101bf       1.5649          -11.515  9.999    0  13   0 164   0   0   5    -99    -99  2948  6.011  13497 1 -12.125  9.999    0  13   0 253   0   0  10    -99    -99  3021  5.772  13497 1  
    49948.7165    35309    West         300       0x101bf       1.5670          -11.520  0.001    0  13   0 195   0   0   5    -99    -99  2656  5.671  13497 1 -12.123  0.002    0  13   0 209   0   0  10    -99    -99  2266  5.866  13497 1  
    49952.6739    35552    West         300       0x101bf       1.7337          -11.521  0.001    0  13   0 253 184  73   5    -99    -99  2632  2.857  13497 1 -12.220  0.001    0  13   0 253   0   0  10    -99    -99  2453  2.898  13497 1  
    49955.7611    35776    West         300       0x101bf       1.3394          -11.524  0.001    0  13   0 174   0   0   5    -99    -99  2332  5.260  13497 1 -12.122  9.999    0  13  12  31 184   0  10    -99    -99  2051  5.540  13497 1  
    49957.7909    35911    West         300       0x101bf       1.2607          -11.525  0.003    0  13 255 253 220  74   5    -99    -99  2029  2.387  13497 1 -11.804  0.001    0  13   0 253   0   0  10    -99    -99  1901  2.339  13497 1  
    49961.7920    36065    West         300       0x101bf       1.2405          -11.524  0.002    0  13   0 253   0   0   5    -99    -99  2120  3.294  13497 1 -12.383  0.001    0  13 255 253 222   0  10    -99    -99  1852  3.217  13497 1  
    49966.6551    36211    West         300       0x101bf       1.6265          -11.540  0.001    0  13 255 253 183  27   5    -99    -99  6225  3.205  13497 1 -12.509  0.042    0  13 255  12 236   0  10    -99    -99  8706  3.249  13497 1  
    49970.7436    36413    West         300       0x101af       1.2837          -11.546  0.003    0  13  40 253   0   0   5    -99    -99  6113  2.642  13497 1 -12.230  0.001    0  13   0 253   0   0  10    -99    -99 10733  2.806  13497 1  
    49982.5941    36803    West         300       0x101bf       1.7216          -11.540  0.001    0  13 255 230 242   0   5    -99    -99  2467  3.224  13497 1 -12.311  0.030    0  13 255 233 251   0  10    -99    -99  2342  3.046  13497 1  
    49987.6286    36953    West         300       0x101bf       1.4876          -11.546  0.002    0  13 255 222 253   0   5    -99    -99  2300  2.023  13497 1 -11.518  0.002    0  13 255 253 251   0  10    -99    -99  2416  2.019  13497 1  
    49996.7651    37212    West         300       0x101bf       1.1778          -11.975  0.001    0  13 255 176 234   0   5    -99    -99  3058  3.004  13497 1 -12.392  0.001    0  13 255 174 237   0  10    -99    -99  3021  3.117  13497 1  
    50007.7598    37629    West         300       0x101bf       1.1759          -11.524  0.001    0  13 255 154 195   0   5    -99    -99  2792  5.168  13497 1 -13.182  0.001    0  13   0 214 188   0  10    -99    -99  3219  5.304  13497 1  
    50022.6634    37863    West         300       0x101bf       1.1949          -11.529  0.001    0  13   0 157   0   0   5    -99    -99  2015  4.492  13497 1 -12.903  9.999    0  13 255 184 247   7  10    -99    -99  2312  4.389  13497 1  
    50038.6999    38097    West         300       0x101bf       1.1845          -11.526  0.002    0  13   0 250   0   0   5    -99    -99  2833  3.120  13497 1 -12.356  0.002    0  13 255 207 243   0  10    -99    -99  2457  3.166  13497 1  
    50061.6599    38476    West         300       0x101af       1.2024          -11.536  0.001    0  13   0 198 169   0   5    -99    -99  5213  4.448  13497 1 -13.042  0.001    0  13   0 253   0   0  10    -99    -99  5606  4.424  13497 1  
    50102.6598    39117    East         300       0x101ff       1.4487              -99    -99  999 999 999 999 999 999  -1    -99    -99   -99    -99      0 0     -99    -99  999 999 999 999 999 999  -1    -99    -99   -99    -99      0 0  
    50125.7217    39530    East         300       0x101bf       2.2276          -11.533  0.001    0  13   0 253   0   0   1    -99    -99  3951  5.204  13497 1 -12.133  9.999    0  13   0 148   0   0  14    -99    -99  3490  5.363  13497 1  
    50154.6373    40294    East         300       0x101ff       2.1789          -11.441  9.999    0  13   0 226 250  52   1    -99    -99  4160  2.433  13497 1 -12.078  0.002    0  13 255 253 253   0  14    -99    -99  3101  2.807  13497 1  
    50172.6515    40941    East         300       0x101ff       2.8959          -11.521  9.999    0  13   0 253   0   0   1    -99    -99  5532  5.879  13497 1 -12.138  0.002    0  13   0 232   0   0  14    -99    -99  6381  6.279  13497 1  
    50188.5678    41570    East         300       0x101ff       2.4110              -99    -99  999 999 999 999 999 999  -1    -99    -99   -99    -99      0 0 -12.172  9.999    0  13   5 224   0   0  14    -99    -99  3225  4.718  13497 1  
    50219.5154    43004    East         300       0x101ff       2.7931          -11.548  9.999    0  13   0 207   0   0   1    -99    -99  3220  4.208  13497 1 -12.140  0.001    0  13   0 253   0   0  14    -99    -99  2012  4.623  13497 1  
    50233.4450    44151    East         300       0x101ff       2.4126          -11.529  9.999    0  13 255 188   0   0   1    -99    -99 13505  3.183  13497 1 -12.487  0.002    0  13 255 227 232   0  14    -99    -99 14522  3.304  13497 1  
    50278.7467    46453    West         300       0x101ff       1.9658          -11.546  0.002    0  13   0 253   0   0   5    -99    -99  3387  5.049  13497 1 -12.124  0.001    0  13   0 253   0   0  10    -99    -99  2518  5.249  13497 1  
    50364.6111    49263    West         300       0x101ff       1.4329          -11.561  0.002    0  13 255 246 246   0   5    -99    -99  2139  2.547  13497 1 -11.939  9.999    0  13   0 237 252   0  10    -99    -99  2317  2.472  13497 1  
    50364.7313    49287    West         300       0x101ff       1.1911          -11.549  0.002    0  13 255 208 191   0   5    -99    -99  1845  3.772  13497 1 -12.658  0.001    0  13 255 207 228   0  10    -99    -99  1878  3.657  13497 1  
    50371.7412    49651    West         300       0x101ff       1.1766          -11.539  0.002    0  13   0 253   0   0   5    -99    -99  2148  3.279  13497 1 -12.389  0.001    0  13   0 208   0   0  10    -99    -99  2180  3.154  13497 1  
    50388.7428    50091    West         300       0x101bf       1.1851          -11.536  0.001    0  13   0 253 190  50   5    -99    -99  3413  3.148  13497 1 -12.201  0.001    0  13   0 253  66  17  10    -99    -99  3735  2.828  13497 1  
    50397.7537    50333    West         300       0x101ff       1.2179          -11.534  0.003    0  13   0 133 139   0   5    -99    -99 30885  4.770  13497 1 -13.797  0.003    0  13   0 131   0   0  10    -99    -99 35985  4.900  13497 1  
    50409.6939    50670    West         300       0x000bf       1.1909          -12.325  0.001    0  13   0 185   0   0   5    -99    -99  4272  3.940  13497 1 -12.884  0.001    0  13   0 253 178  89  10    -99    -99  5697  3.925  13497 1  
    50419.7343    51008    West         300       0x101ff       1.2860          -12.203  0.002    0  13 255 173 232   0   5    -99    -99 10044  3.396  13497 1 -12.675  9.999    0  13 255  65 212   0  10    -99    -99  8183  3.542  13497 1  
    50432.6501    51431    East         300       0x101ff       1.2077          -11.315  0.004    0  13   2 253 140   1   1    -99    -99  1761  2.212  13497 1 -11.795  9.999    0  13   0 146 249   0  14    -99    -99  1389  2.358  13497 1  
    50440.6579    51722    East         300       0x101ff       1.2493          -11.533  0.010    0  13  46 203   0   0   1    -99    -99  8395  5.359  13497 1 -13.227  0.002    0  13   0 205   0   0  14    -99    -99  8302  5.552  13497 1  
    50455.6296    52123    East         300       0x101ff       1.2726          -12.175  0.003    0  13  96 253 187   0   1    -99    -99  1525  3.715  13497 1 -12.757  0.001    0  13 255 235 216   0  14    -99    -99  1138  3.955  13497 1  
    50467.7314    52468    East         300       0x101ff       1.7999          -11.669  0.088    0  13  71 129  72  68   1    -99    -99  2952  2.762  13497 1 -12.208  9.999    0  13   0 187 224   0  14    -99    -99  1437  3.005  13497 1  
    50480.5941    52740    East         300       0x101ff       1.3501          -11.530  0.003    0  13 103 253   0   0   1    -99    -99  3033  3.030  13497 1 -12.150  9.999    0  13   0 118   0   0  14    -99    -99  2258  3.229  13497 1  
    50484.7364    52866    East         300       0x000bb       2.2040          -11.533  0.002    0  13   0 197   0   0   1    -99    -99  3014  3.047  13497 1 -12.144  9.999    0  13   0  99   0   0  14    -99    -99  2456  3.169  13497 1  
    50492.6190    52991    East         300       0x001bf       1.5590          -11.732  0.001    0  13   0 253   0   0   1    -99    -99  1453  2.773  13497 1 -12.278  0.002    0  13 255 253 253   0  14    -99    -99  1117  3.178  13497 1  
    50494.6137    53073    East         300       0x101fb       1.5592          -11.915  9.999    0  13   0 253   0   0   1    -99    -99  1616  3.106  13497 1 -12.569  0.001    0  13 255 253 209   0  14    -99    -99  1235  3.594  13497 1  
    50496.7316    53196    East         300       0x101ff       2.4933          -11.540  0.005    0  13   0 117   0   0   1    -99    -99  2573  2.695  13497 1 -12.151  0.002    0  13   0 229   0   0  14    -99    -99  2038  2.939  13497 1  
    50498.6540    53306    East         300       0x001bf       1.8491          -11.996  9.999    0  13   0 176   0   0   1    -99    -99  6422  3.159  13497 1 -12.513  0.001    0  13 255 253 216   0  14    -99    -99  7587  3.402  13497 1  
    50507.5778    53456    East         300       0x101ff       1.5582          -11.416  0.001    0  13   0 253   0   0   1    -99    -99  3412  2.294  13497 1 -12.027  9.999    0  13   0 253 249   0  14    -99    -99  3339  2.593  13497 1  
    50510.5843    53553    East         300       0x101ff       1.6289          -11.521  0.001    0  13   0 253   0   0   1    -99    -99  2037  2.546  13497 1 -12.089  0.002    0  13 255 250 245  51  14    -99    -99  1341  2.812  13497 1  
    50519.5719    53736    East         300       0x101ff       1.6947          -11.530  0.003    0  13   0 135   0   0   1    -99    -99  2057  4.987  13497 1 -12.130  9.999    0  13   0 159 133   0  14    -99    -99  1450  5.194  13497 1  
    50521.6872    53876    East         300       0x101ff       2.7799          -11.533  0.002    0  13   0 211   0   0   1    -99    -99  2128  5.338  13497 1 -12.138  9.999    0  13   0 232   0   0  14    -99    -99  1686  5.586  13497 1  
    50529.5837    54245    East         300       0x101ff       1.9525          -11.737  9.999    0  13   0 228 195   0   1    -99    -99  9913  2.703  13497 1 -12.462  0.002    0  13 255 253 225  77  14    -99    -99 17073  2.965  13497 1  
    50532.4950    54401    East         300       0x000ff       1.4952          -11.743  0.003    0  13 255 201 253   0   1    -99    -99 10337  2.737  13497 1 -12.523  0.000    0  13   0   0   0   0  14    -99    -99 15038  3.133  13497 1  
    50534.6177    54553    East         300       0x101ff       2.3828          -11.537  9.999    0  13   0 186   0   0   1    -99    -99 10092  4.972  13497 1 -12.130  9.999    0  13   0 203   0   0  14    -99    -99 10236  5.522  13497 1  
    50539.5451    54738    East         300       0x101ff       1.8701          -11.611  9.999    0  13   0 253 250   0   1    -99    -99  2453  2.591  13497 1 -12.095  0.002    0  13 255 231 234   0  14    -99    -99  1393  2.824  13497 1  
    50542.4802    54882    East         300       0x101ff       1.5487          -11.531  0.002    0  13   0 152   0   0   1    -99    -99  2577  5.508  13497 1 -12.124  0.002    0  13   0 137   0   0  14    -99    -99  1670  5.777  13497 1  
    50545.4880    55132    East         300       0x101ff       1.6251          -11.527  9.999    0  13   0 200 150   0   1    -99    -99  2095  4.268  13497 1 -12.743  0.001    0  13   0 253   0   0  14    -99    -99  1514  4.209  13497 1  
    50547.6057    55342    East         300       0x101ff       2.6492          -11.536  0.002    0  13   0 202   0   0   1    -99    -99  2372  2.997  13497 1 -12.160  9.999    0  13   0 204   0   0  14    -99    -99  1811  3.287  13497 1  
    50551.5301    55533    East         300       0x101ff       2.0024          -11.740  0.001    0  13   0 253   0   0   1    -99    -99  2461  2.834  13497 1 -12.086  9.999    0  13   0 242 204   0  14    -99    -99  1617  2.851  13497 1  
    50553.6118    55697    East         300       0x101ff       2.9384          -11.527  0.002    0  13   0 187   0   0   1    -99    -99  2292  3.214  13497 1 -12.143  9.999    0  13   0 225 208   0  14    -99    -99  1898  3.328  13497 1  
    50557.5428    55889    East         300       0x101bf       2.2604          -11.532  9.999    0  13   0 181   0   0   1    -99    -99  7045  4.031  13497 1 -12.894  9.999    0  13   0 192 187   0  14    -99    -99 11268  4.242  13497 1  
    50565.4326    56144    East         300       0x101ff       1.6214          -11.503  0.001    0  13   0 253 131  77   1    -99    -99  2492  2.457  13497 1 -12.182  0.001    0  13 255 253 241   0  14    -99    -99  1582  2.821  13497 1  
    50569.4407    56523    East         300       0x101ff       1.7257          -11.531  9.999    0  13   0 222   0   0   1    -99    -99  2863  3.146  13497 1 -12.458  9.999    0  13   0 190   0   0  14    -99    -99  1923  3.511  13497 1  
    50576.5307    56890    East         300       0x101ff       2.7004          -11.543  0.001    0  13 255 253 165   0   1    -99    -99  2614  4.546  13497 1 -12.140  0.001    0  13   0 228   0   0  14    -99    -99  1746  4.962  13497 1  
    50579.5084    57112    East         300       0x101ff       2.5325          -11.540  9.999    0  13   0  99   0   0   1    -99    -99  2422  4.580  13497 1 -12.130  9.999    0  13   0 143   0   0  14    -99    -99  2004  5.039  13497 1  
    50582.3687    57366    East         300       0x100af       1.5385          -11.530  9.999    0  13   0 219   0   0  -1    -99    -99   -99    -99      0 1 -12.129  9.999    0  13 255 211   0   0  -1    -99    -99   -99    -99      0 1  
    50595.4058    57561    East         300       0x101ff       1.9697          -11.542  0.001    0  13   0 253   0   0   1    -99    -99  2908  4.323  13497 1 -12.138  0.001    0  13   0 253   0   0  14    -99    -99  1879  4.892  13497 1  
    50600.4366    57962    East         300       0x101ff       2.3749          -11.534  9.999    0  13 255 200 239   0   1    -99    -99  4309  2.998  13497 1 -12.393  0.002    0  13 255 253 253   0  14    -99    -99  2114  3.333  13497 1  
    50605.8119    58392    West         300       0x101ff       2.3134          -11.530  9.999    0  13   0 158   0   0   5    -99    -99  2856  5.502  13497 1 -12.123  0.002    0  13   0 253   0   0  10    -99    -99  2286  5.665  13497 1  
    50609.4305    58734    East         300       0x101af       2.5797          -11.534  0.001    0  13   0 253   0   0   1    -99    -99  2763  3.695  13497 1 -12.143  0.002    0  13 255 253 247   0  14    -99    -99  2601  4.080  13497 1  
    50614.8140    59062    West         300       0x1017f       2.0668          -11.543  0.001    0  13   0 160   0   0   5    -99    -99  3314  5.880  13497 1 -12.122  0.002    0  13   0 245   0   0  10    -99    -99  2389  6.002  13497 1  
    50618.4130    59394    East         300       0x101ff       2.6639          -11.537  9.999    0  13   0 179   0   0   1    -99    -99 26750  3.462  13497 1 -12.143  0.004    0  13   0 178   0   0  14    -99    -99 20550  3.955  13497 1  
    50631.3795    59864    East         300       0x101ff       2.6887          -11.532  0.001    0  13   0 249   0   0   1    -99    -99  3872  3.422  13497 1 -12.143  9.999    0  13   0 253   0   0  14    -99    -99  2232  3.617  13497 1  
    50648.7691    61113    West         300       0x101ff       1.7272          -11.532  9.999    0  13 255 137   0   0   5    -99    -99 12536  4.008  13497 1 -12.968  0.002    0  13 255 242 177   0  10    -99    -99 15221  4.033  13497 1  
    50656.7122    61650    West         300       0x101ff       1.9644          -11.535  0.001    0  13   0 199   0   0   5    -99    -99  3593  4.785  13497 1 -12.123  0.031    0  13  58  24   0   0  10    -99    -99  3019  4.714  13497 1  
    50659.7409    61947    West         300       0x101ff       1.7170          -11.531  0.002    0  13 255 208 244   0   5    -99    -99  2816  3.449  13497 1 -12.447  9.999    0  13   0  42 226   0  10    -99    -99  2211  3.279  13497 1  
    50662.6676    62225    West         300       0x101ff       2.2032          -11.542  0.001    0  13 255 219 219   0   5    -99    -99  3509  3.591  13497 1 -12.543  0.001    0  13   0 250   0   0  10    -99    -99  2537  3.604  13497 1  
    50670.7719    62706    West         300       0x101ff       1.4364          -11.538  9.999    0  13 255 195   0   0   5    -99    -99  2449  4.528  13497 1 -12.130  9.999    0  13 255 129   0   0  10    -99    -99  2095  4.666  13497 1  
    50675.6068    62978    West         300       0x101fb       2.4614          -11.518  0.005    0  13   0 126   0   0   5    -99    -99  9153  7.284  13497 1 -12.132  0.004    0  13   0 207 153   0  10    -99    -99 10140  7.477  13497 1  
    50679.6831    63297    West         300       0x101ff       1.7358          -11.539  0.002    0  13 255 192 249   0   5    -99    -99  9195  3.089  13497 1 -12.602  0.002    0  13 255 184 248   0  10    -99    -99 17611  3.228  13497 1  
    50681.7009    63524    West         300       0x101ff       1.6094          -11.537  0.001    0  13 255 253 221   0   5    -99    -99  4834  4.475  13497 1 -13.148  0.001    0  13   0 253   0   0  10    -99    -99  7677  5.159  13497 1  
    50684.6626    63741    West         300       0x101ff       1.7771          -11.517  0.003    0  13   0 102   0   0   5    -99    -99  3256  9.298  13497 1 -12.129  9.999    0  13   0 205   0   0  10    -99    -99  3316  9.530  13497 1  
    50689.6777    64009    West         300       0x101ff       1.6157          -11.548  0.002    0  13 255 253 249   0   5    -99    -99  2243  2.420  13497 1     -99    -99  999 999 999 999 999 999  -1    -99    -99   -99    -99      0 0  
    50700.7345    64188    West         300       0x101ef       1.3068          -11.539  0.001    0  13   0 244   0   0   5    -99    -99  2240  2.641  13497 1 -12.054  0.016    0  13 255  60 233   0  10    -99    -99  2083  2.605  13497 1  
    50704.6549    64333    West         300       0x101ff       1.5314          -11.540  0.002    0  13 255 253 246   0   5    -99    -99  6850  2.804  13497 1 -12.222  0.002    0  13 255 238 242   0  10    -99    -99  8306  2.782  13497 1  
    50713.7627    64496    West         300       0x101ff       1.2023          -11.542  0.001    0  13 255 207 217   0   5    -99    -99  3912  3.708  13497 1 -12.656  9.999    0  13 255 240 245   0  10    -99    -99  3127  3.726  13497 1  
    50717.6645    64613    West         300       0x101ff       1.3685          -11.540  0.002    0  13 255 192 247   0   5    -99    -99  1648  2.423  13497 1 -11.749  0.001    0  13   0 241   0   0  10    -99    -99  1939  2.255  13497 1  
    50719.6025    64738    West         300       0x101ff       1.5829          -11.550  0.001    0  13 255 194 220   0   5    -99    -99  2120  3.560  13497 1 -12.610  0.001    0  13 255 246 186   0  10    -99    -99  2350  3.707  13497 1  
    50720.7361    64850    West         300       0x101ff       1.2103          -11.545  9.999    0  13 255 192   0   0   5    -99    -99  1813  3.260  13497 1 -12.337  9.999    0  13 255  68   0   0  10    -99    -99  1877  3.148  13497 1  
    50722.6060    64979    West         300       0x101ff       1.5303          -11.543  0.005    0  13   0 253   0   0   5    -99    -99  8456  3.080  13497 1 -12.135  0.018    0  13  40  85   0   0  10    -99    -99  8668  3.250  13497 1  
    50722.6226    64981    West         300       0x101ff       1.4633          -11.547  0.001    0  13   0 253   0   0   5    -99    -99  2307  2.895  13497 1 -12.237  0.002    0  13 255 253 230   0  10    -99    -99  2478  2.974  13497 1  
    50724.7753    65107    West         300       0x101ff       1.1764          -11.542  0.001    0  13   0 140   0   0   5    -99    -99  2554  5.291  13497 1 -12.127  0.001    0  13   0 185   0   0  10    -99    -99  3118  5.400  13497 1  
    50730.5476    65280    West         300       0x001bf       1.7141          -11.539  0.002    0  13 255 216 251   1   5    -99    -99  4143  2.251  13497 1 -11.704  0.003    0  13 255 210 253   0  10    -99    -99  4195  2.241  13497 1  
    50731.6767    65361    West         300       0x101ff       1.2524          -11.543  0.001    0  13   0 198   0   0   5    -99    -99  1680  6.115  13497 1 -12.131  0.002    0  13   0 253   0   0  10    -99    -99  1892  6.493  13497 1  
    50733.6164    65491    West         300       0x101ff       1.3818          -11.540  9.999    0  13   0 205   0   0   5    -99    -99  4524  4.477  13497 1 -12.933  0.001    0  13   0 253   0   0  10    -99    -99  6934  4.430  13497 1  
    50734.7083    65576    West         300       0x101ff       1.1996          -11.545  9.999    0  13 255 253 236   0   5    -99    -99  4278  4.215  13497 1 -12.926  9.999    0  13   0 132   0   0  10    -99    -99  6718  4.368  13497 1  
    50736.5974    65697    West         300       0x101ff       1.4167          -11.543  0.002    0  13 255 253 195   0   5    -99    -99 11013  3.094  13497 1 -12.559  9.999    0  13 255  64 220   0  10    -99    -99 19799  3.047  13497 1  
    50737.6601    65783    West         300       0x101ff       1.2528          -11.545  0.001    0  13   0 167   0   0   5    -99    -99  8801  4.347  13497 1 -13.106  0.001    0  13   0 253   0   0  10    -99    -99 15180  4.475  13497 1  
    50743.6135    66060    West         300       0x101ff       1.3152          -11.547  0.002    0  13 255 235 253   1   5    -99    -99  2250  2.081  13497 1 -11.683  0.002    0  13 255 232 252   0  10    -99    -99  2270  2.176  13497 1  
    50744.7519    66156    West         300       0x101ff       1.1777          -11.539  0.001    0  13 255 235 233   0   5    -99    -99  2907  3.679  13497 1 -12.612  9.999    0  13   0 253 128  78  10    -99    -99  3009  3.650  13497 1  
    50746.6328    66268    West         300       0x101ff       1.2576          -11.540  0.002    0  13 255 218 242   0   5    -99    -99  2111  2.693  13497 1 -11.998  0.002    0  13 255 241 252   0  10    -99    -99  2170  2.500  13497 1  
    50748.6524    66351    West         300       0x101ff       1.2193          -11.548  0.001    0  13 255 202 185   0   5    -99    -99  1862  3.740  13497 1 -12.738  9.999    0  13   0 253   0   0  10    -99    -99  1910  3.926  13497 1  
    50767.5715    66470    West         300       0x101bb       1.2648          -12.262  0.002    0  13 255 224 242   0   5    -99    -99 11821  2.895  13497 1 -12.796  0.002    0  13   0 197   0   0  10    -99    -99 12208  2.923  13497 1  
    50770.4886    66591    West         300       0x101bf       1.4746          -12.184  0.001    0  13   0 204   0   0   5    -99    -99  2789  3.521  13497 1 -12.513  9.999    0  13   0 253 248   0  10    -99    -99  2406  3.308  13497 1  
    50774.6642    66727    West         300       0x101bb       1.1761          -12.108  0.001    0  13   0 238   0   0   5    -99    -99  2108  3.336  13497 1 -12.509  9.999    0  13   0 242 249   0  10    -99    -99  2311  3.356  13497 1  
    50776.6247    66825    West         300       0x101bf       1.1790          -12.044  0.001    0  13 255 207 239   0   5    -99    -99  2026  3.287  13497 1 -12.557  0.001    0  13 255 253 238   0  10    -99    -99  1927  3.353  13497 1  
    50784.5980    66970    West         300       0x101ff       1.1810          -11.983  0.002    0  13 255 216 248   0   5    -99    -99  1843  3.099  13497 1 -12.391  0.001    0  13 255 212 194   0  10    -99    -99  1784  3.074  13497 1  
    50793.5669    67079    West         300       0x101ff       1.1845          -11.746  0.002    0  13 255 204 248   0   5    -99    -99  7044  2.626  13497 1 -12.283  9.999    0  13   0 212 253   0  10    -99    -99  8595  2.785  13497 1  
    50796.6634    67165    West         300       0x101ff       1.2201          -11.847  9.999    0  13 255 200 245   0   5    -99    -99 10427  2.764  13497 1 -12.308  0.002    0  13 255 247 246   0  10    -99    -99 10970  2.761  13497 1  
    50802.6368    67317    West         300       0x101ff       1.2080          -11.537  9.999    0  13 255 202   0   0   5    -99    -99  4129  3.914  13497 1 -12.746  9.999    0  13 255 253 234  29  10    -99    -99  3668  3.833  13497 1  
    50804.6467    67415    West         300       0x101ff       1.2272          -11.527  0.001    0  13 255 207 219   0   5    -99    -99  2423  3.772  13497 1 -12.844  0.001    0  13 255 220 228   0  10    -99    -99  2344  3.851  13497 1  
    50809.4898    67517    West         300       0x101ff       1.2141          -11.538  0.002    0  13 255 188 246   0   5    -99    -99  2678  3.271  13497 1 -12.515  0.001    0  13 255 218 222   0  10    -99    -99  2581  3.329  13497 1  
    50812.6340    67621    West         300       0x105ff       1.2408          -11.534  0.001    0  13 255 253 223   0   5    -99    -99  2281  3.245  13497 1 -12.520  0.001    0  13 255 253 222   0  10    -99    -99  2101  3.293  13497 1  
    50818.7004    67732    East         300       0x105ff       1.4539          -12.108  9.999    0  13   0 199 211   0   1    -99    -99  2505  3.455  13497 1 -12.563  0.001    0  13   0 184   0   0  14    -99    -99  1515  3.630  13497 1  
    50830.6056    67853    East         300       0x105ff       1.2788          -11.533  0.002    0  13   0 177   0   0   1    -99    -99  3339  4.066  13497 1 -13.092  9.999    0  13   0 184   0   0  14    -99    -99  4554  4.424  13497 1  
    50834.6478    67954    East         300       0x104ff       1.4222          -11.822  9.999    0  13   0 253   0   0   1    -99    -99  2432  2.977  13497 1 -12.253  9.999    0  13   0 253 253   0  14    -99    -99  2030  3.164  13497 1  
    50836.6650    68052    East         300       0x105ff       1.5082          -11.540  0.002    0  13   0 119   0   0   1    -99    -99  2237  3.500  13497 1 -12.165  9.999    0  13   0 145   0   0  14    -99    -99  1515  3.790  13497 1  
    50840.6598    68158    East         300       0x105ff       1.5324          -11.648  0.001    0  13 255 239 230   0   1    -99    -99  1940  2.652  13497 1 -12.270  0.002    0  13 255 253 253   0  14    -99    -99  1310  2.969  13497 1  
    50842.7364    68276    East         300       0x105ff       2.0341          -11.533  0.001    0  13   0 210   0   0   1    -99    -99  2940  3.619  13497 1 -12.146  9.999    0  13   0 253 250  23  14    -99    -99  1621  3.893  13497 1  
    50845.6797    68377    East         300       0x105ff       1.7006          -11.538  0.002    0  13   0 142   0   0   1    -99    -99  2410  2.552  13497 1 -12.158  9.999    0  13   0  69 227 143  14    -99    -99  1688  2.884  13497 1  
    50852.5390    68496    East         300       0x105ff       1.2660          -11.537  9.999    0  13   0 134   0   0   1    -99    -99 25652  4.079  13497 1 -12.123  0.004    0  13   0 121   0   0  14    -99    -99 18857  4.385  13497 1  
    50859.5584    68583    East         300       0x105ff       1.3563          -11.542  0.049    0  13  79  94   0   0   1    -99    -99  6505  3.742  13497 1 -12.138  0.038    0  13 255   3 246   0  14    -99    -99  7289  4.126  13497 1  
    50861.7170    68692    East         300       0x105ff       2.3342          -11.707  0.063    0  13 255 101 234   0   1    -99    -99  4573  2.715  13497 1 -12.338  0.002    0  13 255 223 243   0  14    -99    -99  4948  3.036  13497 1  
    50865.6621    68934    East         300       0x105ff       1.9448          -11.542  0.001    0  13   0 253   0   0   1    -99    -99  2356  4.705  13497 1 -12.135  9.999    0  13   0 166   0   0  14    -99    -99  1804  5.075  13497 1  
    50867.6597    69041    East         300       0x105ff       1.9684          -11.541  0.001    0  13   0 253 142   0   1    -99    -99  2808  3.657  13497 1 -12.146  0.002    0  13   0 180   0   0  14    -99    -99  2177  3.729  13497 1  
    50874.6900    69339    East         300       0x105ff       2.4233          -11.541  0.003    0  13   0 169   0   0   1    -99    -99  2054  5.221  13497 1 -12.134  0.002    0  13 255 253 234   0  14    -99    -99  1630  5.828  13497 1  
    50881.4708    69584    East         300       0x105ff       1.2883          -11.799  0.038    0  13 255  81 210   0   1    -99    -99  5315  2.837  13497 1 -12.345  0.002    0  13 255 253 253   0  14    -99    -99  5918  2.950  13497 1  
    50883.5740    69772    East         300       0x105ff       1.6905          -12.067  0.003    0  13   0 165   0   0   1    -99    -99  7670  3.175  13497 1 -12.854  0.002    0  13 255 191 191   0  14    -99    -99 12770  3.745  13497 1  
    50888.6149    69974    East         300       0x105fb       2.0699          -11.551  9.999    0  13   0 253 220   0   1    -99    -99  7719  4.268  13497 1 -13.083  9.999    0  13   0 199   0   0  14    -99    -99  9344  4.635  13497 1  
    50908.5913    70112    East         300       0x001bf       2.3623              -99    -99  999 999 999 999 999 999  -1    -99    -99   -99    -99      0 0 -12.500  0.002    0  13 255 253 253   0  14    -99    -99  4042  3.356  13497 1  
    50916.5419    70449    East         300       0x105ff       2.1000              -99    -99  999 999 999 999 999 999  -1    -99    -99   -99    -99      0 0 -12.119  0.002    0  13   0 253 182   0  14    -99    -99 12951  7.812  13497 1  
    50921.5223    70736    East         300       0x105ff       2.0506              -99    -99  999 999 999 999 999 999  -1    -99    -99   -99    -99      0 0 -12.541  9.999    0  13   0 253 230   0  14    -99    -99  2433  3.829  13497 1  
    50933.5049    70992    East         300       0x105ff       2.1861              -99    -99  999 999 999 999 999 999  -1    -99    -99   -99    -99      0 0 -12.662  9.999    0  13   0 253 251   0  14    -99    -99  2244  3.781  13497 1  
    50942.4419    71231    East         300       0x001bf       1.8745              -99    -99  999 999 999 999 999 999  -1    -99    -99   -99    -99      0 0 -12.758  9.999    0  13   0 253 252   0  14    -99    -99 11510  3.729  13497 1  
    50952.4154    71550    East         300       0x105ff       1.8808              -99    -99  999 999 999 999 999 999  -1    -99    -99   -99    -99      0 0 -12.502  9.999    0  13   0 196   0   0  14    -99    -99  2022  3.640  13497 1  
    50961.3571    72130    East         300       0x105ff       1.6702              -99    -99  999 999 999 999 999 999  -1    -99    -99   -99    -99      0 0 -12.130  9.999    0  13   0 230   0   0  14    -99    -99  2909  3.628  13497 1  
    50973.4062    72650    East         300       0x105ff       2.2881              -99    -99  999 999 999 999 999 999  -1    -99    -99   -99    -99      0 0 -12.812  0.002    0  13 255 200 224   0  14    -99    -99 13460  3.884  13497 1  
    50981.3719    73068    East         300       0x105ff       2.1698              -99    -99  999 999 999 999 999 999  -1    -99    -99   -99    -99      0 0 -12.394  0.002    0  13 255 253 239   0  14    -99    -99  2466  3.234  13497 1  
    50991.3793    73464    East         300       0x105ff       2.5279              -99    -99  999 999 999 999 999 999  -1    -99    -99   -99    -99      0 0 -12.130  0.003    0  13   0 169   0   0  14    -99    -99  1970  4.507  13497 1  
    50995.8256    73782    West         300       0x105ff       1.6841          -11.535  0.001    0  13 255 253 238   0   5    -99    -99  2859  4.515  13497 1 -12.903  0.001    0  13   0 250 161   0  10    -99    -99  2207  4.428  13497 1  
    51004.7658    74307    West         300       0x105ff       1.9081          -11.553  0.001    0  13   0 253 112  65   5    -99    -99 10735  3.443  13497 1 -12.573  0.002    0  13 255 243 223   0  10    -99    -99 14133  3.344  13497 1  
    51028.7013    75203    West         300       0x105ff       1.9004          -11.541  0.002    0  13   0 253   0   0   5    -99    -99  3833  4.826  13497 1 -12.128  0.002    0  13   0 158   0   0  10    -99    -99  3196  4.914  13497 1  
    51034.6832    75361    West         300       0x105ff       1.9122          -11.539  0.002    0  13 255 218 247   0   5    -99    -99 10104  2.706  13497 1 -12.257  0.003    0  13 255 197 248   0  10    -99    -99 16489  2.657  13497 1  
    51049.7238    75737    West         300       0x105ff       1.4707          -11.525  0.002    0  13 255 253 250   0   5    -99    -99  2734  2.793  13497 1 -12.097  0.002    0  13 255 228 241   0  10    -99    -99  2351  2.746  13497 1  
    51054.7890    76079    West         300       0x105ff       1.2578          -11.533  0.003    0  13   0 126  76   0   5    -99    -99  5688  2.467  13497 1 -12.122  0.002    0  13   0 208   0   0  10    -99    -99  4986  2.367  13497 1  
    51057.7378    76283    West         300       0x105ff       1.3525          -11.528  9.999    0  13 255 146   0   0   5    -99    -99  2617  4.857  13497 1 -12.129  0.001    0  13   0 253   0   0  10    -99    -99  2422  4.795  13497 1  
    51072.5622    76640    West         300       0x105ff       2.0450          -11.528  0.001    0  13   0 253   0   0   5    -99    -99  3021  4.401  13497 1 -12.124  0.001    0  13   0 238   0   0  10    -99    -99  2624  4.374  13497 1  
    51073.7434    76747    West         300       0x105ff       1.2449          -11.506  9.999    0  13   0 253   0   0   5    -99    -99  2187  3.966  13497 1 -12.653  0.001    0  13   0 165   0   0  10    -99    -99  1853  3.836  13497 1  
    51084.6119    76991    West         300       0x105ff       1.5376          -11.534  0.003    0  13   0 183 186   0   5    -99    -99  2281  5.099  13497 1 -12.123  0.002    0  13   0 151   0   0  10    -99    -99  2428  5.161  13497 1  
    51086.5652    77111    West         300       0x105ff       1.7514          -11.528  0.001    0  13   0 223   0   0   5    -99    -99  4794  4.006  13497 1 -12.134  9.999    0  13   0  27   0   0  10    -99    -99  5333  3.913  13497 1  
    51089.5749    77271    West         300       0x105ff       1.6504          -11.530  0.002    0  13   0 253   0   0   5    -99    -99  7379  5.151  13497 1 -12.118  9.999    0  13   0  62   0   0  10    -99    -99 12324  5.015  13497 1  
    51099.5456    77420    West         300       0x105ff       1.6608          -11.589  0.010    0  13   0 140   0   0   5    -99    -99  2670 10.568  13497 1 -12.172  9.999    0  13   0  94   0   0  10    -99    -99  2458 11.227  13497 1  
    51101.5430    77539    West         300       0x105ff       1.6450          -11.532  9.999    0  13   0 253  96  50   5    -99    -99  2670  3.156  13497 1 -12.458  0.001    0  13 255 253 222   0  10    -99    -99  2392  3.282  13497 1  
    51106.7663    77752    West         300       0x105ff       1.1797          -12.124  0.002    0  13 255 189 242   0   5    -99    -99 16508  3.000  13497 1 -12.462  0.042    0  13 255  11 239   0  10    -99    -99 16526  2.947  13497 1  
    51110.5373    77896    West         300       0x105ff       1.5532          -11.529  9.999    0  13   0 197   0   0   5    -99    -99  2162  5.664  13497 1 -12.132  9.999    0  13   0 183   0   0  10    -99    -99  2141  5.667  13497 1  
    51113.5339    78036    West         300       0x105ff       1.5315          -11.541  9.999    0  13   0 245   0   0   5    -99    -99  2796  4.853  13497 1 -12.122  0.002    0  13   0 121   0   0  10    -99    -99  2575  4.710  13497 1  
    51118.6095    78181    West         300       0x105ff       1.2640          -11.545  0.002    0  13 255 253 248   0   5    -99    -99  4592  3.382  13497 1 -12.530  0.002    0  13 255 239 222   0  10    -99    -99  8004  3.359  13497 1  
    51118.6802    78197    West         300       0x105ff       1.1820          -11.542  0.002    0  13   0 253   0   0   5    -99    -99  4042  4.836  13497 1 -12.125  9.999    0  13   0 210 149   0  10    -99    -99  6424  4.773  13497 1  
    51120.7530    78325    West         300       0x105ff       1.1967          -11.449  0.002    0  13 255 253 231   1   5    -99    -99 19464  2.107  13497 1 -11.811  0.003    0  13 255 172 253   0  10    -99    -99 18550  2.100  13497 1  
    51132.5914    78449    West         300       0x105ff       1.2305          -11.527  0.001    0  13 255 234 241   0   5    -99    -99  1831  3.421  13497 1 -12.433  0.001    0  13 255 233 213   0  10    -99    -99  1826  3.397  13497 1  
    51139.5059    78554    West         300       0x105ff       1.3753          -11.531  0.002    0  13   0 156   0   0   5    -99    -99  2224  6.292  13497 1 -12.107  0.002    0  13   0 174   0   0  10    -99    -99  2222  6.433  13497 1  
    51144.6785    78658    West         300       0x105ff       1.1897          -11.535  0.001    0  13   0 222   0   0   5    -99    -99  1728  5.036  13497 1 -12.122  9.999    0  13   0 239   0   0  10    -99    -99  1361  5.547  13497 1  
    51148.6549    78774    West         300       0x105ff       1.1819          -11.527  0.002    0  13 255 249 253   0   5    -99    -99  5595  2.612  13497 1 -11.932  0.002    0  13 255 214 222   0  10    -99    -99  7099  2.348  13497 1  
    51157.6329    78923    West         300       0x105ff       1.1833          -11.535  0.001    0  13 255 230 219   0   5    -99    -99  2208  3.420  13497 1 -12.128  0.001    0  13   0 180   0   0  10    -99    -99  2302  3.394  13497 1  
    51168.5106    79067    East         300       0x105ff       1.2069              -99    -99  999 999 999 999 999 999  -1    -99    -99   -99    -99      0 0 -12.146  0.002    0  13 255 224 253   0  14    -99    -99  1555  3.797  13497 1  
    51168.5444    79068    East         300       0x105ff       1.1804              -99    -99  999 999 999 999 999 999  -1    -99    -99   -99    -99      0 0 -12.148  0.001    0  13   0 220   0   0  14    -99    -99  1467  3.258  13497 1  
    51171.6851    79178    East         300       0x105ef       1.3110              -99    -99  999 999 999 999 999 999  -1    -99    -99   -99    -99      0 0     -99    -99  999 999 999 999 999 999  -1    -99    -99   -99    -99      0 0  
    51176.6467    79285    East         300       0x105fb       1.2590              -99    -99  999 999 999 999 999 999  -1    -99    -99   -99    -99      0 0 -12.162  0.002    0  13 255 251 253   0  14    -99    -99  3344  3.023  13497 1  
    51180.7183    79384    East         300       0x105ff       1.4939              -99    -99  999 999 999 999 999 999  -1    -99    -99   -99    -99      0 0 -11.969  0.003    0  13 255 253 253   0  14    -99    -99 11470  2.462  13497 1  
    51183.6520    79510    East         300       0x105ff       1.3100              -99    -99  999 999 999 999 999 999  -1    -99    -99   -99    -99      0 0 -12.263  9.999    0  13 255 138   0   0  14    -99    -99  5489  2.947  13497 1  
    51188.6091    79638    East         300       0x105ff       1.2504              -99    -99  999 999 999 999 999 999  -1    -99    -99   -99    -99      0 0 -12.139  9.999    0  13   0 253 190   0  14    -99    -99  1327  3.745  13497 1  
    51193.7312    79724    East         300       0x105ff       1.7338              -99    -99  999 999 999 999 999 999  -1    -99    -99   -99    -99      0 0 -12.144  0.003    0  13   0 124   0   0  14    -99    -99  2506  2.172  13497 1  
    51204.7330    79827    East         300       0x105ff       1.9480              -99    -99  999 999 999 999 999 999  -1    -99    -99   -99    -99      0 0 -12.157  0.002    0  13 255 253 253   0  14    -99    -99  1734  3.051  13497 1  
    51223.6182    80045    East         300       0x105ff       1.5698              -99    -99  999 999 999 999 999 999  -1    -99    -99   -99    -99      0 0 -11.920  0.002    0  13 255 253 253   0  14    -99    -99  1672  2.553  13497 1  
    51226.5594    80134    East         300       0x105ff       1.3772              -99    -99  999 999 999 999 999 999  -1    -99    -99   -99    -99      0 0 -12.133  0.005    0  13   0 168 158   0  14    -99    -99  3180  3.907  13497 1  
    51231.6150    80337    East         300       0x105ff       1.6636              -99    -99  999 999 999 999 999 999  -1    -99    -99   -99    -99      0 0 -12.645  9.999    0  13   0 253 214   0  14    -99    -99  1384  3.707  13497 1  
    51241.4898    80495    East         300       0x105ff       1.3016              -99    -99  999 999 999 999 999 999  -1    -99    -99   -99    -99      0 0 -12.147  9.999    0  13 255 211 253   0  14    -99    -99  8783  2.656  13497 1  
    51241.6348    80525    East         300       0x105ff       1.9719              -99    -99  999 999 999 999 999 999  -1    -99    -99   -99    -99      0 0 -12.794  0.001    0  13   0 171   0   0  14    -99    -99 12865  3.807  13497 1  
    51246.6166    80703    East         300       0x105ff       1.9362              -99    -99  999 999 999 999 999 999  -1    -99    -99   -99    -99      0 0 -12.143  0.002    0  13 255 179 230   0  14    -99    -99  2874  2.902  13497 1  
    51249.5457    80821    East         300       0x001bf       1.5630              -99    -99  999 999 999 999 999 999  -1    -99    -99   -99    -99      0 0 -12.051  0.002    0  13   0 179   0   0  14    -99    -99  1668  2.739  13497 1  
    51251.4773    80990    East         300       0x105ff       1.3380              -99    -99  999 999 999 999 999 999  -1    -99    -99   -99    -99      0 0 -12.153  9.999    0  13   0 253 253   0  14    -99    -99  2374  3.354  13497 1  
    51260.4670    81206    East         300       0x105ff       1.3789              -99    -99  999 999 999 999 999 999  -1    -99    -99   -99    -99      0 0 -12.123  9.999    0  13 255 253   0   0  14    -99    -99  2018  2.756  13497 1  
    51265.5432    81391    East         300       0x105ff       1.7878              -99    -99  999 999 999 999 999 999  -1    -99    -99   -99    -99      0 0 -12.130  0.001    0  13   0 233   0   0  14    -99    -99  8313  6.116  13497 1  
    51278.3890    81591    East         300       0x101bf       1.3022          -11.529  0.005    0  13   0 103   0   0   1    -99    -99  5201  2.549  13497 1 -12.154  9.999    0  13   0 253   0   0  14    -99    -99  3742  2.561  13497 1  
    51281.5345    81924    East         300       0x105fb       2.0433          -11.540  0.004    0  13   0 132   0   0   1    -99    -99  2595  6.644  13497 1 -12.120  0.003    0  13   0 147 162   0  14    -99    -99  1992  6.391  13497 1  
    51287.4535    82301    East         300       0x105ff       1.6195          -11.533  0.001    0  13   0 197   0   0   1    -99    -99  2329  4.279  13497 1 -12.810  9.999    0  13   0 195   0   0  14    -99    -99  1693  4.443  13497 1  
    51290.3888    82602    East         300       0x105ff       1.3907          -11.543  0.003    0  13   0 230   0   0   1    -99    -99  3701  3.483  13497 1 -12.714  9.999    0  13   0 253 237   0  14    -99    -99  2962  3.857  13497 1  
    51293.4059    82928    East         300       0x105ff       1.4800          -11.537  0.004    0  13   0 124   0   0   1    -99    -99 13605  2.383  13497 1 -12.135  0.002    0  13 255 212 215   0  14    -99    -99 11409  2.625  13497 1  
    51299.5026    83216    East         300       0x105ff       2.1949          -11.546  0.011    0  13   0 103   0   0   1    -99    -99 24730  3.271  13497 1 -12.729  9.999    0  13 255 253   0   0  14    -99    -99 23139  3.441  13497 1  
    51302.4099    83514    East         300       0x105ff       1.6063          -11.535  0.032    0  13  41 104 104  77   1    -99    -99  3559  2.827  13497 1 -12.166  0.002    0  13 255 191 226   0  14    -99    -99  2290  2.939  13497 1  
    51305.3863    83831    East         300       0x105ff       1.5350              -99    -99  999 999 999 999 999 999  -1    -99    -99   -99    -99      0 0 -12.123  0.014    0  13   0  92 105   0  14    -99    -99  5454  3.668  13497 1  
    51308.3847    83979    East         300       0x105ff       1.5645          -11.615  0.001    0  13 255 253 234  11   1    -99    -99  2815  2.708  13497 1 -12.151  0.001    0  13 255 253 213   0  14    -99    -99  1907  2.836  13497 1  
    51315.4465    84537    East         300       0x105ff       2.0846          -11.536  0.001    0  13   0 253   0   0   1    -99    -99  4236  2.775  13497 1 -12.152  0.001    0  13 255 253 200   0  14    -99    -99  2366  2.997  13497 1  
    51320.3846    85051    East         300       0x105ff       1.7370          -11.544  9.999    0  13   0 173   0   0   1    -99    -99  4692  2.867  13497 1 -12.292  0.054    0  13 255   6 253   0  14    -99    -99  4206  3.145  13497 1  
    51330.4317    85368    East         300       0x105ff       2.3309          -11.296  0.003    0  13 255 253 251   0   1    -99    -99  9153  2.225  13497 1 -11.972  0.003    0  13 255 253 253   0  14    -99    -99  8366  2.483  13497 1  
    51344.3888    85958    East         300       0x105ff       2.2840          -11.594  9.999    0  13 255 110   0   0   1    -99    -99  3744 10.961  13497 1 -12.079  0.016    0  13   0  95   0   0  14    -99    -99  2612 11.793  13497 1  
    51355.3896    86890    East         300       0x105ff       2.6213          -11.513  0.003    0  13   0 128   0   0   1    -99    -99 12372  5.465  13497 1 -12.121  9.999    0  13   0 238 210   0  14    -99    -99 11745  5.755  13497 1  
    51381.7467    88141    West         300       0x001bf       1.8115          -11.520  0.001    0  13   0 188   0   0   5    -99    -99  2321  6.350  13497 1 -12.123  0.036    0  13  62  16   0   0  10    -99    -99  2176  6.312  13497 1  
    51390.8311    88794    West         300       0x105ff       1.3358          -11.533  0.003    0  13   0 128 164   0   5    -99    -99  8124  5.550  13497 1 -13.323  0.035    0  13  61  10   0   0  10    -99    -99 10430  5.548  13497 1  
    51394.7549    89275    West         300       0x105ff       1.5687          -11.539  9.999    0  13 255 224 208   0   5    -99    -99  3783  4.116  13497 1 -12.865  9.999    0  13   0 253   0   0  10    -99    -99  3964  4.171  13497 1  
    51404.7791    89829    West         300       0x105ff       1.3742          -11.540  0.001    0  13 255 225 180   0   5    -99    -99  2252  4.320  13497 1 -12.820  9.999    0  13   0  66 238   0  10    -99    -99  2043  4.303  13497 1  
    51407.8189    90139    West         300       0x105ff       1.2602          -11.536  0.002    0  13   0 147   0   0   5    -99    -99  3151  4.768  13497 1 -13.055  9.999    0  13   0 253 231   0  10    -99    -99  3585  4.882  13497 1  
    51411.6975    90459    West         300       0x105fb       1.6215          -11.541  0.001    0  13 255 242 172   0   5    -99    -99  3986  4.306  13497 1 -12.863  9.999    0  13   0 253 238   0  10    -99    -99  3088  4.220  13497 1  
    51420.6792    91059    West         300       0x105ff       1.5908          -11.693  0.002    0  13 255 253 251   0   5    -99    -99  6237  2.549  13497 1 -11.880  0.003    0  13 255 253 253   0  10    -99    -99  8804  2.336  13497 1  
    51423.7112    91252    West         300       0x105ff       1.4258          -11.678  9.999    0  13   0 201   0   0   5    -99    -99  4412  2.674  13497 1 -12.065  9.999    0  13   0 253 247   1  10    -99    -99  3866  2.575  13497 1  
    51427.7461    91472    West         300       0x001bf       1.2968          -11.532  0.001    0  13 255 253 240   0   5    -99    -99  2150  3.788  13497 1 -12.678  0.001    0  13 255 253 215   0  10    -99    -99  2204  3.685  13497 1  
    51433.6699    91833    West         300       0x105ff       1.4771          -11.817  0.002    0  13   0 213   0   0   5    -99    -99  2605  2.880  13497 1 -12.114  9.999    0  13 255 253 117  68  10    -99    -99  2446  2.752  13497 1  
    51435.6786    92010    West         300       0x105ff       1.4251          -11.749  0.001    0  13   0 253   0   0   5    -99    -99  2616  2.720  13497 1 -12.055  0.002    0  13 255 250 245   0  10    -99    -99  2582  2.604  13497 1  
    51439.7704    92151    West         300       0x105ff       1.2047          -11.536  0.001    0  13 255 209 237   0   5    -99    -99  2306  3.655  13497 1 -12.694  0.001    0  13 255 253 232   1  10    -99    -99  2094  3.749  13497 1  
    51443.7755    92371    West         300       0x105ff       1.1905          -11.536  0.001    0  13 255 212 216   0   5    -99    -99  2487  3.653  13497 1 -12.615  0.001    0  13 255 241 193   0  10    -99    -99  2560  3.617  13497 1  
    51450.6824    92541    West         300       0x105ff       1.2988          -11.534  0.001    0  13   0 253   0   0   5    -99    -99  7162  2.797  13497 1 -12.061  0.001    0  13 255 253 243  40  10    -99    -99  6998  2.566  13497 1  
    51462.5851    92687    West         300       0x105ff       1.4992          -11.536  0.002    0  13   0 144   0   0   5    -99    -99  2135  8.047  13497 1 -12.110  0.003    0  13   0 165   0   0  10    -99    -99  2333  8.226  13497 1  
    51463.7569    92797    West         300       0x105ff       1.1753          -11.533  0.001    0  13   0 253   0   0   5    -99    -99  3343  3.750  13497 1 -12.136  9.999    0  13   0 253 212   0  10    -99    -99  2927  3.708  13497 1  
    51470.6278    92939    West         300       0x105ff       1.2987          -11.541  0.001    0  13   0 253   0   0   5    -99    -99  3110  5.259  13497 1 -12.124  9.999    0  13   0 253 205   0  10    -99    -99  3965  5.222  13497 1  
    51472.5711    93074    West         300       0x105ff       1.4477          -11.536  0.002    0  13   0 159   0   0   5    -99    -99  5366  4.743  13497 1 -13.025  0.001    0  13   0 253   0   0  10    -99    -99  9111  4.704  13497 1  
    51477.6495    93173    West         300       0x105ff       1.2253          -11.542  0.001    0  13   0 208   0   0   5    -99    -99  8768  4.482  13497 1 -13.056  9.999    0  13   0 127   0   0  10    -99    -99  9677  4.695  13497 1  
    51479.5033    93267    West         300       0x105ff       1.6653          -11.542  9.999    0  13   0 203 240   0   5    -99    -99  3180  3.882  13497 1 -12.662  0.001    0  13   0 157   0   0  10    -99    -99  2880  3.796  13497 1  
    51482.6801    93366    West         300       0x105ff       1.1834          -11.524  9.999    0  13 255 101   0   0   5    -99    -99  5810  4.844  13497 1 -12.139  0.006    0  13   0 154   0   0  10    -99    -99  4162  5.102  13497 1  
    51488.5950    93473    West         300       0x105ff       1.2648          -11.526  0.001    0  13 255 196 232   0   5    -99    -99  2077  3.973  13497 1 -12.748  0.001    0  13 255 213 244   0  10    -99    -99  1983  4.022  13497 1  
    51491.6347    93584    West         300       0x105ff       1.1986          -11.520  0.001    0  13   0 189   0   0   5    -99    -99  2381  5.385  13497 1 -12.123  9.999    0  13 255 216   0   0  10    -99    -99  2342  5.624  13497 1  
    51493.6232    93677    West         300       0x105ff       1.2045          -11.963  0.002    0  13 255 253 247   0   5    -99    -99  2109  3.095  13497 1 -12.333  0.002    0  13 255 253 239   0  10    -99    -99  2040  3.019  13497 1  
    51495.6391    93782    West         300       0x105ff       1.1866          -11.517  0.002    0  13   0 127   0   0   5    -99    -99  2539  4.138  13497 1 -12.121  9.999    0  13   0 116   0   0  10    -99    -99  2654  4.244  13497 1  
    51505.5998    93877    West         300       0x105fb       1.1956          -12.305  0.002    0  13 255 253 244   0   5    -99    -99 12147  3.510  13497 1 -12.735  0.001    0  13 255 253 234  55  10    -99    -99 13565  3.526  13497 1  
    51510.5940    93986    West         300       0x105ff       1.1895          -11.697  0.002    0  13 255 253 244   1   5    -99    -99  2714  2.718  13497 1 -12.111  0.002    0  13 255 248 246   0  10    -99    -99  2718  2.648  13497 1  
    51512.7337    94067    West         300       0x105ff       1.2746          -12.136  9.999    0  13   0 103 175   0   5    -99    -99 10783  3.178  13497 1 -12.440  0.001    0  13   0 253   0   0  10    -99    -99  9357  3.093  13497 1  
    51514.6243    94173    West         300       0x105ff       1.1751          -11.964  9.999    0  13   0 243   0   0   5    -99    -99  2169  3.093  13497 1 -12.351  0.002    0  13 255 222 249   0  10    -99    -99  1871  3.092  13497 1  
    51515.6964    94252    West         300       0x105ff       1.2258          -11.502  0.002    0  13   0 253   0   0   5    -99    -99  2036  3.435  13497 1 -12.592  0.001    0  13   0 219   0   0  10    -99    -99  1728  3.492  13497 1  
    51530.5569    94479    West         300       0x105fb       1.1796          -11.526  0.004    0  13   0 112 154   0   5    -99    -99 12867  3.164  13497 1 -12.139  9.999    0  13   0 228  76   0  10    -99    -99 11105  3.209  13497 1  
    51532.7019    94557    West         300       0x105ff       1.3259          -11.526  0.001    0  13   0 202   0   0   5    -99    -99  4586  3.928  13497 1 -12.734  9.999    0  13   0 230 245   0  10    -99    -99  3920  3.912  13497 1  
    51542.5807    94668    West         300       0x105ff       1.1850          -11.539  0.001    0  13   0 200   0   0   5    -99    -99  2943  4.004  13497 1 -12.127  0.002    0  13   0 121   0   0  10    -99    -99  2446  4.104  13497 1  
