!  Star 69.11947.14                        RA  05 53 26.027   DEC  -66 58 52.25
#  276 observations from the production databases
#  Field inception date: 50235.0833
#  Pixel coordinate system: none
#
#  Template         magnitude        chip coordinates        west-chunk
#     Red:            -8.920          135.14,  737.20             23
#    Blue:            -8.726          140.49,  713.47             98
#
!         Date    Obsid    Pier    Exposure     Checklist      Airmass             rMag   rErr  rDS rTF rCP rX2 rMP rCR  rA  rXpix  rYpix  rSky  rFWHM  rTobs r    bMag   bErr  bDS bTF bCP bX2 bMP bCR  bA  bXpix  bYpix  bSky  bFWHM  bTobs b  
    49006.5879     2875    West         300       0x101bf       1.2438           -8.747  0.002    0   1   0 123   0   0   3    -99    -99  1495  3.930  11819 1  -8.585  0.003    0   1   0 122   0   0  13    -99    -99  1394  3.975  11819 1  
    49021.7527     3306    East         300       0x101bf       2.2208              -99    -99  999 999 999 999 999 999   7    -99    -99  3321  5.757  11819 0     -99    -99  999 999 999 999 999 999   9    -99    -99  1894  5.900  11819 0  
    49042.6907     3666    East         300       0x101bf       2.1788           -9.080  0.002    0   1   0 188   0   0   7    -99    -99  2985  3.192  11819 1  -9.069  0.002    0   1   0 208   0   0   9    -99    -99  1872  3.375  11819 1  
    49048.7091     3949    East         300       0x101bf       2.5364           -9.089  0.008    0   1  16 111   0   0   7    -99    -99  2586  9.204  11819 1  -8.997  0.010    0   1  16  95   0   0   9    -99    -99  1868  9.530  11819 1  
    49094.5746     5328    East         300       0x101bf       2.4333           -8.854  0.003    0   1   0 130   0   0   7    -99    -99  3353  2.816  11819 1  -8.616  0.004    0   1   0 115   0   0   9    -99    -99  2422  2.976  11819 1  
    49114.5619     6505    East         300       0x101bf       2.9341           -9.191  0.004    0   1   0 112   0   0   7    -99    -99 23038  4.790  11819 1  -9.032  0.005    0   1   0 115   0   0   9    -99    -99 21983  5.136  11819 1  
    49123.5391     6962    East         300       0x101bf       2.9557           -8.912  0.003    0   1   0 139   0   0   7    -99    -99  4094  3.986  11819 1  -8.655  0.003    0   1   0 107   0   0   9    -99    -99  2636  4.296  11819 1  
    49127.5044     7382    East         300       0x101bf       2.6588           -8.700  0.002    0   1   0 153   0   0   7    -99    -99  3466  3.570  11819 1  -8.394  0.003    0   1   0 142   0   0   9    -99    -99  2215  3.693  11819 1  
    49165.8227     9216    West         300       0x101bf       1.8222           -8.958  0.005    0   1   0 159   0   0   3    -99    -99  4439  4.843  11819 1  -9.024  0.005    0   1   6 195   0   0  13    -99    -99  4568  4.943  11819 1  
    49186.7952    10082    West         300       0x101bf       1.6457           -9.073  0.005    0   1   0  99   0   0   3    -99    -99  4397  5.257  11819 1  -8.887  0.006    0   1   0  95   0   0  13    -99    -99  3831  5.479  11819 1  
    49194.8104    10386    West         300       0x101bf       1.4762           -8.816  0.003    0   1   0 182   0   0   3    -99    -99  2526  4.459  11819 1  -8.681  0.003    0   1   0 153   0   0  13    -99    -99  2157  4.492  11819 1  
    49209.7468    11036    West         300       0x101bf       1.5745           -9.165  0.003    0   1   0 118   0   0   3    -99    -99  2775  5.962  11819 1  -8.998  0.004    0   1   0 110   0   0  13    -99    -99  3019  6.227  11819 1  
    49216.7463    11401    West         300       0x101bf       1.4944           -9.077  0.003    0   1   0 124   0   0   3    -99    -99  2459  5.314  11819 1  -8.873  0.004    0   1   0 114   0   0  13    -99    -99  2162  5.542  11819 1  
    49222.8123    11819    West         300       0x101bf       1.2613           -8.908  0.002    0   1   0 186   0   0   3    -99    -99  3015  2.661  11819 1  -8.725  0.002    0   1   0 185   0   0  13    -99    -99  2493  2.562  11819 1  
    49255.7502    12284    West         300       0x101bf       1.2215           -8.676  0.003    0   1   0 156   0   0   3    -99    -99  2100  4.220  11819 1  -8.447  0.003    0   1   0 149   0   0  13    -99    -99  2093  4.402  11819 1  
    49269.6632    12762    West         300       0x101bf       1.3043           -9.167  0.003    0   1   0 159   0   0   3    -99    -99  2722  5.330  11819 1  -9.048  0.003    0   1   0 158   0   0  13    -99    -99  2649  5.615  11819 1  
    49282.6453    13035    West         300       0x101bf       1.2671           -8.962  0.002    0   1   0 146   0   0   3    -99    -99  2204  2.849  11819 1  -8.770  0.002    0   1   0 144   0   0  13    -99    -99  2347  2.821  11819 1  
    49286.6726    13187    West         300       0x101bf       1.2103           -8.854  0.002    0   1   0 198   0   0   3    -99    -99  3414  2.883  11819 1  -8.682  0.002    0   1   0 196   0   0  13    -99    -99  5505  2.947  11819 1  
    49309.6545    13542    West         300       0x101bf       1.1790           -9.009  0.002    0   1   0 148   0   0   3    -99    -99  1767  2.955  11819 1  -8.791  0.002    0   1   0 155   0   0  13    -99    -99  1897  2.950  11819 1  
    49313.6608    13719    West         300       0x101bf       1.1765           -8.764  0.002    0   1   0 138   0   0   3    -99    -99  1951  4.086  11819 1  -8.456  0.003    0   1   0 132   0   0  13    -99    -99  1629  4.239  11819 1  
    49377.6955    14117    East         300       0x00110       1.6568           -8.635  0.004    0   1   0 118   0   0   7    -99    -99 10923  5.049  11819 1  -8.291  0.006    0   1   0 112   0   0   9    -99    -99  7316  5.138  11819 1  
    49390.6237    14457    East         300       0x101bf       1.4697           -8.938  0.002    0   1   0 170   0   0   7    -99    -99  2780  4.049  11819 1  -8.819  0.002    0   1   0 147   0   0   9    -99    -99  2186  4.084  11819 1  
    49399.6873    14610    East         300       0x101bf       1.9584              -99    -99  999 999 999 999 999 999   7    -99    -99  2488  4.442  11819 0     -99    -99  999 999 999 999 999 999   9    -99    -99  2129  4.526  11819 0  
    49412.4539    14917    East         300       0x101bf       2.4930              -99    -99  999 999 999 999 999 999   7    -99    -99  8802  3.779  11819 0     -99    -99  999 999 999 999 999 999   9    -99    -99 11873  3.911  11819 0  
    49425.6679    15262    East         300       0x100bf       2.4398              -99    -99  999 999 999 999 999 999  -1    -99    -99   -99    -99      0 0     -99    -99  999 999 999 999 999 999  -1    -99    -99   -99    -99      0 0  
    49449.6069    16130    East         300       0x101bf       2.4850           -8.815  0.003    0   1   0 116   0   0   7    -99    -99  3158  4.547  11819 1  -8.703  0.003    0   1   0 176   0   0   9    -99    -99  2747  4.820  11819 1  
    49461.5689    16664    East         300       0x101bf       2.4255           -8.907  0.006    0   1   8 105   0   0   7    -99    -99  3999  7.176  11819 1  -8.629  0.009    0   1   5  99   0   0   9    -99    -99  3113  7.664  11819 1  
    49477.5631    17409    East         300       0x101bf       2.8859           -8.672  0.002    0   1   0 119   0   0   7    -99    -99  2942  3.001  11819 1  -8.455  0.003    0   1   0 131 150   0   9    -99    -99  2156  3.299  11819 1  
    49530.7633    19706    West         300       0x101bf       2.3133           -8.893  0.004    0   1   0 143   0   0   3    -99    -99  6781  4.957  11819 1  -8.576  0.005    0   1   0 144   0   0  13    -99    -99  8632  5.160  11819 1  
    49537.7967    20141    West         300       0x101bf       1.8718           -8.565  0.007    0   1   6  99   0   0   3    -99    -99  3174  7.121  11819 1  -8.268  0.009    0   1   6 122   0   0  13    -99    -99  2394  7.546  11819 1  
    49546.8002    20733    West         300       0x101bf       1.6963           -9.034  0.003    0   1   0 131   0   0   3    -99    -99  2383  4.664  11819 1  -8.956  0.003    0   1   0 111   0   0  13    -99    -99  2162  4.847  11819 1  
    49553.7750    21186    West         300       0x0013f       1.7313           -9.152  0.003    0   1   0 119   0   0   3    -99    -99  7215  4.265  11819 1  -8.987  0.003    0   1   0 116   0   0  13    -99    -99  6173  4.298  11819 1  
    49566.7638    21927    West         300       0x101bf       1.6004           -8.782  0.003    0   1   0 115   0   0   3    -99    -99  2826  4.204  11819 1  -8.501  0.004    0   1   0 192   0   0  13    -99    -99  2316  4.361  11819 1  
    49573.7564    22436    West         300       0x101bf       1.5460           -8.951  0.003    0   1   0 135   0   0   3    -99    -99  2401  4.809  11819 1  -8.876  0.003    0   1   0 134   0   0  13    -99    -99  2152  4.927  11819 1  
    49579.7666    22811    West         300       0x101bf       1.4404           -9.188  0.002    0   1   0 227   0   0   3    -99    -99  2842  2.066  11819 1  -9.166  0.003    0   1 255 166 242   0  13    -99    -99  2274  1.952  11819 1  
    49592.7111    23532    West         300       0x101bf       1.5180           -8.967  0.002    0   1   0 129   0   0   3    -99    -99  3951  3.483  11819 1  -8.742  0.003    0   1   0 128   0   0  13    -99    -99  3501  3.495  11819 1  
    49608.7156    24303    West         300       0x101bf       1.3515           -9.219  0.002    0   1   0 112   0   0   3    -99    -99  1937  4.669  11819 1  -9.190  0.003    0   1   0 111   0   0  13    -99    -99  2065  4.855  11819 1  
    49617.6979    24795    West         300       0x101bf       1.3335           -9.276  0.003    0   1   1 130   0   0   3    -99    -99  5735  5.637  11819 1  -9.167  0.004    0   1   0 117   0   0  13    -99    -99  8494  5.748  11819 1  
    49633.6809    25462    West         300       0x101bf       1.2732           -8.793  0.002    0   1   0 146   0   0   3    -99    -99  1564  3.853  11819 1  -8.676  0.003    0   1   0 115   0   0  13    -99    -99  1786  4.011  11819 1  
    49645.6921    25944    West         300       0x001af       1.2074           -9.174  0.002    0   1   0 138   0   0   3    -99    -99  6542  3.325  11819 1  -9.025  0.003    0   1   0 137   0   0  13    -99    -99  9962  3.292  11819 1  
    49645.7328    25945    West         300       0x101bf       1.1794           -9.185  0.002    0   1   0 138   0   0   3    -99    -99  7016  3.500  11819 1  -9.026  0.003    0   1   0 123   0   0  13    -99    -99  9323  3.454  11819 1  
    49649.7099    26109    West         300       0x101bf       1.1845           -9.147  0.002    0   1   0 179   0   0   3    -99    -99  3880  2.487  11819 1  -8.955  0.002    0   1   0 170   0   0  13    -99    -99  3909  2.463  11819 1  
    49681.6074    26633    West         300       0x101bf       1.1948           -9.291  0.001    0   1   0 173   0   0   3    -99    -99  2046  2.725  11819 1  -9.172  0.002    0   1 255 140 204   0  13    -99    -99  2627  2.650  11819 1  
    49699.5718    27168    West         300       0x101bf       1.1856           -8.944  0.002    0   1   0 150   0   0   3    -99    -99  4148  3.021  11819 1  -8.927  0.002    0   1   0 164   0   0  13    -99    -99  5792  3.002  11819 1  
    49717.5391    27502    East         300       0x101bf       1.1771           -9.064  0.001    0   1   0 217   0   0   7    -99    -99  2081  2.587  11819 1  -8.824  0.002    0   1   0 184 198   0   9    -99    -99  1822  2.487  11819 1  
    49729.5821    27653    East         300       0x101bf       1.2070           -8.963  0.002    0   1   0 165   0   0   7    -99    -99  4838  2.714  11819 1  -8.974  0.002    0   1   0 152 216   0   9    -99    -99  4774  2.673  11819 1  
    49740.6053    27841    East         300       0x101bf       1.2928           -9.137  0.002    0   1   0 213   0   0   7    -99    -99  2766  3.309  11819 1  -9.008  0.002    0   1 255 165 226   0   9    -99    -99  2992  3.315  11819 1  
    49743.5233    27943    East         300       0x101bf       1.1888           -9.186  0.002    0   1   0 143   0   0   7    -99    -99  2351  2.907  11819 1  -9.053  0.002    0   1   0 129 190   0   9    -99    -99  1989  2.865  11819 1  
    49746.7278    28030    East         300       0x101bf       1.8930           -9.138  0.002    0   1 255 201 209   0   7    -99    -99  2687  2.247  11819 1  -8.996  0.002    0   1   0 199  59   0   9    -99    -99  1633  2.245  11819 1  
    49752.5569    28264    East         300       0x101bf       1.2614           -9.002  0.002    0   1   0 200   0   0   7    -99    -99  1760  3.613  11819 1  -8.789  0.002    0   1   0 187   0   0   9    -99    -99  1380  3.566  11819 1  
    49788.5146    28838    East         300       0x101bf       1.4015           -8.820  0.003    0   1   0 136   0   0   7    -99    -99  4833  4.215  11819 1  -8.656  0.003    0   1   0 124   0   0   9    -99    -99  4713  4.219  11819 1  
    49797.6234    29213    East         300       0x101bf       2.1764           -9.231  0.002    0   3   0 167 179   0   7    -99    -99  5310  3.217  11819 1  -9.216  0.002    0   1   0 185 164   0   9    -99    -99  5671  3.296  11819 1  
    49808.5788    29761    East         300       0x101bf       2.0487           -8.915  9.999    0   5 255 129   0   0   7    -99    -99  2016  4.183  11819 1  -8.889  0.002    0   1   0 136 162   0   9    -99    -99  1692  4.264  11819 1  
    49829.5356    30457    East         300       0x101bf       2.1718           -8.920  9.999    0   5 255 144   0   0   7    -99    -99  2259  2.815  11819 1  -9.165  0.002    0   1   0 199 216   0   9    -99    -99  1905  2.913  11819 1  
    49928.6799    33667    West         300       0x101bf       2.2531           -9.152  0.003    0   1   0 113   0   0   2    -99    -99  5014  4.684  11819 1  -8.945  0.004    0   1   0 106   0   0  13    -99    -99  2994  4.819  11819 1  
    49937.6344    34263    West         300       0x101bf       2.4685           -8.979  0.009    0   1   9 105   0   0   2    -99    -99 12432  7.497  11819 1  -8.771  0.015    0   1   9  93   0   0  13    -99    -99 10598  7.999  11819 1  
    49939.8114    34524    West         300       0x101bf       1.3454           -8.897  0.002    0   1   0 186   0   0   2    -99    -99  9455  2.458  11819 1  -8.647  0.003    0   1   0 144   0   0  13    -99    -99 11609  2.390  11819 1  
    49943.5915    34889    West         300       0x101bf       2.7829           -8.699  0.004    0   1   0 125   0   0   2    -99    -99 10972  2.964  11819 1  -8.456  0.006    0   1   0  96   0   0  13    -99    -99 10954  3.126  11819 1  
    49947.6209    35193    West         300       0x0013f       2.3242           -8.850  0.002    0   1   0 157   0   0   2    -99    -99  3434  3.151  11819 1  -8.765  0.003    0   1   0 148   0   0  13    -99    -99  2344  3.253  11819 1  
    49953.7439    35643    West         300       0x101bf       1.4358           -9.230  0.002    0   1   0 168   0   0   2    -99    -99  2216  3.312  11819 1  -9.188  0.002    0   1   0 162   0   0  13    -99    -99  1881  3.323  11819 1  
    49970.8027    36426    West         300       0x101bf       1.2067           -9.013  0.002    0   1   0 161   0   0   2    -99    -99  6958  2.968  11819 1  -8.833  0.003    0   1   0 125   0   0  13    -99    -99 10482  2.959  11819 1  
    49982.6541    36816    West         300       0x101bf       1.4751           -9.048  0.002    0   1   0 170   0   0   2    -99    -99  2262  2.602  11819 1  -8.979  0.002    0   1   0 169   0   0  13    -99    -99  2003  2.450  11819 1  
    49987.6863    36966    West         300       0x101bf       1.3296           -9.124  0.002    0   1   0 168   0   0   2    -99    -99  2210  2.816  11819 1  -8.991  0.002    0   1   0 155   0   0  13    -99    -99  2247  2.826  11819 1  
    50003.6959    37409    West         300       0x101bf       1.2269           -8.904  0.003    0   1   0 132   0   0   2    -99    -99  4073  5.210  11819 1  -8.695  0.003    0   1   0 116   0   0  13    -99    -99  3829  5.154  11819 1  
    50078.6974    38823    East         300       0x101bf       1.3355           -8.911  9.999    0   7   0 126   0   0   7    -99    -99  2370  5.365  11819 1  -9.073  0.003    0   1   0 183 150   0   9    -99    -99  1399  5.451  11819 1  
    50108.6819    39255    East         300       0x101bf       1.5732           -8.966  0.002    0   3   0 253 192   0   7    -99    -99  1707  3.294  11819 1  -8.912  0.002    0   1   0 160   0   0   9    -99    -99  1260  3.271  11819 1  
    50128.7146    39716    East         300       0x101bf       2.1553           -8.605  0.003    0   3   0 210 198   0   7    -99    -99  2417  4.013  11819 1  -8.332  0.003    0   1   0 138 191   0   9    -99    -99  1599  4.096  11819 1  
    50161.6881    40596    East         300       0x101bf       2.8606           -8.469  0.003    0   1   0 126   0   0   7    -99    -99  3431  3.655  11819 1  -8.128  0.004    0   1   0 118 105   0   9    -99    -99  2241  3.870  11819 1  
    50186.4908    41514    East         300       0x101af       1.6849           -8.818  0.003    0   1   0 122   0   0   7    -99    -99  2331  5.389  11819 1  -8.486  0.005    0   1 255 107 211   0   9    -99    -99  1679  5.453  11819 1  
    50216.4947    42736    East         300       0x101bf       2.3518              -99    -99  999 999 999 999 999 999  -1    -99    -99   -99    -99      0 0  -8.346  0.005    0   1   0 204 188   0   9    -99    -99  2016  5.679  11819 1  
    50228.4417    43629    East         300       0x101bf       2.1559           -8.920  9.999    0   7   0 209   0   0   7    -99    -99  3980  2.542  11819 1  -8.357  0.003    0   1   0 125   0   0   9    -99    -99  3849  2.627  11819 1  
    50255.4038    45438    East         300       0x101bf       2.5219           -8.919  9.999    0   5 255  97   0   0   7    -99    -99  3779  3.180  11819 1  -8.476  0.003    0   1   0 135 208   0   9    -99    -99  2758  3.395  11819 1  
    50302.7949    46826    West         300       0x101bf       1.4132           -8.982  0.002    0   1   0 133   0   0   2    -99    -99  2297  4.819  11819 1  -8.759  0.003    0   1   0 120   0   0  13    -99    -99  2009  4.754  11819 1  
    50348.7909    48866    West         300       0x101bf       1.1872           -8.597  0.005    0   1   0 119   0   0   2    -99    -99  5689  4.795  11819 1  -8.326  0.007    0   1   0 102   0   0  13    -99    -99  6481  5.034  11819 1  
    50350.5800    48958    West         300       0x0013f       1.8143           -8.616  0.003    0   1   0 138   0   0   2    -99    -99  8718  4.267  11819 1  -8.378  0.005    0   1   0 120   0   0  13    -99    -99 12150  4.405  11819 1  
    50369.6513    49485    West         300       0x101bf       1.3036           -9.063  0.001    0   1   0 175   0   0   2    -99    -99  1811  2.415  11819 1  -8.839  0.002    0   1   0 159   0   0  13    -99    -99  1876  2.332  11819 1  
    50377.6384    49823    West         300       0x101bf       1.2843           -8.631  0.002    0   1   0 189   0   0   2    -99    -99  3124  2.026  11819 1  -8.358  0.002    0   1   0 170   0   0  13    -99    -99  3950  1.922  11819 1  
    50389.7493    50157    West         300       0x101bf       1.1868           -9.250  0.001    0   1   0 253   0   0   2    -99    -99  7146  2.191  11819 1  -9.317  0.003    0   1 255 141 244   0  13    -99    -99  5694  1.978  11819 1  
    50395.6898    50202    West         300       0x101af       1.1769           -9.276  0.002    0   1   0 184   0   0   2    -99    -99  2063  3.232  11819 1  -9.132  0.002    0   1   0 171   0   0  13    -99    -99  1439  3.118  11819 1  
    50401.7240    50464    West         300       0x101ff       1.1918           -9.139  0.002    0   1   0 155   0   0   2    -99    -99  1896  4.020  11819 1  -8.946  0.002    0   1   0 135   0   0  13    -99    -99  1595  4.145  11819 1  
    50411.6786    50777    West         300       0x1017f       1.1814           -8.724  0.002    0   1   0 197   0   0   2    -99    -99  8409  2.532  11819 1  -8.562  0.002    0   1   0 160   0   0  13    -99    -99 10020  2.291  11819 1  
    50428.5935    51241    West         300       0x000ff       1.1782           -9.142  0.002    0   1   0 197   0   0   2    -99    -99  1382  3.218  11819 1  -8.959  0.002    0   1   0 175   0   0  13    -99    -99  1388  3.041  11819 1  
    50437.6180    51579    West         300       0x000bf       1.1867           -8.778  0.002    0   1   0 214   0   0   2    -99    -99  3742  3.791  11819 1  -8.505  0.003    0   1   0 171   0   0  13    -99    -99  4243  3.610  11819 1  
    50445.6228    51836    East         300       0x101ff       1.2086           -8.907  9.999    0   7   0 122   0   0   7    -99    -99  8328  3.404  11819 1  -9.097  0.003    0   1   0 143 219   0   9    -99    -99  8313  3.281  11819 1  
    50445.7210    51858    East         300       0x101ff       1.4208           -8.914  9.999    0   5 255 106   0   0   7    -99    -99  5496  3.325  11819 1  -9.106  0.002    0   1   0 171   0   0   9    -99    -99  7027  3.222  11819 1  
    50461.6006    52278    East         300       0x101ff       1.2365           -8.916  9.999    0   5 255 156   0   0   7    -99    -99  1872  2.420  11819 1  -8.832  0.002    0   1 255 150 232   0   9    -99    -99  1353  2.276  11819 1  
    50470.5881    52589    East         300       0x101ff       1.2564           -8.909  9.999    0   7   0 100   0   0   7    -99    -99 12651  3.321  11819 1  -8.572  0.003    0   1   0 132   0   0   9    -99    -99 12016  3.156  11819 1  
    50482.5238    52757    East         300       0x101fb       1.2108           -9.091  0.002    0   3   0 253 210   1   7    -99    -99  1877  2.729  11819 1  -9.059  0.002    0   1   0 158   0   0   9    -99    -99  1494  2.632  11819 1  
    50486.4981    52894    East         300       0x101ff       1.1960           -9.145  0.002    0   1   0 200   0   0   7    -99    -99  2374  3.043  11819 1  -8.978  0.002    0   1   0 181   0   0   9    -99    -99  1617  3.136  11819 1  
    50492.7261    53013    East         300       0x001bf       2.2296           -9.057  0.002    0   1   0 173   0   0   7    -99    -99  1758  3.449  11819 1  -8.858  0.003    0   1   0 151 212   0   9    -99    -99  1455  3.588  11819 1  
    50494.7152    53094    East         300       0x101ff       2.1797           -8.915  9.999    0   7   0  90   0   0   7    -99    -99  2050  4.627  11819 1  -8.719  0.004    0   1   0 116 212   0   9    -99    -99  1592  4.821  11819 1  
    50497.5265    53216    East         300       0x101ff       1.2796           -8.794  0.002    0   3   0 231 149   0   7    -99    -99  7114  2.964  11819 1  -8.553  0.003    0   1   0 152   0   0   9    -99    -99  6689  2.871  11819 1  
    50498.7696    53328    East         300       0x101ff       2.9152           -8.769  0.002    0   1   0 154   0   0   7    -99    -99  3113  3.862  11819 1  -8.482  0.003    0   1   0 130 141   0   9    -99    -99  2644  4.004  11819 1  
    50507.6132    53464    East         300       0x101ff       1.6942           -8.911  0.003    0   3 255 253 244   1   7    -99    -99  3975  2.304  11819 1  -8.974  0.002    0   1   0 175 128   0   9    -99    -99  4047  2.331  11819 1  
    50510.5931    53555    East         300       0x101ff       1.6298           -9.305  0.002    0   1 255 198 208   0   7    -99    -99  2233  2.420  11819 1  -9.309  0.002    0   1 255 188 209   0   9    -99    -99  1462  2.395  11819 1  
    50519.5631    53734    East         300       0x101ff       1.6023           -8.906  9.999    0   7   0 107   0   0   7    -99    -99  2021  4.740  11819 1  -9.075  0.002    0   1   0 157   0   0   9    -99    -99  1404  4.816  11819 1  
    50521.6640    53871    East         300       0x101ff       2.4012           -9.204  0.002    0   3   0 145 178   0   7    -99    -99  2163  5.116  11819 1  -9.014  0.003    0   1   0 146 133   0   9    -99    -99  1579  5.277  11819 1  
    50525.5905    54034    East         300       0x101ff       1.8586           -8.912  9.999    0   5 255  94   0   0   7    -99    -99  4298  3.404  11819 1  -8.795  0.002    0   1   0 153   0   0   9    -99    -99  3954  3.386  11819 1  
    50527.6912    54182    East         300       0x101ff       2.9259           -8.928  0.002    0   1   0 158   0   0   7    -99    -99  6514  3.416  11819 1  -8.682  0.003    0   1   0 134 190   0   9    -99    -99  7848  3.425  11819 1  
    50530.5950    54299    East         300       0x101ff       1.9923           -8.906  9.999    0   5 255  86   0   0   7    -99    -99  9601  6.068  11819 1  -8.553  0.008    0   1   0 106   0   0   9    -99    -99 21413  6.126  11819 1  
    50533.5903    54446    East         300       0x101ff       2.0202           -8.914  9.999    0   7   0 125   0   0   7    -99    -99 11517  2.759  11819 1  -8.481  0.004    0   1   0 130   0   0   9    -99    -99 14615  2.783  11819 1  
    50535.5204    54624    East         300       0x101ff       1.6078           -8.908  9.999    0   5 255  89   0   0   7    -99    -99  5121  4.962  11819 1  -8.635  0.004    0   1   0  94   0   0   9    -99    -99  5179  5.194  11819 1  
    50540.4728    54790    East         300       0x101ff       1.4606           -9.259  0.002    0   3   0 251 229   0   7    -99    -99  3018  2.619  11819 1  -9.324  0.002    0   1   0 165 162   0   9    -99    -99  1997  2.543  11819 1  
    50543.5338    54977    East         300       0x101ff       1.8086           -8.919  9.999    0   5 255  95   0   0   7    -99    -99  1968  4.050  11819 1  -9.166  0.002    0   1   0 130 115   0   9    -99    -99  1523  4.135  11819 1  
    50546.5975    55253    East         300       0x101ff       2.4201           -8.920  9.999    0   5 255 126   0   0   7    -99    -99  2401  2.795  11819 1  -9.057  0.002    0   1   0 190   0   0   9    -99    -99  1770  2.862  11819 1  
    50550.5556    55461    East         300       0x101ff       2.1182           -9.201  0.002    0   1   0 200  62   0   7    -99    -99  2224  2.667  11819 1  -9.036  0.002    0   1   0 174  94   0   9    -99    -99  1613  2.789  11819 1  
    50553.4353    55657    East         300       0x101ff       1.4533           -9.145  0.002    0   1   0 155   0   0   7    -99    -99  4780  3.560  11819 1  -8.884  0.003    0   1   0 227 197   0   9    -99    -99  4222  3.555  11819 1  
    50554.6024    55751    East         300       0x101bf       2.7319           -8.923  9.999    0   7   0 141   0   0   7    -99    -99  4734  3.793  11819 1  -8.881  0.003    0   1   0 157   0   0   9    -99    -99  4553  3.960  11819 1  
    50562.4766    55990    East         300       0x101ff       1.7744           -8.733  0.007    0   3   0 115 227   0   7    -99    -99 14050  4.940  11819 1  -8.563  0.007    0   1   0 110   0   0   9    -99    -99 14879  5.228  11819 1  
    50565.5431    56169    East         300       0x101fb       2.3938           -8.924  9.999    0   7   0 129   0   0   7    -99    -99  6370  3.461  11819 1  -8.562  0.004    0   1   0 131 205   0   9    -99    -99  5569  3.577  11819 1  
    50569.4758    56530    East         300       0x101ff       1.8973           -9.107  0.002    0   1   0 180   0   0   7    -99    -99  2784  3.165  11819 1  -9.048  0.002    0   1   0 253 197   0   9    -99    -99  1819  3.299  11819 1  
    50576.4244    56866    East         300       0x101ff       1.6923           -8.929  9.999    0   7   0 121   0   0   7    -99    -99  2492  5.683  11819 1  -9.126  0.003    0   1   0 133 173   0   9    -99    -99  1858  5.953  11819 1  
    50579.4847    57107    East         300       0x101ff       2.1944           -9.256  0.002    0   1   0 155   0   0   7    -99    -99  1861  4.193  11819 1  -9.113  0.002    0   1   0 154 173   0   9    -99    -99  1536  4.455  11819 1  
    50581.5390    57292    East         300       0x001bf       2.8634           -8.915  9.999    0   7   0 144   0   0   7    -99    -99  3352  3.102  11819 1  -9.075  0.002    0   1   0 198 159   0   9    -99    -99  2280  3.300  11819 1  
    50593.4460    57487    East         300       0x00027       2.1890              -99    -99  999 999 999 999 999 999  -1    -99    -99   -99    -99      0 0     -99    -99  999 999 999 999 999 999  -1    -99    -99   -99    -99      0 0  
    50599.4905    57873    East         300       0x101ff       2.8727           -9.082  0.002    0   1   0 129   0   0   7    -99    -99  3140  4.369  11819 1  -9.088  0.003    0   1   0 158   0   0   9    -99    -99  2244  4.763  11819 1  
    50603.4045    58198    East         300       0x101ff       2.0651           -9.091  0.002    0   3   0 253 154   0   7    -99    -99  3226  2.542  11819 1  -9.103  0.002    0   1   0 183 144   0   9    -99    -99  2215  2.691  11819 1  
    50607.8400    58617    West         300       0x101ff       2.0796           -9.140  0.002    0   1   0 153   0   0   2    -99    -99 13284  3.354  11819 1  -8.991  0.003    0   1   0 133   0   0  13    -99    -99  8032  3.289  11819 1  
    50614.3691    58947    East         300       0x101ff       2.0198           -9.112  0.002    0   1   0 148   0   0   7    -99    -99  5258  3.647  11819 1  -8.904  0.003    0   1   0 122   0   0   9    -99    -99  6051  3.817  11819 1  
    50617.4044    59280    East         300       0x101ff       2.4295           -8.908  9.999    0   7   0 187   0   0   7    -99    -99 12167  3.765  11819 1  -8.777  0.006    0   1 255 117 224   0   9    -99    -99 12855  4.031  11819 1  
    50622.4200    59576    East         300       0x101ff       2.7735           -8.756  0.003    0   3   0 228 182   0   7    -99    -99  6109  3.338  11819 1  -8.564  0.004    0   1   0 139 210   0   9    -99    -99  4646  3.546  11819 1  
    50631.7962    59962    West         300       0x101ff       1.9090           -9.202  0.002    0   1   0 144   0   0   2    -99    -99  2580  5.195  11819 1  -9.220  0.003    0   1   0 133   0   0  13    -99    -99  1956  5.235  11819 1  
    50645.7190    60808    West         300       0x101ff       2.2326           -9.124  0.003    0   1   0 121   0   0   2    -99    -99  5658  5.539  11819 1  -8.920  0.005    0   1   0 103   0   0  13    -99    -99  4472  5.939  11819 1  
    50651.7269    61391    West         300       0x101ff       2.0204           -8.972  0.003    0   1   0 113   0   0   2    -99    -99  9241  3.441  11819 1  -8.763  0.004    0   1   0 109   0   0  13    -99    -99 12376  3.459  11819 1  
    50656.8289    61675    West         300       0x101ff       1.4023           -8.900  0.003    0   1   0 127   0   0   2    -99    -99  3056  5.102  11819 1  -8.775  0.004    0   1   0 126   0   0  13    -99    -99  2701  5.307  11819 1  
    50660.7902    62060    West         300       0x101ff       1.5031           -8.959  0.003    0   1   0 154   0   0   2    -99    -99  3123  4.608  11819 1  -8.932  0.003    0   1   1 128   0   0  13    -99    -99  1983  4.705  11819 1  
    50662.8014    62254    West         300       0x000bf       1.4398           -9.027  0.002    0   1   0 152   0   0   2    -99    -99  2196  3.443  11819 1  -9.007  0.002    0   1   0 157   0   0  13    -99    -99  1798  3.500  11819 1  
    50670.7852    62709    West         300       0x101ff       1.4206           -9.071  0.003    0   1   0 146   0   0   2    -99    -99  2437  4.609  11819 1  -8.907  0.003    0   1   0 131   0   0  13    -99    -99  1974  4.799  11819 1  
    50675.6200    62981    West         300       0x101ff       2.4047           -9.035  0.008    0   1  10 115   0   0   2    -99    -99  8899  7.747  11819 1  -8.898  0.012    0   1   9 102   0   0  13    -99    -99  8836  8.104  11819 1  
    50679.7316    63306    West         300       0x101ff       1.5318           -8.994  0.002    0   1   0 147   0   0   2    -99    -99  7640  3.152  11819 1  -8.756  0.003    0   1   0 137   0   0  13    -99    -99 13908  3.398  11819 1  
    50681.7406    63533    West         300       0x101ff       1.4725           -8.917  0.002    0   1   0 173   0   0   2    -99    -99  4998  2.569  11819 1  -8.655  0.003    0   1   0 153   0   0  13    -99    -99  7239  2.531  11819 1  
    50684.7554    63761    West         300       0x101ff       1.3929           -8.781  0.005    0   1   0 115   0   0   2    -99    -99  2947  7.668  11819 1  -8.502  0.007    0   1   0 103   0   0  13    -99    -99  2614  7.552  11819 1  
    50689.7086    64016    West         300       0x101ff       1.5133           -8.657  0.002    0   1   0 150   0   0   2    -99    -99  2268  2.631  11819 1  -8.452  0.003    0   1   0 152   0   0  13    -99    -99  2019  2.670  11819 1  
    50701.6555    64208    West         300       0x101ff       1.6058           -9.189  0.004    0   1   0 111   0   0   2    -99    -99  5261  3.384  11819 1  -9.046  0.005    0   1   0 116   0   0  13    -99    -99  5253  3.313  11819 1  
    50704.6816    64339    West         300       0x101ff       1.4585           -9.131  0.002    0   1   0 143   0   0   2    -99    -99  6268  2.599  11819 1  -8.982  0.002    0   1   0 148   0   0  13    -99    -99  6673  2.518  11819 1  
    50713.7893    64502    West         300       0x101ff       1.1887           -8.831  0.003    0   1   0 140   0   0   2    -99    -99  5259  3.530  11819 1  -8.567  0.003    0   1   0 128   0   0  13    -99    -99  5256  3.483  11819 1  
    50717.6911    64619    West         300       0x101fb       1.3210           -8.763  0.002    0   1   0 168   0   0   2    -99    -99  1567  2.478  11819 1  -8.534  0.002    0   1   0 152   0   0  13    -99    -99  1684  2.501  11819 1  
    50719.6291    64744    West         300       0x101ff       1.5037           -8.748  0.002    0   1   0 137   0   0   2    -99    -99  2036  3.347  11819 1  -8.544  0.003    0   1   0 143   0   0  13    -99    -99  2117  3.382  11819 1  
    50720.7540    64854    West         300       0x101ff       1.2018           -8.741  0.003    0   1   0 156   0   0   2    -99    -99  1785  3.802  11819 1  -8.571  0.003    0   1   0 142   0   0  13    -99    -99  1673  3.884  11819 1  
    50722.6403    64985    West         300       0x101ff       1.4305           -8.766  0.004    0   1   0 134   0   0   2    -99    -99  3802  2.512  11819 1  -8.643  0.005    0   1   0 126   0   0  13    -99    -99  3684  2.551  11819 1  
    50725.5533    65141    West         300       0x101ff       1.8151           -8.986  0.007    0   1   0 114   0   0   2    -99    -99  5422  3.754  11819 1  -8.957  0.008    0   1   0 105   0   0  13    -99    -99  4520  3.602  11819 1  
    50730.6339    65298    West         300       0x101ff       1.3805           -9.251  0.002    0   1 255 201 223   0   2    -99    -99  1823  1.857  11819 1  -9.201  0.002    0   1 255 239 225   0  13    -99    -99  2084  1.693  11819 1  
    50731.7528    65378    West         300       0x101ff       1.1817           -9.244  0.002    0   1   0 151   0   0   2    -99    -99  1424  4.414  11819 1  -9.190  0.002    0   1   0 138   0   0  13    -99    -99  1446  4.528  11819 1  
    50733.7143    65511    West         300       0x101ff       1.2061           -9.217  0.002    0   1   0 182   0   0   2    -99    -99  2405  3.886  11819 1  -9.123  0.002    0   1   0 178   0   0  13    -99    -99  2379  3.661  11819 1  
    50735.6260    65626    West         300       0x101ff       1.3635           -9.225  0.004    0   1   0 115   0   0   2    -99    -99  6146  6.018  11819 1  -9.096  0.006    0   1   0  99   0   0  13    -99    -99 11424  6.125  11819 1  
    50736.7231    65725    West         300       0x101ff       1.1910           -9.234  0.003    0   1   0 144   0   0   2    -99    -99  8328  4.355  11819 1  -9.071  0.004    0   1   0 119   0   0  13    -99    -99 13907  4.228  11819 1  
    50738.6610    65840    West         300       0x101ff       1.2626           -9.187  0.003    0   1   0 138   0   0   2    -99    -99  8234  4.419  11819 1  -9.002  0.003    0   1   0 108   0   0  13    -99    -99  9851  4.253  11819 1  
    50743.7205    66084    West         300       0x101ff       1.1815           -8.997  0.002    0   1   0 152   0   0   2    -99    -99  2663  2.071  11819 1  -8.739  0.002    0   1   0 164   0   0  13    -99    -99  2329  1.915  11819 1  
    50745.6781    66205    West         300       0x101ff       1.2097           -8.915  0.002    0   1   0 156   0   0   2    -99    -99  1878  2.671  11819 1  -8.653  0.002    0   1   0 152   0   0  13    -99    -99  1931  2.569  11819 1  
    50746.7380    66292    West         300       0x101ff       1.1763           -8.878  0.002    0   1   0 152   0   0   2    -99    -99  2127  2.749  11819 1  -8.607  0.002    0   1   0 154   0   0  13    -99    -99  1848  2.623  11819 1  
    50759.7031    66417    West         300       0x101bf       1.1760           -9.249  0.002    0   1   0 195   0   0   2    -99    -99  1995  3.398  11819 1  -9.218  0.002    0   1   0 189   0   0  13    -99    -99  1639  3.188  11819 1  
    50768.6821    66528    West         300       0x101bf       1.1763           -9.156  0.003    0   1   0 157   0   0   2    -99    -99  7159  3.932  11819 1  -9.009  0.003    0   1   0 128   0   0  13    -99    -99  6312  3.937  11819 1  
    50770.7160    66641    West         300       0x101bf       1.1934           -9.128  0.002    0   1   0 161   0   0   2    -99    -99  4393  3.418  11819 1  -8.956  0.002    0   1   0 165   0   0  13    -99    -99  3954  3.373  11819 1  
    50775.5712    66767    West         300       0x101bb       1.2433           -9.119  0.005  -12   1  50 195   0   0   2    -99    -99  2539  4.619  11819 1  -8.776  0.005    0   1  46 188  63  22  13    -99    -99  2437  4.199  11819 1  
    50777.6539    66889    West         300       0x101bf       1.1761           -8.866  0.002    0   1   0 154   0   0   2    -99    -99  1885  2.884  11819 1  -8.604  0.002    0   1   0 159   0   0  13    -99    -99  1681  2.775  11819 1  
    50784.6866    66990    West         300       0x101ff       1.2010           -8.594  0.002    0   1   0 156   0   0   2    -99    -99  1798  3.522  11819 1  -8.368  0.003    0   1   0 138   0   0  13    -99    -99  1353  3.586  11819 1  
    50793.6422    67096    West         300       0x101ff       1.1858           -9.061  0.001    0   1   0 253 142  80   2    -99    -99  6279  1.992  11819 1  -9.176  0.003    0   1 255 152 242   0  13    -99    -99  6866  1.902  11819 1  
    50796.7316    67180    West         300       0x101ff       1.3359           -9.197  0.003    0   1   0 152   0   0   2    -99    -99 14806  4.153  11819 1  -9.076  0.003    0   1   0 140   0   0  13    -99    -99 13652  4.223  11819 1  
    50803.5211    67332    West         300       0x101ff       1.2081           -9.074  0.003    0   1   0 180   0   0   2    -99    -99  3413  4.518  11819 1  -8.855  0.003    0   1   0 161   0   0  13    -99    -99  2904  4.381  11819 1  
    50805.5244    67439    West         300       0x101ff       1.1994           -8.978  0.002    0   1   0 180   0   0   2    -99    -99  2438  2.556  11819 1  -8.747  0.002    0   1   0 162   0   0  13    -99    -99  1731  2.482  11819 1  
    50811.5782    67563    West         300       0x101ff       1.1792           -8.712  0.002    0   1   0 128   0   0   2    -99    -99  1810  2.942  11819 1  -8.426  0.002    0   1   0 123   0   0  13    -99    -99  1701  3.007  11819 1  
    50813.6223    67667    East         300       0x101ff       1.2174           -8.914  9.999    0   5 255 126   0   0   7    -99    -99  3960  2.467  11819 1  -8.370  0.007    0   1 255 124 231   0   9    -99    -99  3339  2.455  11819 1  
    50825.5842    67786    East         300       0x101ff       1.2109           -9.130  0.002    0   1   0 216 113   0   7    -99    -99 14738  2.732  11819 1  -9.050  0.002    0   1   0 179 110   0   9    -99    -99 16294  2.701  11819 1  
    50834.7371    67973    East         300       0x101ff       1.8149           -9.048  0.002    0   1   0 161   0   0   7    -99    -99  3083  3.157  11819 1  -8.728  0.002    0   1   0 148   0   0   9    -99    -99  2745  3.021  11819 1  
    50839.5603    68094    East         300       0x101ff       1.2293           -8.913  9.999    0   5 255 100   0   0   7    -99    -99  2820  3.042  11819 1  -8.503  0.008    0   1   0 107 226   0   9    -99    -99  2777  2.893  11819 1  
    50841.6252    68208    East         300       0x101ff       1.3838           -8.919  9.999    0   7   0 153   0   0   7    -99    -99  1573  2.843  11819 1  -8.410  0.003    0   1   0 165 215   0   9    -99    -99  1275  2.808  11819 1  
    50844.6317    68311    East         300       0x101ff       1.4320           -8.917  9.999    0   5 255 169   0   0   7    -99    -99  2380  2.141  11819 1  -8.330  0.004    0   1 255 149 244   0   9    -99    -99  1544  2.144  11819 1  
    50848.7029    68430    East         300       0x101ff       1.8409           -8.689  0.002    0   1   0 189   0   0   7    -99    -99  2090  2.628  11819 1  -8.484  0.002    0   1   0 169   0   0   9    -99    -99  1554  2.587  11819 1  
    50856.7113    68529    East         300       0x101ff       2.0698           -9.108  0.003    0   3   0 157 225   0   7    -99    -99 11436  3.138  11819 1  -9.023  0.003    0   1   0 149   0   0   9    -99    -99 19017  3.146  11819 1  
    50860.6431    68620    East         300       0x101ff       1.6771           -9.110  0.002    0   1   0 186   0   0   7    -99    -99  4558  5.202  11819 1  -8.905  0.004    0   1 255 182 189   0   9    -99    -99  5404  5.183  11819 1  
    50862.6105    68742    East         300       0x101ff       1.5428           -8.907  9.999    0   5 255 120   0   0   7    -99    -99  2889  3.180  11819 1  -8.791  0.002    0   1   0 155   0   0   9    -99    -99  2833  3.253  11819 1  
    50863.7541    68827    East         300       0x1017f       2.7133           -8.993  0.006    0   1   6 105   0   0   7    -99    -99  5978  7.029  11819 1  -8.750  0.009    0   1   3 138 168   0   9    -99    -99  4620  7.281  11819 1  
    50865.7036    68943    East         300       0x101ff       2.2218           -8.919  0.003    0   1   0 144 121   0   7    -99    -99  2773  4.816  11819 1  -8.570  0.004    0   1 255 221 189   1   9    -99    -99  2225  5.105  11819 1  
    50867.6916    69048    East         300       0x101ff       2.1611           -8.878  0.003    0   1   0 167  56  10   7    -99    -99  3131  4.251  11819 1  -8.581  0.005    0   1   0 124   0   0   9    -99    -99  2477  4.317  11819 1  
    50870.5475    69218    East         300       0x101ff       1.3890           -8.805  0.002    0   1   0 185   0   0   7    -99    -99  2115  3.366  11819 1  -8.486  0.003    0   1   0 163 101   0   9    -99    -99  1536  3.416  11819 1  
    50875.4810    69369    East         300       0x1017f       1.2601           -8.917  9.999    0   5 255 136   0   0   7    -99    -99  2374  3.875  11819 1  -8.277  0.003    0   1   0 147 185   0   9    -99    -99  1876  3.853  11819 1  
    50879.4986    69492    East         300       0x101ff       1.3213           -8.916  9.999    0   7   0 163   0   0   7    -99    -99  4006  4.175  11819 1  -8.235  0.004    0   1   0 121 214   0   9    -99    -99  3605  4.207  11819 1  
    50881.5155    69594    East         300       0x101ff       1.3829           -8.919  9.999    0   5 255 109   0   0   7    -99    -99  5795  3.135  11819 1  -8.303  0.003    0   1   0 135 179   0   9    -99    -99  6506  3.199  11819 1  
    50883.5975    69777    East         300       0x101ff       1.7785           -8.921  9.999    0   5 255 137   0   0   7    -99    -99  8895  3.192  11819 1  -8.479  0.004    0   1   0 145   0   0   9    -99    -99 14716  3.318  11819 1  
    50888.6193    69975    East         300       0x101fb       2.0333           -8.982  0.002    0   1   0 149   0   0   7    -99    -99  8320  3.749  11819 1  -8.847  0.003    0   1   0 145   0   0   9    -99    -99 10453  3.857  11819 1  
    50908.5825    70110    East         300       0x001bf       2.1876           -8.502  0.003    0   1   0 171   0   0   7    -99    -99  4883  3.205  11819 1  -8.196  0.005    0   1 255 139 230   0   9    -99    -99  4366  3.198  11819 1  
    50916.5362    70448    East         300       0x101ff       1.9813           -8.917  9.999    0   5 255  79   0   0   7    -99    -99 11482  5.877  11819 1  -8.561  0.009    0   1 255  86 204   0   9    -99    -99 14260  6.197  11819 1  
    50921.5177    70735    East         300       0x101ff       1.9448           -8.917  9.999    0   5 255 140   0   0   7    -99    -99  4010  3.237  11819 1  -8.547  0.003    0   1   0 169 193   0   9    -99    -99  2417  3.450  11819 1  
    50933.5005    70991    East         300       0x101ff       2.0680           -8.475  0.003    0   3   0 238 187   0   7    -99    -99  3977  3.097  11819 1  -8.166  0.003    0   1   0 142   0   0   9    -99    -99  2304  3.144  11819 1  
    50942.4372    71230    East         300       0x001bf       1.7851           -8.206  0.003    0   1   0 145   0   0   7    -99    -99  8849  3.243  11819 1  -7.848  0.005    0   1   0 122   0   0   9    -99    -99 12333  3.248  11819 1  
    50952.3878    71544    East         300       0x101ff       1.6569           -8.717  0.002    0   1   0 173  91   0   7    -99    -99  3596  3.036  11819 1  -8.537  0.002    0   1   0 156   0   0   9    -99    -99  2122  2.980  11819 1  
    50960.8038    72127    West         300       0x100ff       2.8093              -99    -99  999 999 999 999 999 999  -1    -99    -99   -99    -99      0 0     -99    -99  999 999 999 999 999 999  -1    -99    -99   -99    -99      0 0  
    50973.3796    72644    East         300       0x101ff       1.9762           -8.219  0.004    0   1   0 105   0   0   7    -99    -99 13430  2.811  11819 1  -7.858  0.005    0   1   0 115 183   0   9    -99    -99 12856  2.905  11819 1  
    50981.3449    73062    East         300       0x101ff       1.8806           -8.914  9.999    0   7   0 110   0   0   7    -99    -99  4535  2.974  11819 1  -8.376  0.003    0   1   0 156  74   0   9    -99    -99  2778  3.085  11819 1  
    50996.3461    73784    East         300       0x101ff       2.2290           -8.909  9.999    0   7   0 128   0   0   7    -99    -99  5839  3.183  11819 1  -7.984  0.004    0   1   0 121   0   0   9    -99    -99  5552  3.180  11819 1  
    51004.8236    74320    West         300       0x101ff       1.6095              -99    -99  999 999 999 999 999 999  -1    -99    -99   -99    -99      0 0  -7.997  0.010   -2   1  16 109   0   0  13    -99    -99 10384  3.991  11819 1  
    51028.7322    75210    West         300       0x101ff       1.7511           -8.512  0.004    0   1   0 133   0   0   2    -99    -99  2655  5.189  11819 1  -8.133  0.006    0   1   0 118   0   0  13    -99    -99  1993  5.227  11819 1  
    51034.7403    75368    West         300       0x101ff       1.6164           -8.247  0.003    0   1   0 142   0   0   2    -99    -99  8053  2.619  11819 1  -7.837  0.006    0   1   0 115   0   0  13    -99    -99 12453  2.621  11819 1  
    51049.7459    75742    West         300       0x101ff       1.4222           -8.891  0.002    0   1   0 150   0   0   2    -99    -99  2225  2.904  11819 1  -8.676  0.002    0   1   0 160   0   0  13    -99    -99  1910  2.812  11819 1  
    51056.6454    76177    West         300       0x101ff       1.8158           -8.781  0.002    0   1   0 145   0   0   2    -99    -99  3949  3.138  11819 1  -8.500  0.003    0   1   0 134   0   0  13    -99    -99  3186  3.166  11819 1  
    51061.7483    76401    West         300       0x101ff       1.3199           -8.625  0.003    0   1   0 126   0   0   2    -99    -99  7966  4.020  11819 1  -8.345  0.005    0   1   0 113   0   0  13    -99    -99 12020  3.912  11819 1  
    51072.6995    76665    West         300       0x101ff       1.3702           -8.906  0.002    0   1   0 144   0   0   2    -99    -99  2427  3.313  11819 1  -8.821  0.002    0   1   0 159   0   0  13    -99    -99  2005  3.328  11819 1  
    51084.5765    76983    West         300       0x101ff       1.7678           -8.937  0.004    0   1   1 134   0   0   2    -99    -99  3207  5.582  11819 1  -8.672  0.005    0   1   0 114   0   0  13    -99    -99  2942  5.805  11819 1  
    51086.5785    77114    West         300       0x101ff       1.7228           -8.921  0.003    0   1   0 144   0   0   2    -99    -99  4737  3.742  11819 1  -8.631  0.004    0   1   0 127   0   0  13    -99    -99  4819  3.698  11819 1  
    51089.6014    77277    West         300       0x101ff       1.5618           -8.863  0.004    0   1   0 124   0   0   2    -99    -99  6524  5.336  11819 1  -8.548  0.007    0   1   0 114   0   0  13    -99    -99 10337  5.376  11819 1  
    51099.5588    77423    West         300       0x101ff       1.6356           -8.397  0.022    0   1  19  90   0   0   2    -99    -99  2664 10.018  11819 1     -99    -99  999 999 999 999 999 999  -1    -99    -99   -99    -99      0 0  
    51101.5654    77544    West         300       0x101ff       1.5765           -8.498  0.003    0   1   0 159   0   0   2    -99    -99  2548  3.288  11819 1  -8.211  0.004    0   1   0 141   0   0  13    -99    -99  2050  3.458  11819 1  
    51106.5717    77709    West         300       0x101ff       1.4900              -99    -99  999 999 999 999 999 999  -1    -99    -99   -99    -99      0 0  -8.844  0.005    0   1   0 105   0   0  13    -99    -99  2157  6.564  11819 1  
    51109.7276    77866    West         300       0x101ff       1.1779           -9.161  0.002    0   1   0 159   0   0   2    -99    -99  2505  3.562  11819 1  -9.041  0.002    0   1   0 149   0   0  13    -99    -99  1453  3.491  11819 1  
    51112.6206    78007    West         300       0x101ff       1.2930           -9.230  0.007    0   1   0 118   0   0   2    -99    -99  4417  4.195  11819 1  -9.100  0.009    0   1   0  97   0   0  13    -99    -99  3923  4.296  11819 1  
    51114.6861    78134    West         300       0x101ff       1.1918           -9.257  0.002    0   1   0 209   0   0   2    -99    -99  2594  2.621  11819 1  -9.116  0.002    0   1   0 171   0   0  13    -99    -99  2161  2.381  11819 1  
    51119.6549    78256    West         300       0x101ff       1.2074           -8.965  0.002    0   1   0 253 144 104   2    -99    -99  6676  2.283  11819 1  -8.985  0.002    0   1   0 147   0   0  13    -99    -99  9594  2.123  11819 1  
    51131.5236    78400    West         300       0x101ff       1.4163           -8.760  0.006    0   1   0 131   0   0   2    -99    -99  4413  2.898  11819 1  -8.572  0.007    0   1   0 105   0   0  13    -99    -99  3295  2.720  11819 1  
    51136.6954    78523    West         300       0x101ff       1.1827           -8.974  0.002    0   1   0 155   0   0   2    -99    -99  2049  3.404  11819 1  -8.882  0.002    0   1   0 156   0   0  13    -99    -99  1278  3.323  11819 1  
    51141.5554    78619    West         300       0x101fb       1.2645           -9.076  0.002    0   1   0 180   0   0   2    -99    -99  1881  3.079  11819 1  -8.927  0.002    0   1   0 158   0   0  13    -99    -99  1629  3.056  11819 1  
    51147.6758    78743    West         300       0x101ff       1.1887           -9.036  0.002    0   1   0 253   0   0   2    -99    -99  4137  2.432  11819 1  -8.896  0.002    0   1   0 152   0   0  13    -99    -99  4248  2.274  11819 1  
    51157.5666    78908    West         300       0x101ff       1.1933           -8.801  0.002    0   1   0 156   0   0   2    -99    -99  2354  3.381  11819 1  -8.518  0.003    0   1   0 155   0   0  13    -99    -99  1818  3.352  11819 1  
    51167.6928    79049    East         300       0x101ff       1.2854              -99    -99  999 999 999 999 999 999  -1    -99    -99   -99    -99      0 0  -9.064  0.003    0   1   0 130   0   0   9    -99    -99  1364  4.656  11819 1  
    51167.7375    79059    East         300       0x101ff       1.4038              -99    -99  999 999 999 999 999 999  -1    -99    -99   -99    -99      0 0  -9.068  0.005    0   1   0 118   0   0   9    -99    -99 11110  5.438  11819 1  
    51171.6542    79171    East         300       0x101ff       1.2356              -99    -99  999 999 999 999 999 999  -1    -99    -99   -99    -99      0 0  -9.062  0.002    0   1   0 170   0   0   9    -99    -99  1267  2.170  11819 1  
    51176.6291    79281    East         300       0x101fb       1.2196              -99    -99  999 999 999 999 999 999  -1    -99    -99   -99    -99      0 0  -9.052  0.002    0   1   0 154 191   0   9    -99    -99  4270  3.338  11819 1  
    51180.7091    79382    East         300       0x101ff       1.4279              -99    -99  999 999 999 999 999 999  -1    -99    -99   -99    -99      0 0  -8.937  0.002    0   1   0 153 147   0   9    -99    -99 12229  2.018  11819 1  
    51183.6343    79506    East         300       0x101ff       1.2568              -99    -99  999 999 999 999 999 999  -1    -99    -99   -99    -99      0 0  -8.853  0.002    0   1   0 158 153   0   9    -99    -99  5606  2.662  11819 1  
    51188.6024    79637    East         300       0x101ff       1.2277           -8.952  0.003    0   1   0 141   0   0   7    -99    -99  2095  4.006  11819 1  -8.728  0.003    0   1   0 145 196   0   9    -99    -99  1541  3.928  11819 1  
    51193.7367    79725    East         300       0x101ff       1.7152              -99    -99  999 999 999 999 999 999  -1    -99    -99   -99    -99      0 0     -99    -99  999 999 999 999 999 999  -1    -99    -99   -99    -99      0 0  
    51204.7374    79828    East         300       0x101ff       1.9160           -8.912  9.999    0   7   0  98   0   0   7    -99    -99  2486  3.052  11819 1  -8.881  0.003    0   1   0 147 115   0   9    -99    -99  1895  2.982  11819 1  
    51210.5805    79923    East         300       0x1017f       1.2965           -9.084  0.003    0   1   0 168   0   0   7    -99    -99 11959  3.124  11819 1  -8.879  0.004    0   1   0 137   0   0   9    -99    -99 14804  3.242  11819 1  
    51223.6049    80042    East         300       0x101ff       1.4766           -8.921  9.999    0   5 255 163   0   0   7    -99    -99  2420  2.720  11819 1  -8.612  0.002    0   1   0 201   0   0   9    -99    -99  1721  2.489  11819 1  
    51226.5152    80127    East         300       0x101ff       1.2538           -8.911  0.012    0   1   0 102   0   0   7    -99    -99  8106  4.495  11819 1  -8.755  0.013    0   1   0  99   0   0   9    -99    -99  6344  4.235  11819 1  
    51231.6015    80334    East         300       0x1017f       1.5541           -9.189  0.002    0   3   0 253 220   1   7    -99    -99  2273  3.324  11819 1  -9.272  0.001    0   1   0 228   0   0   9    -99    -99  1481  3.125  11819 1  
    51240.7043    80472    East         300       0x101ff       2.5206           -9.075  0.002    0   1   0 184   0   0   7    -99    -99 13317  2.797  11819 1  -8.886  0.003    0   1   0 150   0   0   9    -99    -99 23663  2.863  11819 1  
    51242.6754    80608    East         300       0x101ff       2.2726           -9.052  0.004    0   3   0 181 222   0   7    -99    -99  8719  5.728  11819 1  -8.861  0.005    0   1   0 148   0   0   9    -99    -99 11943  5.660  11819 1  
    51247.5421    80771    East         300       0x101ff       1.4876           -8.910  9.999    0   7   0 101   0   0   7    -99    -99  2219  4.425  11819 1  -8.614  0.003    0   1   0 138   0   0   9    -99    -99  1610  4.464  11819 1  
    51250.4725    80897    East         300       0x000ff       1.2996           -8.916  9.999    0   5 255 167   0   0   7    -99    -99  2180  3.249  11819 1  -8.494  0.002    0   1   0 187   0   0   9    -99    -99  1658  2.975  11819 1  
    51254.4942    81108    East         300       0x101ff       1.3867           -8.724  0.003    0   1   0 160   0   0   7    -99    -99  2753  2.887  11819 1  -8.468  0.004    0   1   0 147   1   1   9    -99    -99  1974  2.823  11819 1  
    51262.5095    81284    East         300       0x101ff       1.5223           -9.082  0.002    0   1   0 186   0   0   7    -99    -99  4271  3.625  11819 1  -9.049  0.002    0   1   0 167  96   0   9    -99    -99  3626  3.503  11819 1  
    51276.4739    81540    East         300       0x101bf       1.5343           -9.003  0.002    0   1   0 177   0   0   7    -99    -99  2551  3.261  11819 1  -8.721  0.002    0   1   0 253 174   0   9    -99    -99  1798  3.174  11819 1  
    51279.4238    81719    East         300       0x101bf       1.3800           -8.921  0.002    0   1   0 224 109   0   7    -99    -99  2583  2.444  11819 1  -8.693  0.002    0   1   0 148   0   0   9    -99    -99  1880  2.339  11819 1  
    51285.4402    82137    East         300       0x101ff       1.4953           -8.845  0.002    0   1   0 197   0   0   7    -99    -99  2849  2.534  11819 1  -8.562  0.002    0   1   0 165   0   0   9    -99    -99  2134  2.422  11819 1  
    51291.4590    82724    East         300       0x101ff       1.6601           -9.055  0.002    0   1   0 173   0   0   7    -99    -99  4835  3.072  11819 1  -9.000  0.002    0   1   0 246 208   0   9    -99    -99  3874  3.062  11819 1  
    51298.4678    83109    East         300       0x101ff       1.8277           -9.203  0.002    0   1   0 163   0   0   7    -99    -99 14952  2.845  11819 1  -9.120  0.002    0   1   0 145   0   0   9    -99    -99 19995  2.883  11819 1  
    51301.3684    83371    East         300       0x101ff       1.3946           -9.146  0.001    0   1   0 225   0   0   7    -99    -99  3169  2.415  11819 1  -8.969  0.002    0   1   0 207   0   0   9    -99    -99  2065  2.396  11819 1  
    51304.3821    83717    East         300       0x101ff       1.4713           -9.072  0.002    0   1   0 253   0   0   7    -99    -99  3694  1.978  11819 1  -8.924  0.002    0   1 255 192 222   0   9    -99    -99  2639  1.871  11819 1  
    51307.3820    83938    East         300       0x101ff       1.5040           -9.026  0.001    0   1   0 250   0   0   7    -99    -99  3062  2.186  11819 1  -8.837  0.002    0   1 255 209 217   0   9    -99    -99  1724  2.045  11819 1  
    51311.4102    84172    East         300       0x101ff       1.6786           -8.833  0.005    0   3   0 112 226   0   7    -99    -99  4561  5.417  11819 1  -8.579  0.005    0   1   0  95   0   0   9    -99    -99  3136  5.663  11819 1  
    51314.4526    84429    East         300       0x101ff       2.0394           -8.675  0.002    0   1   0 230   0   0   7    -99    -99  3542  2.238  11819 1  -8.345  0.002    0   1   0 185   0   0   9    -99    -99  1933  2.224  11819 1  
    51318.4105    84892    East         300       0x101ff       1.8105           -8.581  0.003    0   1   0 150   0   0   7    -99    -99  3946  3.308  11819 1  -8.274  0.003    0   1   0 131   0   0   9    -99    -99  2929  3.263  11819 1  
    51326.4553    85252    East         300       0x101ff       2.3689           -9.181  0.002    0   1   0 163   0   0   7    -99    -99 13611  3.056  11819 1  -9.122  0.002    0   1   0 145 118   0   9    -99    -99 15146  3.162  11819 1  
    51336.4215    85579    East         300       0x101ff       2.3032           -9.226  0.002    0   3   0 237 176   1   7    -99    -99  3938  3.687  11819 1  -9.140  0.002    0   1   0 200   0   0   9    -99    -99  2189  3.843  11819 1  
    51348.3811    86231    East         300       0x101ff       2.2281           -8.906  9.999    0   5 255  88   0   0   7    -99    -99  4035  5.055  11819 1  -8.407  0.005    0   1   0 207 192   0   9    -99    -99  3316  5.233  11819 1  
    51361.8040    87251    West         300       0x101ff       1.8490           -9.255  0.002    0   1   0 136   0   0   3    -99    -99  6659  4.997  11819 1  -9.160  0.003    0   1   0 141   0   0  13    -99    -99  7690  5.227  11819 1  
    51381.7910    88151    West         300       0x001bf       1.6069           -8.775  0.004    0   1   0 130   0   0   3    -99    -99  2479  6.036  11819 1  -8.567  0.005    0   1   0 132   0   0  13    -99    -99  2111  6.306  11819 1  
    51392.7097    89026    West         300       0x101ff       1.9164           -9.238  0.002    0   1   0 150   0   0   3    -99    -99  5265  4.521  11819 1  -9.174  0.003    0   1   0 150   0   0  13    -99    -99  6597  4.754  11819 1  
    51395.7635    89379    West         300       0x101ff       1.5565           -9.315  0.002    0   1   0 160   0   0   3    -99    -99  3952  4.444  11819 1  -9.219  0.002    0   1   0 163   0   0  13    -99    -99  2918  4.583  11819 1  
    51405.7706    89962    West         300       0x101ff       1.4208           -9.130  0.002    0   1   0 165   0   0   3    -99    -99  2180  4.245  11819 1  -8.952  0.002    0   1   0 145   0   0  13    -99    -99  2254  4.390  11819 1  
    51408.7730    90236    West         300       0x101ff       1.3864           -9.011  0.002    0   1   0 143   0   0   3    -99    -99  2486  4.159  11819 1  -8.828  0.003    0   1   0 156   0   0  13    -99    -99  2203  4.275  11819 1  
    51411.8046    90483    West         300       0x101ff       1.2845           -8.839  0.003    0   1   0 153   0   0   3    -99    -99  2552  4.639  11819 1  -8.670  0.003    0   1   0 132   0   0  13    -99    -99  2054  4.772  11819 1  
    51420.7057    91065    West         300       0x101ff       1.5104           -9.100  0.002    0   1   0 205   0   0   3    -99    -99  6077  2.811  11819 1  -9.022  0.002    0   1   0 201   0   0  13    -99    -99  7977  2.804  11819 1  
    51423.7466    91260    West         300       0x101ff       1.3443           -9.101  0.002    0   1   0 188   0   0   3    -99    -99  4003  2.753  11819 1  -9.004  0.002    0   1   0 188   0   0  13    -99    -99  3347  2.719  11819 1  
    51431.7150    91633    West         300       0x101ff       1.3719           -9.207  0.002    0   1   0 156   0   0   3    -99    -99  2222  5.223  11819 1  -9.019  0.003    0   1   0 143   0   0  13    -99    -99  2063  5.378  11819 1  
    51434.7069    91954    West         300       0x101ff       1.3716           -9.150  0.002    0   1   0 181   0   0   3    -99    -99  2393  2.634  11819 1  -8.938  0.002    0   1   0 171   0   0  13    -99    -99  2431  2.626  11819 1  
    51439.6870    92133    West         300       0x101ff       1.3904           -8.983  0.002    0   1   0 177   0   0   3    -99    -99  2309  3.444  11819 1  -8.766  0.002    0   1   0 164   0   0  13    -99    -99  2209  3.530  11819 1  
    51443.7799    92372    West         300       0x101ff       1.1950           -8.875  0.002    0   1   0 170   0   0   3    -99    -99  2371  3.530  11819 1  -8.703  0.003    0   1   0 150   0   0  13    -99    -99  2452  3.569  11819 1  
    51462.5983    92690    West         300       0x101ff       1.4807           -9.177  0.003    0   1   4 120   0   0   3    -99    -99  2004  6.590  11819 1  -9.012  0.004    0   1   1 112   0   0  13    -99    -99  2070  6.875  11819 1  
    51463.7613    92798    West         300       0x101ff       1.1771           -9.170  0.003    0   1   0 147   0   0   3    -99    -99  3835  3.603  11819 1  -8.991  0.004    0   1   0 130   0   0  13    -99    -99  3292  3.653  11819 1  
    51470.6454    92943    West         300       0x101ff       1.2802           -9.026  0.003    0   1   0 234   0   0   3    -99    -99  2577  5.689  11819 1  -8.810  0.004    0   1   0 207   0   0  13    -99    -99  3131  5.702  11819 1  
    51472.5933    93079    West         300       0x101ff       1.4015           -8.935  0.003    0   1   0 140   1   1   3    -99    -99  4771  4.194  11819 1  -8.732  0.004    0   1   0 131   0   0  13    -99    -99  7942  4.271  11819 1  
    51477.6627    93176    West         300       0x101ff       1.2203           -8.757  0.003    0   1   0 132   0   0   3    -99    -99  7338  4.228  11819 1  -8.587  0.004    0   1   0 126   0   0  13    -99    -99  8382  4.370  11819 1  
    51479.5303    93273    West         300       0x101ff       1.5730           -8.774  0.002    0   1   0 188   0   0   3    -99    -99  4162  3.143  11819 1  -8.617  0.002    0   1   0 178   0   0  13    -99    -99  3454  3.119  11819 1  
    51484.5383    93395    West         300       0x101ff       1.4805           -9.062  0.002    0   1   0 168   0   0   3    -99    -99  2361  3.935  11819 1  -8.994  0.002    0   1   0 157   0   0  13    -99    -99  2102  4.033  11819 1  
    51489.5152    93526    West         300       0x101fb       1.5191           -9.101  0.002    0   1   0 132   0   0   3    -99    -99  2594  4.169  11819 1  -8.971  0.002    0   1   0 136   0   0  13    -99    -99  2221  4.255  11819 1  
    51492.5748    93634    West         300       0x1017f       1.3028           -9.159  0.002    0   1   0 166   0   0   3    -99    -99  1889  4.427  11819 1  -9.007  0.003    0   1   0 152   0   0  13    -99    -99  2096  4.522  11819 1  
    51494.6520    93739    West         300       0x101ff       1.1868           -9.145  0.002    0   1   0 180   0   0   3    -99    -99  2793  2.324  11819 1  -8.985  0.002    0   1   0 182   0   0  13    -99    -99  2684  2.249  11819 1  
    51509.4899    93951    West         300       0x101ff       1.4090           -8.776  0.005    0   1   0 109   0   0   3    -99    -99  4720  3.923  11819 1  -8.641  0.006    0   1   0 108   0   0  13    -99    -99  3963  4.049  11819 1  
    51512.6365    94045    West         300       0x101ff       1.1763           -9.057  0.002    0   1   0 222   0   0   3    -99    -99  2319  2.387  11819 1  -9.031  0.002    0   1   0 199   0   0  13    -99    -99  2134  2.339  11819 1  
    51513.7400    94133    West         300       0x101ff       1.2765           -9.128  0.002    0   1   0 236   0   0   3    -99    -99 27295  2.696  11819 1  -9.168  0.002    0   1   0 186   0   0  13    -99    -99 23970  2.733  11819 1  
    51515.6124    94233    West         300       0x101ff       1.1789           -9.219  0.002    0   1   0 199   0   0   3    -99    -99  1756  3.592  11819 1  -9.216  0.002    0   1   0 193   0   0  13    -99    -99  1571  3.690  11819 1  
    51526.7192    94445    East         300       0x101fb       1.3084           -8.916  9.999    0   5 255 160   0   0   7    -99    -99  3293  2.777  11819 1  -8.851  0.002    0   1   0 167   0   0   9    -99    -99  2647  2.609  11819 1  
    51532.6147    94537    West         300       0x000fb       1.1851           -8.883  0.002    0   1   0 189   0   0   3    -99    -99  6166  2.981  11819 1  -8.637  0.003    0   1   0 169   0   0  13    -99    -99  6721  2.996  11819 1  
    51541.7376    94661    East         300       0x101ff       1.4951           -8.694  0.003    0   3   0 160 203   0   7    -99    -99  5431  3.725  11819 1  -8.519  0.003    0   1   0 148   0   0   9    -99    -99  8474  3.670  11819 1  
    51546.6131    94747    East         300       0x101ff       1.2169           -9.099  0.002    0   1   0 253   0   0   7    -99    -99  2093  3.076  11819 1  -9.061  0.002    0   1   0 253  69   0   9    -99    -99  1760  2.851  11819 1  
