!  Star 70.11469.82                        RA  05 50 33.315   DEC  -66 36 52.97
#  266 observations from the production databases
#  Field inception date: 50453.0417
#  Pixel coordinate system: none
#
#  Template         magnitude        chip coordinates        west-chunk
#     Red:            -6.237          642.11,  883.07             41
#    Blue:            -5.427          640.48,  899.82             57
#
!         Date    Obsid    Pier    Exposure     Checklist      Airmass             rMag   rErr  rDS rTF rCP rX2 rMP rCR  rA  rXpix  rYpix  rSky  rFWHM  rTobs r    bMag   bErr  bDS bTF bCP bX2 bMP bCR  bA  bXpix  bYpix  bSky  bFWHM  bTobs b  
    49006.5923     2876    West         300       0x101bf       1.2506           -6.149  0.063   65   3 114  46   0   0   6    -99    -99  1532  4.074  30462 1  -5.375  0.075   60   3 119  63   0   0   8    -99    -99  1354  3.890  30462 1  
    49021.7571     3307    East         300       0x101bf       2.3331           -6.141  0.083   51   3 123  66   0   0   2    -99    -99  4405  5.530  30462 1  -5.318  0.101   68   3 127  72   0   0  12    -99    -99  2325  5.379  30462 1  
    49042.6952     3667    East         300       0x101bf       2.2857           -6.080  0.069   43   3 113  61   0   0   2    -99    -99  2767  3.369  30462 1  -5.285  0.086   41   3 114  68 185   0  12    -99    -99  1880  3.452  30462 1  
    49059.6241     4159    East         300       0x101bf       2.0527           -6.150  0.074   62   3 117  78   0   0   2    -99    -99  5690  3.953  30462 1  -5.068  0.128   60   3 119  75   0   0  12    -99    -99  5815  3.709  30462 1  
    49094.6004     5334    East         300       0x101bf       2.8453           -6.069  0.064   70   3 109  64   0   0   2    -99    -99  3154  2.826  30462 1  -5.160  0.091   79   3 105  81   0   0  12    -99    -99  2495  2.781  30462 1  
    49117.5299     6576    East         300       0x101bf       2.7342           -6.091  0.101   63   3 121  69   0   0   2    -99    -99  8061  5.273  30462 1  -4.912  0.201   80   3 124  74   0   0  12    -99    -99  6743  5.385  30462 1  
    49124.4869     7054    East         300       0x101bf       2.4426           -6.098  0.078   68   3 117  57   0   0   2    -99    -99  3348  4.792  30462 1  -5.307  0.101   75   3 127  71   0   0  12    -99    -99  2208  4.942  30462 1  
    49127.5155     7384    East         300       0x100af       2.9133              -99    -99  999 999 999 999 999 999  -1    -99    -99   -99    -99      0 0     -99    -99  999 999 999 999 999 999  -1    -99    -99   -99    -99      0 0  
    49146.4637     8273    East         300       0x101bf       2.9132           -6.222  0.119   53   3 123  71   0   0   2    -99    -99  5786  6.935  30462 1  -5.379  0.276   74   3 255  59 220   0  12    -99    -99  4696  7.368  30462 1  
    49186.8294    10089    West         300       0x101bf       1.4695           -6.032  0.081   65   3 119  60   0   0   6    -99    -99  3317  4.560  30462 1  -5.365  0.095   66   3 125  65   0   0   8    -99    -99  2323  4.816  30462 1  
    49196.7818    10531    West         300       0x101bf       1.5582           -6.004  0.094   56   3 122  53   0   0   6    -99    -99  2890  5.346  30462 1  -5.255  0.125   48   3 128  82   0   0   8    -99    -99  2380  5.664  30462 1  
    49209.7777    11043    West         300       0x101bf       1.4289           -5.874  0.143   52   3 124  72   0   0   6    -99    -99  2927  7.057  30462 1  -5.313  0.188    0   3 130  75   0   0   8    -99    -99  2918  7.512  30462 1  
    49216.7793    11408    West         300       0x101bf       1.3620           -6.141  0.071   65   3 117  52   0   0   6    -99    -99  2505  4.596  30462 1  -5.384  0.091   61   3 125  60   0   0   8    -99    -99  2037  4.758  30462 1  
    49224.6806    11960    West         300       0x101bf       1.6872           -6.134  0.058   68   3 108  82   0   0   6    -99    -99  3476  2.612  30462 1  -5.316  0.082   76   3 116  79   0   0   8    -99    -99  3280  2.764  30462 1  
    49256.6675    12343    West         300       0x101bf       1.3712           -6.178  0.051   58   3 104  80   0   0   6    -99    -99  4995  2.594  30462 1  -5.488  0.064   48   3 107  87   0   0   8    -99    -99  6578  2.676  30462 1  
    49269.6969    12769    West         300       0x101bf       1.2260           -6.238  0.066   53   3 121  58   0   0   6    -99    -99  2711  4.783  30462 1  -5.469  0.086   30   3 125  65   0   0   8    -99    -99  2630  5.036  30462 1  
    49282.6908    13043    West         300       0x101bf       1.1906           -6.232  0.052   36   3 110  75   0   0   6    -99    -99  2001  2.934  30462 1  -5.409  0.069   22   3 117  66   0   0   8    -99    -99  1955  3.048  30462 1  
    49286.7205    13196    West         300       0x101bf       1.1692           -6.254  0.054   45   3 117  66   0   0   6    -99    -99  1952  3.381  30462 1  -5.378  0.074   36   3 122  68   0   0   8    -99    -99  1817  3.523  30462 1  
    49309.6962    13549    West         300       0x101bf       1.1750           -6.154  0.059   56   3 110  63   0   0   6    -99    -99  2374  3.115  30462 1  -5.408  0.070   61   3 118  69   0   0   8    -99    -99  2090  3.195  30462 1  
    49315.5773    13779    West         300       0x101bf       1.2167           -6.141  0.063   66   3 112  57   0   0   6    -99    -99  4283  3.482  30462 1  -5.341  0.086   71   3 122  76   0   0   8    -99    -99  6310  3.618  30462 1  
    49378.5596    14155    West         300       0x00110       1.2330           -6.131  0.087   45   3 111  78   0   0   6    -99    -99 28258  2.979  30462 1  -5.081  0.175   43   3 117  87   0   0   8    -99    -99 23315  3.074  30462 1  
    49390.6547    14464    East         300       0x101bf       1.6253           -6.089  0.074   74   3 117  53   0   0   2    -99    -99  2583  4.697  30462 1  -5.319  0.091   84   3 123  61   0   0  12    -99    -99  2067  4.728  30462 1  
    49399.7208    14617    East         300       0x101bf       2.3132           -6.094  0.071   79   3 119  47   0   0   2    -99    -99  2425  4.363  30462 1  -5.278  0.093   91   3 125  58   0   0  12    -99    -99  1974  4.410  30462 1  
    49426.6056    15328    East         300       0x101bf       1.9459           -6.195  0.058   70   3 115  63   0   0   2    -99    -99  2906  3.135  30462 1  -5.304  0.079   86   3 118  73   0   0  12    -99    -99  2331  3.289  30462 1  
    49449.6253    16134    East         300       0x101bf       2.8101           -6.229  0.068   72   3 119  51   0   0   2    -99    -99  3111  4.652  30462 1  -5.380  0.095   80   3 123  51   0   0  12    -99    -99  2862  4.750  30462 1  
    49461.5911    16669    East         300       0x101bf       2.7898           -6.114  0.098   58   3 121  64   0   0   2    -99    -99  3013  5.532  30462 1  -5.352  0.136   68   3 126  73   0   0  12    -99    -99  2500  5.709  30462 1  
    49530.7429    19702    West         300       0x101bf       2.5292           -6.137  0.087   69   3 122  56   0   0   6    -99    -99  7402  4.981  30462 1  -5.344  0.139   76   3 128  80   0   0   8    -99    -99  9306  5.280  30462 1  
    49537.7568    20132    West         300       0x101bf       2.1793           -6.308  0.115   14   3 124  67   0   0   6    -99    -99  3947  7.385  30462 1  -5.508  0.179  -33   3 130  79   0   0   8    -99    -99  2720  7.764  30462 1  
    49546.7646    20725    West         300       0x101bf       1.9079           -6.161  0.062   72   3 113  68   0   0   6    -99    -99  3004  3.345  30462 1  -5.434  0.080   78   3 120  57 197   0   8    -99    -99  2274  3.490  30462 1  
    49553.7393    21178    West         300       0x101bf       1.9548           -6.286  0.077   60   3 118  74   0   0   6    -99    -99 10350  4.761  30462 1  -5.801  0.094   32   3 124  84 181   0   8    -99    -99  9520  5.029  30462 1  
    49559.8046    21617    West         300       0x101bf       1.4850           -6.207  0.060   65   3 116  55   0   0   6    -99    -99  5005  3.236  30462 1  -5.565  0.073   74   3 122  84   0   0   8    -99    -99  6740  3.401  30462 1  
    49566.7229    21919    West         300       0x101bf       1.8162           -6.223  0.062   65   3 114  54   0   0   6    -99    -99  2821  3.910  30462 1  -5.507  0.078   65   3 126  61 127   0   8    -99    -99  2281  4.126  30462 1  
    49572.7950    22358    West         300       0x101bf       1.3911           -6.305  0.060   58   3 117  41   0   0  -1    -99    -99   -99    -99      0 1  -5.626  0.073   63   3 126  65   0   0  -1    -99    -99   -99    -99      0 1  
    49579.7312    22803    West         300       0x101bf       1.5682           -6.226  0.044   58   3 104  91   0   0   6    -99    -99  3111  2.194  30462 1  -5.653  0.050   63   3 107  83   0   0   8    -99    -99  2423  2.311  30462 1  
    49591.7659    23462    West         300       0x101bf       1.3247           -6.329  0.056   68   3 114  76   0   0   6    -99    -99  3602  3.615  30462 1  -5.663  0.065   65   3 123  67   0   0   8    -99    -99  3708  3.634  30462 1  
    49607.7045    24248    West         300       0x101bf       1.3752           -6.340  0.064   61   3 120  68   0   0   6    -99    -99  3216  3.880  30462 1  -5.609  0.084   59   3 123  76 133   0   8    -99    -99  3200  4.017  30462 1  
    49616.7413    24723    West         300       0x101bf       1.2337           -6.483  0.069   34   3 121  68   0   0   6    -99    -99  5702  5.822  30462 1  -5.784  0.110    8   3 128  82   0   0   8    -99    -99  9260  6.149  30462 1  
    49630.7066    25396    West         300       0x101bf       1.2282           -6.300  0.051   50   3 114  74   0   0   6    -99    -99  1926  3.017  30462 1  -5.514  0.065   24   3 121  75   0   0   8    -99    -99  1994  3.073  30462 1  
    49639.7253    25761    West         300       0x101bf       1.1808           -6.203  0.038   49   3  83 104   0   0   6    -99    -99  1753  1.959  30462 1  -5.426  0.047   58   3  82 101   0   0   8    -99    -99  1732  1.944  30462 1  
    49649.6834    26103    West         300       0x101bf       1.1928           -6.185  0.044   54   3 107  94   0   0   6    -99    -99  4055  2.070  30462 1  -5.464  0.052   52   3  96  95   0   0   8    -99    -99  3952  2.050  30462 1  
    49676.6627    26599    West         300       0x101bf       1.1677              -99    -99  999 999 999 999 999 999  -1    -99    -99   -99    -99      0 0  -4.934  0.940  -58   5 129  98   0   0   8    -99    -99 20175  6.189  30462 1  
    49699.6068    27175    West         300       0x101bf       1.1680              -99    -99  999 999 999 999 999 999  -1    -99    -99   -99    -99      0 0  -5.476  0.053   61   3  98  89   0   0   8    -99    -99  5229  2.232  30462 1  
    49717.5704    27509    East         300       0x101bf       1.1697           -6.255  0.042   59   3 104  91   0   0   2    -99    -99  1763  2.276  30462 1  -5.528  0.050   67   3  94  90   0   0  12    -99    -99  1651  2.285  30462 1  
    49729.6135    27660    East         300       0x101bf       1.2500           -6.273  0.051   62   3 110  65   0   0   2    -99    -99  4082  2.807  30462 1  -5.364  0.069   72   3 111  74   0   0  12    -99    -99  3940  2.719  30462 1  
    49740.6363    27848    East         300       0x101bf       1.3794           -6.378  0.050   69   3 116  66   0   0   2    -99    -99  2893  3.737  30462 1  -5.623  0.061   72   3 120  57   0   0  12    -99    -99  3181  3.505  30462 1  
    49746.7591    28037    East         300       0x101bf       2.2024              -99    -99  999 999 999 999 999 999  -1    -99    -99   -99    -99      0 0  -5.470  0.064   77   3 118  77   0   0  -1    -99    -99   -99    -99      0 1  
    49752.5973    28272    East         300       0x101af       1.3603           -6.305  0.053   68   3 117  50   0   0   2    -99    -99  1684  3.706  30462 1  -5.790  0.060   66   3 255  61 234   0  12    -99    -99  1398  3.538  30462 1  
    49764.5633    28543    East         300       0x101bf       1.3568           -6.318  0.050   53   3  98  79   0   0   2    -99    -99  7583  2.612  30462 1  -5.524  0.070   46   3 109  87   0   0  12    -99    -99 14581  2.634  30462 1  
    49788.5469    28845    East         300       0x101bf       1.5376           -6.233  0.088   53   3 123  47   0   0   3    -99    -99  4851  6.326  30462 1  -5.404  0.124   44   3 126  67   0   0  12    -99    -99  4365  6.179  30462 1  
    49797.6508    29219    East         300       0x101bf       2.5360           -6.204  0.064   65   3 118  52   0   0   3    -99    -99  6258  3.526  30462 1  -5.148  0.107   78   3 115  71   0   0  12    -99    -99  5717  3.459  30462 1  
    49809.5965    29832    East         300       0x101bf       2.2971           -6.159  0.064   59   3 115  43   0   0   3    -99    -99  2166  4.116  30462 1  -5.222  0.095   73   3 123  53   0   0  12    -99    -99  1476  4.239  30462 1  
    49829.5590    30462    East         300       0x101bf       2.4842           -6.252  0.049   69   3 109  59   0   0   3    -99    -99  2531  2.591  30462 1  -5.400  0.064   75   3 106  76   0   0  12    -99    -99  1867  2.526  30462 1  
    49929.6531    33729    West         300       0x101bf       2.5001           -6.652  0.071   54   3 124  62   0   0   6    -99    -99  3529  7.028  30462 1  -6.231  0.072   62   3 128  62   0   0   8    -99    -99  2051  7.427  30462 1  
    49937.6743    34271    West         300       0x101bf       2.0673           -6.516  0.080   63   3 123  60   0   0   6    -99    -99 10080  6.099  30462 1  -5.865  0.127   65   3 128  76 172   0   8    -99    -99  9544  6.460  30462 1  
    49941.7250    34693    West         300       0x101bf       1.6427           -6.518  0.046   67   3 111  66   0   0   6    -99    -99  7369  3.144  30462 1  -5.785  0.070   88   3 118  78   0   0   8    -99    -99 12278  3.272  30462 1  
    49943.6237    34896    West         300       0x101bf       2.4012           -6.388  0.082   80   3 113  86   0   0   6    -99    -99 12221  3.856  30462 1  -5.918  0.108   72   3 124  81   0   0   8    -99    -99 12388  4.080  30462 1  
    49947.6614    35200    West         300       0x101af       1.9491           -6.492  0.051   58   3 116  50   0   0   6    -99    -99  3654  3.186  30462 1  -5.836  0.057   75   3 118  61 137   0   8    -99    -99  2668  3.265  30462 1  
    49953.7755    35650    West         300       0x101bf       1.3227           -6.450  0.037   64   3  98  88   0   0   6    -99    -99  1887  2.282  30462 1  -5.826  0.044   77   3 103  81   0   0   8    -99    -99  1697  2.267  30462 1  
    49972.7071    36500    West         300       0x101bf       1.3691           -6.489  0.045   61   3 112  75   0   0   6    -99    -99  5124  2.912  30462 1  -5.845  0.059   74   3 112  67   0   0   8    -99    -99  6214  2.936  30462 1  
    49982.6850    36823    West         300       0x101af       1.3538           -6.450  0.037   61   3  99  85   0   0   6    -99    -99  2545  2.238  30462 1  -5.904  0.040   76   3 106  84   0   0   8    -99    -99  2020  2.203  30462 1  
    49987.7173    36973    West         300       0x101bf       1.2478           -6.511  0.041   69   3 112  64   0   0   6    -99    -99  1910  2.844  30462 1  -5.832  0.051   83   3 121  60   0   0   8    -99    -99  1865  2.859  30462 1  
    50005.6874    37494    West         300       0x101af       1.2176           -6.487  0.039   60   3 104  76  64   0   6    -99    -99  3319  2.678  30462 1  -5.750  0.049   67   3 112  64   0   0   8    -99    -99  3066  2.636  30462 1  
    50088.7128    38902    East         300       0x101bf       1.4853           -6.452  0.042   60   3 100  83   0   0   3    -99    -99  9952  2.422  30462 1  -5.775  0.051   51   3 105  80   0   0  12    -99    -99 10420  2.480  30462 1  
    50109.6887    39317    East         300       0x0013f       1.6418           -6.491  0.045   50   3 109  77   0   0   3    -99    -99  2126  2.737  30462 1  -5.702  0.048   65   3 115  80   0   0  12    -99    -99  1233  2.767  30462 1  
    50131.6353    39820    East         300       0x101bf       1.6779           -6.573  0.043   62   3 117  92   0   0   3    -99    -99  2060  3.631  30462 1  -5.739  0.052   61   3 122  68   0   0  12    -99    -99  1306  3.426  30462 1  
    50174.6302    41098    East         300       0x101bf       2.6779           -6.507  0.138   29   3 125  73   0   0   3    -99    -99  9502  8.025  30462 1  -4.904   -650   99   5 130 151   0   0  12    -99    -99 14463  8.008  30462 1  
    50193.4933    41700    East         300       0x101bf       1.8506           -6.402  0.048   64   3 111  61   0   0   3    -99    -99  2942  3.339  30462 1  -5.532  0.063   78   3 119  53   0   0  12    -99    -99  1623  3.362  30462 1  
    50197.5032    41811    East         300       0x101bf       2.0089           -6.518  0.053   50   3 121  47   0   0   3    -99    -99  3069  4.759  30462 1  -5.638  0.077   66   3 127  67   0   0  12    -99    -99  2133  4.993  30462 1  
    50217.5191    42824    East         300       0x101bf       2.7614           -6.480  0.050   59   3 115  70   0   0   3    -99    -99  2975  3.085  30462 1  -5.744  0.055   75   3 117  59   0   0  12    -99    -99  1832  3.248  30462 1  
    50304.8100    47062    West         300       0x101bf       1.3342           -6.498  0.080   62   3  94  92   0   0   6    -99    -99  2732  2.474  30462 1  -5.868  0.093   71   3 116  97   0   0   8    -99    -99  1689  2.442  30462 1  
    50350.7394    48991    West         300       0x101bf       1.2219           -6.586  0.057   39   3 127  39   0   0   6    -99    -99  4022  4.910  30462 1  -5.955  0.065   44   3 129  69   0   0   8    -99    -99  5226  5.064  30462 1  
    50369.7592    49508    West         300       0x101af       1.1678           -6.532  0.044   57   3 111  71   0   0   6    -99    -99  2057  2.745  30462 1  -5.802  0.049   64   3 111  62   0   0   8    -99    -99  1935  2.751  30462 1  
    50370.6382    49553    West         300       0x101af       1.3124           -6.437  0.031   61   3  92 102  33   0   6    -99    -99  2011  2.016  30462 1  -5.791  0.036   79   3 101 102   0   0   8    -99    -99  1990  1.937  30462 1  
    50379.6593    49882    West         300       0x101bf       1.2232           -6.424  0.037   55   3  92  95   0   0   6    -99    -99  5253  2.171  30462 1  -5.756  0.047   76   3  99  87   0   0   8    -99    -99  8584  2.155  30462 1  
    50396.6400    50247    West         300       0x101bf       1.1911           -6.564  0.042   57   3 110  53   0   0   6    -99    -99  1478  3.298  30462 1  -5.852  0.049   74   3 123  44   0   0   8    -99    -99  1437  3.251  30462 1  
    50405.6413    50513    West         300       0x101bf       1.1733           -6.515  0.047   49   3 120  64   0   0   6    -99    -99  1880  3.127  30462 1  -5.846  0.050   56   3 120  60   0   0   8    -99    -99  1581  3.190  30462 1  
    50412.6196    50813    West         300       0x0013f       1.1746           -6.518  0.058   56   3 121  48   0   0   6    -99    -99 10207  4.029  30462 1  -5.888  0.064   57   3 124  73   0   0   8    -99    -99 10607  4.141  30462 1  
    50428.7137    51269    West         300       0x101bf       1.2784           -6.495  0.047   63   3 118  49   0   0   6    -99    -99  1902  2.965  30462 1  -5.792  0.052   75   3 121  57   0   0   8    -99    -99     0  0.000  11960 1  
    50437.7028    51598    East         300       0x101bf       1.3099           -6.557  0.045   73   3 116  71   0   0   3    -99    -99  1858  3.398  30462 1  -5.854  0.048   74   3 118  55   0   0  12    -99    -99  1194  2.973  30462 1  
    50451.5751    51973    West         300       0x000bf       1.1776           -6.468  0.043   62   3 111  89   0   0   6    -99    -99  2260  2.527  30462 1  -5.790  0.046   75   3 117  65   0   0   8    -99    -99  1739  2.476  30462 1  
    50461.7026    52301    East         300       0x101ff       1.5317           -6.439  0.051   55   3 115  55   0   0   3    -99    -99  2319  3.014  30462 1  -5.770  0.052   67   3 116  64   0   0  12    -99    -99  1295  3.000  30462 1  
    50478.6583    52642    East         300       0x101ff       1.5418           -6.480  0.036   66   3 105  93   0   0   3    -99    -99  3034  2.365  30462 1  -5.646  0.046   66   3 108  83   0   0  12    -99    -99  3356  2.148  30462 1  
    50483.5015    52785    East         300       0x000ff       1.1867           -6.446  0.036   62   3 108  82   0   0   3    -99    -99  2225  2.291  30462 1  -5.707  0.043   65   3 111  90   0   0  12    -99    -99  1540  2.279  30462 1  
    50486.5644    52909    East         300       0x101ff       1.2987           -6.459  0.039   57   3 107  79   0   0   3    -99    -99  2012  2.540  30462 1  -5.678  0.046   56   3 116  86   0   0  12    -99    -99  1377  2.377  30462 1  
    50492.7350    53015    East         300       0x000af       2.3899              -99    -99  999 999 999 999 999 999  -1    -99    -99   -99    -99      0 0     -99    -99  999 999 999 999 999 999  -1    -99    -99   -99    -99      0 0  
    50494.7232    53095    East         300       0x101ff       2.3230           -6.613  0.047   52   3 119  40   0   0   3    -99    -99  2015  4.422  30462 1  -5.843  0.065   54   3 130  57   0   0  12    -99    -99  1527  4.467  30462 1  
    50497.5309    53217    East         300       0x101ff       1.2907           -6.483  0.050   53   3 106  74   0   0   3    -99    -99  6881  2.653  30462 1  -5.767  0.060   48   3 107  69   0   0  12    -99    -99  6043  2.626  30462 1  
    50507.6088    53463    East         300       0x101ff       1.6947           -6.467  0.046   55   3 101  70   0   0   3    -99    -99  3917  2.368  30462 1  -5.700  0.056   65   3 104  76   0   0  12    -99    -99  3630  2.414  30462 1  
    50510.5887    53554    East         300       0x101ff       1.6291           -6.470  0.047   61   3 121  61   0   0   3    -99    -99  2130  2.601  30462 1  -5.796  0.051   70   3 114  65   0   0  12    -99    -99  1346  2.637  30462 1  
    50519.5542    53732    East         300       0x101ff       1.5790           -6.448  0.061   62   3 124  44   0   0   3    -99    -99  1923  4.714  30462 1  -5.955  0.055   64   3 128  29   0   0  12    -99    -99  1278  4.661  30462 1  
    50521.6537    53870    East         300       0x101ff       2.3680           -6.559  0.054   58   3 123  49   0   0   3    -99    -99  2229  4.769  30462 1  -5.895  0.061   73   3 130  60   0   0  12    -99    -99  1482  4.837  30462 1  
    50525.5861    54033    East         300       0x101ff       1.8647           -6.513  0.054   68   3 123  48   0   0   3    -99    -99  4204  3.595  30462 1  -5.880  0.061   71   3 127  76   0   0  12    -99    -99  3673  3.431  30462 1  
    50527.6819    54180    East         300       0x101ff       2.9230           -6.478  0.061   66   3 119  59   0   0   3    -99    -99  7302  3.433  30462 1  -5.748  0.083   73   3 130  83   0   0  12    -99    -99  8332  3.179  30462 1  
    50530.6001    54300    East         300       0x101ff       2.0837           -6.618  0.074   66   3 127  62   0   0   3    -99    -99  9829  6.361  30462 1  -6.174  0.093   78   3 127  92   0   0  12    -99    -99 19693  6.147  30462 1  
    50533.6433    54458    East         300       0x101ff       2.6280           -6.517  0.049   71   3 103  77   0   0   3    -99    -99 12453  2.421  30462 1  -5.745  0.073   72   3 108  86   0   0  12    -99    -99 14704  2.401  30462 1  
    50535.5724    54634    East         300       0x101ff       1.9674           -6.609  0.051   56   3 123  53   0   0   3    -99    -99  6510  3.570  30462 1  -5.808  0.072   59   3 125  75   0   0  12    -99    -99  6321  3.376  30462 1  
    50540.4860    54793    East         300       0x101ff       1.5286           -6.820  0.154    0   3 100  92   0   0   3    -99    -99  6730  2.630  30462 1  -6.458  0.164  -77   3 118  87   0   0  12    -99    -99  4580  2.581  30462 1  
    50543.5470    54980    East         300       0x101ff       1.9397           -6.609  0.048   62   3 123  48   0   0   3    -99    -99  1956  4.027  30462 1  -5.922  0.058   73   3 127  49   0   0  12    -99    -99  1466  4.071  30462 1  
    50546.6108    55256    East         300       0x001bf       2.6645           -6.540  0.048   68   3 119  68   0   0  -1    -99    -99   -99    -99      0 1  -5.848  0.060   73   3 121  67   0   0  -1    -99    -99   -99    -99      0 1  
    50550.5688    55464    East         300       0x001bf       2.3075           -6.599  0.049   61   3 119  63   0   0   3    -99    -99  2269  3.069  30462 1  -5.894  0.063   74   3 132  65   0   0  12    -99    -99  1568  3.180  30462 1  
    50553.4441    55659    East         300       0x101ff       1.5007           -6.681  0.050   50   3 120  56   0   0   3    -99    -99  4656  3.734  30462 1  -6.065  0.058   61   3 133  69   0   0  12    -99    -99  3795  3.777  30462 1  
    50557.4765    55874    East         300       0x101bf       1.7200           -6.687  0.046   75   3 120  62   0   0   3    -99    -99  6231  3.548  30462 1  -6.015  0.060   76   3 124  80   0   0  12    -99    -99  8903  3.207  30462 1  
    50565.4149    56140    East         300       0x101ff       1.5159           -6.558  0.042   57   3 103  83   0   0   3    -99    -99  2427  2.318  30462 1  -5.825  0.048   65   3 110  85   0   0  12    -99    -99  1517  2.382  30462 1  
    50569.4318    56521    East         300       0x101ff       1.6519           -6.665  0.047   57   3 124  56   0   0   3    -99    -99  3024  3.705  30462 1  -6.043  0.050   77   3 124  64   0   0  12    -99    -99  1864  3.994  30462 1  
    50576.4289    56867    East         300       0x101ff       1.7450           -6.752  0.056   47   3 127  52   0   0   3    -99    -99  2471  6.162  30462 1  -6.044  0.070   53   3 131  51   0   0  12    -99    -99  1700  6.486  30462 1  
    50579.4907    57108    East         300       0x101ff       2.3186           -6.607  0.051   64   3 126  42   0   0   3    -99    -99  1859  4.341  30462 1  -5.920  0.060   75   3 129  45   0   0  12    -99    -99  1427  4.520  30462 1  
    50582.3591    57364    East         300       0x101bf       1.4771           -6.611  0.050   85   3 121  52   0   0   3    -99    -99  4698  4.429  30462 1  -5.902  0.061   93   3 125  73   0   0  12    -99    -99  3698  3.925  30462 1  
    50595.3924    57558    East         300       0x101ff       1.8473           -6.534  0.051   60   3 122  49   0   0   3    -99    -99  3152  3.565  30462 1  -5.777  0.062   75   3 125  57   0   0  12    -99    -99  1876  3.801  30462 1  
    50600.4273    57960    East         300       0x101ff       2.2572           -6.470  0.053   66   3 113  53   0   0   3    -99    -99  4451  3.220  30462 1  -5.711  0.066   70   3 128  65   0   0  12    -99    -99  2010  3.161  30462 1  
    50605.8031    58390    West         300       0x101ff       2.4895           -6.660  0.064   53   3 127  50   0   0   6    -99    -99  3511  6.052  30462 1  -5.923  0.090   75   3 135  58   0   0   8    -99    -99  2384  6.368  30462 1  
    50609.4217    58732    East         300       0x101bf       2.4591           -6.522  0.050   66   3 121  54   0   0   3    -99    -99  3040  3.185  30462 1  -5.722  0.073   77   3 129  69   0   0  12    -99    -99  2644  3.263  30462 1  
    50614.4354    58962    East         300       0x101ff       2.8000           -6.634  0.063   64   3 126  68   0   0   3    -99    -99  5385  5.791  30462 1  -5.999  0.088   74   3 131  81   0   0  12    -99    -99  6497  5.908  30462 1  
    50617.8128    59380    West         300       0x101ff       2.0623           -6.578  0.051   59   3 121  46   0   0   6    -99    -99  3295  3.543  30462 1  -6.066  0.046   70   3 118  61   0   0   8    -99    -99  2282  3.673  30462 1  
    50631.3743    59863    East         300       0x101ff       2.6108           -6.659  0.046   74   3 118  57   0   0   3    -99    -99  4082  3.434  30462 1  -5.980  0.056   77   3 122  57   0   0  12    -99    -99  2111  3.269  30462 1  
    50651.7579    61398    West         300       0x101ff       1.7793           -6.596  0.050   60   3 118  64   0   0   6    -99    -99  8839  2.876  30462 1  -6.210  0.047   73   3 125  74   0   0   8    -99    -99 11773  2.972  30462 1  
    50658.7470    61845    West         300       0x101ff       1.7279           -6.697  0.047   54   3 121  59   0   0   6    -99    -99  3553  3.579  30462 1  -6.186  0.046   55   3 126  50   0   0   8    -99    -99  2332  3.674  30462 1  
    50661.7590    62141    West         300       0x101ff       1.6155           -6.794  0.056   45   3 129  47   0   0   6    -99    -99  3563  5.820  30462 1  -6.407  0.046   63   3 129  61   0   0   8    -99    -99  2136  6.178  30462 1  
    50670.6936    62690    West         300       0x101ff       1.8630           -6.672  0.051   66   3 122  47   0   0   6    -99    -99  3233  3.818  30462 1  -6.306  0.040   82   3 126  49   0   0   8    -99    -99  2124  3.957  30462 1  
    50674.8002    62929    West         300       0x101ff       1.3257           -6.749  0.044   54   3 116  60   0   0   6    -99    -99  2287  3.561  30462 1  -6.269  0.041   65   3 123  59   0   0   8    -99    -99  1791  3.697  30462 1  
    50679.6247    63284    West         300       0x101ff       2.2364           -6.715  0.054   50   3 123  65   0   0   6    -99    -99 11620  3.328  30462 1  -6.230  0.059   70   3 126  81   0   0   8    -99    -99 21143  3.540  30462 1  
    50680.8092    63435    West         300       0x101ff       1.2670           -6.736  0.049   42   3 125  58   0   0   6    -99    -99  5588  3.799  30462 1  -6.317  0.045   16   3 123  78   0   0   8    -99    -99  8809  3.936  30462 1  
    50682.7601    63638    West         300       0x101ff       1.3779           -6.706  0.071   36   3 131  57   0   0   6    -99    -99  5164  5.889  30462 1  -6.229  0.074    0   3 131  80   0   0   8    -99    -99  5833  6.121  30462 1  
    50699.7657    64122    West         300       0x101ff       1.2511           -6.702  0.051   49   3 127  50   0   0   6    -99    -99  2180  4.584  30462 1  -6.121  0.054   34   3 130  63   0   0   8    -99    -99  1860  4.686  30462 1  
    50703.6716    64271    West         300       0x101ff       1.4899           -6.533  0.043   67   3  99  89   0   0   6    -99    -99  6059  2.150  30462 1  -6.007  0.049   66   3 112  83  46   0   8    -99    -99  5265  2.168  30462 1  
    50707.7982    64426    West         300       0x101ff       1.1825           -6.691  0.046   57   3 122  61   0   0   6    -99    -99  5721  3.114  30462 1  -6.040  0.056   60   3 121  72   0   0   8    -99    -99  6986  3.218  30462 1  
    50716.6419    64574    West         300       0x101ff       1.4669           -6.543  0.035   63   3 102  97   0   0   6    -99    -99  2181  2.112  30462 1  -6.002  0.035   79   3  92  92   0   0   8    -99    -99  1926  2.059  30462 1  
    50718.6823    64691    West         300       0x101ff       1.3197           -6.612  0.046   65   3 114  48   0   0   6    -99    -99  1758  3.188  30462 1  -6.132  0.042   68   3 118  60   0   0   8    -99    -99  1894  3.186  30462 1  
    50720.6740    64836    West         300       0x101ff       1.3274           -6.633  0.042   57   3 114  72   0   0   6    -99    -99  2204  2.824  30462 1  -6.088  0.042   65   3 124  73   0   0   8    -99    -99  1938  2.896  30462 1  
    50724.6863    65087    West         300       0x101ff       1.2728           -6.653  0.053   59   3 125  42   0   0   6    -99    -99  1820  5.097  30462 1  -6.109  0.055   74   3 133  67   0   0   8    -99    -99  1799  5.251  30462 1  
    50729.7401    65250    West         300       0x101ff       1.1812           -6.594  0.047   66   3 117  51   0   0   6    -99    -99  1882  3.675  30462 1  -6.063  0.047   77   3 127  57   0   0   8    -99    -99  1592  3.669  30462 1  
    50731.6223    65349    West         300       0x101ff       1.3908           -6.751  0.055   52   3 128  51   0   0   6    -99    -99  3202  5.466  30462 1  -6.197  0.060   62   3 131  62   0   0   8    -99    -99  3229  5.689  30462 1  
    50732.7271    65444    West         300       0x101ff       1.1848           -6.744  0.046   56   3 122  53   0   0   6    -99    -99  1864  5.010  30462 1  -6.182  0.050   70   3 129  69   0   0   8    -99    -99  1647  5.277  30462 1  
    50734.5981    65557    West         300       0x101ff       1.4465           -6.622  0.051   53   3 119  60   0   0   6    -99    -99  6224  3.330  30462 1  -6.173  0.051   55   3 126  74   0   0   8    -99    -99 10046  3.429  30462 1  
    50735.7562    65654    West         300       0x101ff       1.1678           -6.621  0.090   45   3 132  55   0   0   6    -99    -99  4619  7.167  30462 1  -6.452  0.080   26   3 130  84   0   0   8    -99    -99  6395  7.620  30462 1  
    50741.7032    65984    West         300       0x101ff       1.1842           -6.619  0.056   58   3 126  51   0   0   6    -99    -99  4236  4.717  30462 1  -6.098  0.058   45   3 130  71   0   0   8    -99    -99  3445  4.846  30462 1  
    50744.5278    66108    West         300       0x101ff       1.6398           -6.607  0.044   57   3 120  63   0   0   6    -99    -99  2877  2.779  30462 1  -6.107  0.042   67   3 120  60   0   0   8    -99    -99  2490  2.820  30462 1  
    50745.7533    66222    West         300       0x101ff       1.1701           -6.566  0.037   57   3 105  91   0   0   6    -99    -99  3209  2.163  30462 1  -5.898  0.045   64   3 110  86   0   0   8    -99    -99  3330  2.131  30462 1  
    50747.7428    66327    West         300       0x101ff       1.1688           -6.698  0.045   60   3 121  54   0   0   6    -99    -99  1793  3.802  30462 1  -6.038  0.053   67   3 132  69   0   0   8    -99    -99  1829  3.773  30462 1  
    50759.7307    66423    West         300       0x101af       1.1768           -6.683  0.048   68   3 126  47   0   0   6    -99    -99  2381  4.155  30462 1  -6.076  0.050   68   3 134  51   0   0   8    -99    -99  1740  4.081  30462 1  
    50768.6865    66529    West         300       0x101bb       1.1688           -6.689  0.049   58   3 125  45   0   0   6    -99    -99  7486  3.843  30462 1  -5.989  0.063   27   3 134  53   0   0   8    -99    -99  6562  3.941  30462 1  
    50770.7071    66639    West         300       0x101bf       1.1811           -6.692  0.046   62   3 123  45   0   0   6    -99    -99  4548  3.448  30462 1  -6.052  0.050   71   3 129  62   0   0   8    -99    -99  4058  3.469  30462 1  
    50775.5624    66765    West         300       0x101bf       1.2438           -6.792  0.049    0   3 125  89   0   0   6    -99    -99  2471  4.340  30462 1  -6.277  0.046  -37   3 131  89 106   0   8    -99    -99  2449  3.963  30462 1  
    50777.6406    66886    West         300       0x100bf       1.1679           -6.729  0.041   52   3 116  71   0   0   6    -99    -99  2136  2.957  30462 1  -6.143  0.043   57   3 116  59   0   0   8    -99    -99  1768  3.024  30462 1  
    50784.6778    66988    West         300       0x101ff       1.1881           -6.716  0.046   58   3 125  50   0   0   6    -99    -99  2079  3.820  30462 1  -6.028  0.055   63   3 132  60  52  31   8    -99    -99  1448  3.781  30462 1  
    50793.6200    67091    West         300       0x101ff       1.1694           -6.615  0.040   52   3 102  84   0   0   6    -99    -99  6787  2.305  30462 1  -5.966  0.045   68   3 103  85   0   0   8    -99    -99  7652  2.284  30462 1  
    50796.7166    67177    West         300       0x101ff       1.3021           -6.690  0.052   54   3 119  61   0   0   6    -99    -99 11801  3.862  30462 1  -6.080  0.059   28   3 131  70   0   0   8    -99    -99 10543  3.911  30462 1  
    50802.6623    67322    West         300       0x101ff       1.2284           -6.761  0.057   63   3 120  81   0   0   6    -99    -99  9203  3.551  30462 1  -6.134  0.064   47   3 126  79   0   0   8    -99    -99  6628  3.465  30462 1  
    50804.6560    67417    West         300       0x101ff       1.2272           -6.699  0.045   47   3 121  52   0   0   6    -99    -99  2674  3.647  30462 1  -6.019  0.053   50   3 132  59   0   0   8    -99    -99  2347  3.705  30462 1  
    50809.4987    67519    West         300       0x101ff       1.2021           -6.710  0.065   47   3 124  67   0   0   6    -99    -99  4841  3.301  30462 1  -6.034  0.079   62   3 129  90   0   0   8    -99    -99  3691  3.347  30462 1  
    50812.6389    67622    West         300       0x101ff       1.2347           -6.591  0.047   60   3 114  52   0   0   6    -99    -99  2525  2.968  30462 1  -5.965  0.052   74   3 124  50  84   0   8    -99    -99  1928  2.891  30462 1  
    50818.6912    67730    East         300       0x101ff       1.4017           -6.596  0.049   57   3 123  51   0   0   3    -99    -99  2779  3.442  30462 1  -5.971  0.051   48   3 124  48   0   0  12    -99    -99  1563  3.370  30462 1  
    50830.5998    67852    East         300       0x101ff       1.2524           -6.605  0.053   57   3 124  46   0   0   3    -99    -99  3438  4.345  30462 1  -6.023  0.060   60   3 132  58   0   0  12    -99    -99  4370  4.560  30462 1  
    50834.6433    67953    East         300       0x101ff       1.3882           -6.609  0.043   63   3 108  67   0   0   3    -99    -99  2328  2.891  30462 1  -5.910  0.049   66   3 116  82   0   0  12    -99    -99  1952  2.676  30462 1  
    50836.6605    68051    East         300       0x101ff       1.4691           -6.625  0.048   55   3 123  49   0   0   3    -99    -99  2250  3.394  30462 1  -6.058  0.049   55   3 125  61   0   0  12    -99    -99  1427  3.410  30462 1  
    50840.6510    68156    East         300       0x101ff       1.4743           -6.644  0.044   51   3 120  74   0   0   3    -99    -99  1969  2.692  30462 1  -5.975  0.047   57   3 108  66   0   0  12    -99    -99  1292  2.686  30462 1  
    50842.7271    68274    East         300       0x101ff       1.9359           -6.600  0.054   60   3 127  53   0   0   3    -99    -99  3120  3.256  30462 1  -6.000  0.056   71   3 124  70   0   0  12    -99    -99  1609  3.215  30462 1  
    50845.6694    68375    East         300       0x101ff       1.6215           -6.593  0.048   59   3 119  75   0   0   3    -99    -99  2360  2.599  30462 1  -5.948  0.052   66   3 127  77   0   0  12    -99    -99  1569  2.627  30462 1  
    50852.5205    68492    East         300       0x101ff       1.2206           -6.574  0.052   55   3 121  69   0   0   3    -99    -99  8388  2.942  30462 1  -6.067  0.050   54   3 123  77   0   0  12    -99    -99  7358  2.903  30462 1  
    50859.5449    68580    East         300       0x000ff       1.3037           -6.781  0.046   55   3 123  59   0   0   3    -99    -99  5349  4.245  30462 1  -6.270  0.054   67   3 133  77   0   0  12    -99    -99  6025  4.468  30462 1  
    50861.6992    68688    East         300       0x101ff       2.1386           -6.665  0.049   60   3 124  51   0   0   3    -99    -99  4320  3.200  30462 1  -6.037  0.059   70   3 132  64   0   0  12    -99    -99  4528  3.176  30462 1  
    50863.6115    68807    East         300       0x1017f       1.5779           -6.817  0.049   37   3 127  56   0   0   3    -99    -99  3115  5.302  30462 1  -6.372  0.047   43   3 131  73   0   0  12    -99    -99  2204  5.590  30462 1  
    50865.6312    68927    East         300       0x101ff       1.7124           -6.633  0.047   56   3 117  54   0   0   3    -99    -99  2156  2.934  30462 1  -6.077  0.050   61   3 121  58   0   0  12    -99    -99  1479  3.013  30462 1  
    50867.6193    69034    East         300       0x101ff       1.6754           -6.790  0.046   51   3 128  59   0   0   3    -99    -99  2646  3.900  30462 1  -6.115  0.058   50   3 135  55   0   0  12    -99    -99  1873  3.710  30462 1  
    50869.6497    69166    East         300       0x101ff       1.9099           -6.658  0.054   56   3 121  62   0   0   3    -99    -99  2608  3.042  30462 1  -6.130  0.059   65   3 123  77   0   0  12    -99    -99  1923  3.107  30462 1  
    50874.6442    69331    East         300       0x101ff       1.9720           -6.746  0.047   58   3 126  48   0   0   3    -99    -99  2171  3.495  30462 1  -6.167  0.054   68   3 136  57   0   0  12    -99    -99  1446  3.696  30462 1  
    50878.5651    69462    East         300       0x101ff       1.5517           -6.744  0.071   57   3 127  79   0   0   3    -99    -99  6689  3.671  30462 1  -6.056  0.093   73   3 131  82   0   0  12    -99    -99  4288  3.659  30462 1  
    50880.6900    69557    East         300       0x101ff       2.5955           -6.895  0.042   56   3 127  50   0   0   3    -99    -99  2842  4.837  30462 1  -6.312  0.048   71   3 134  60   0   0  12    -99    -99  1713  5.037  30462 1  
    50882.5515    69684    East         300       0x101ff       1.5395           -6.672  0.051   55   3 124  60   0   0   3    -99    -99  6899  3.185  30462 1  -6.054  0.061   64   3 132  68   0   0  12    -99    -99  8561  3.249  30462 1  
    50884.6851    69847    East         300       0x101ff       2.6709           -6.796  0.051   64   3 126  73   0   0   3    -99    -99 15084  3.805  30462 1  -6.213  0.076   84   3 136  79   0   0  12    -99    -99 25379  4.206  30462 1  
    50908.4483    70080    East         300       0x001af       1.4125           -6.496  0.051   39   3 110 215  87   0   3    -99    -99  4486  2.231  30462 1  -5.797  0.045   75   3 109  93   0   0  12    -99    -99  3921  2.144  30462 1  
    50910.5044    70293    East         300       0x101ff       1.6907           -6.544  0.063   -9   3 122 164   0   0   3    -99    -99  6967  3.079  30462 1  -5.904  0.065   67   3 128  78   0   0  12    -99    -99  7585  3.254  30462 1  
    50933.4557    70982    East         300       0x101ff       1.7773           -6.249  0.085   81   3 123 176   1   0   3    -99    -99  3858  3.226  30462 1  -5.943  0.056   68   3 125  58   0   0  12    -99    -99  2077  3.134  30462 1  
    50942.4328    71229    East         300       0x001bf       1.7886           -6.308  0.076   76   3 128 197   1   0   3    -99    -99  8448  3.173  30462 1  -5.969  0.066   59   3 128  65   0   0  12    -99    -99 10634  3.182  30462 1  
    50952.3974    71546    East         300       0x101ff       1.7375           -6.553  0.065    0   3 128 152   0   0   3    -99    -99  3576  3.265  30462 1  -5.989  0.054   72   3 126  64   0   0  12    -99    -99  1966  3.219  30462 1  
    50960.8082    72128    West         300       0x101ff       2.7606           -6.702  0.230   64   3 125  84   0   0   6    -99    -99  4640  8.392  30462 1     -99    -99  999 999 999 999 999 999  -1    -99    -99   -99    -99      0 0  
    50973.3841    72645    East         300       0x101ff       2.0596           -6.997  0.023    0   3  95 200   0   0   3    -99    -99 13833  2.913  30462 1  -5.875  0.066   73   3 116  76   0   0  12    -99    -99 11821  2.965  30462 1  
    50981.3493    73063    East         300       0x101ff       1.9539           -6.631  0.057  -32   3 118 164   0   0   3    -99    -99  4176  2.884  30462 1  -5.888  0.058   70   3 119  70   0   0  12    -99    -99  2386  2.928  30462 1  
    50991.3571    73459    East         300       0x101ff       2.2672           -6.795  0.054   42   3 127 148  18   0   3    -99    -99  3530  3.749  30462 1  -6.056  0.053   75   3 124  69   0   0  12    -99    -99  2002  3.859  30462 1  
    50995.8301    73783    West         300       0x101ff       1.6871           -6.629  0.056   59   3 126  59   0   0   6    -99    -99  3176  4.402  30462 1  -6.183  0.047   56   3 127  48   0   0   8    -99    -99  2253  4.394  30462 1  
    51004.7836    74311    West         300       0x101ff       1.8239           -6.631  0.054   69   3 125  85   0   0   6    -99    -99 11167  3.137  30462 1  -6.218  0.046   78   3 118  77   0   0   8    -99    -99 12830  3.079  30462 1  
    51028.7234    75208    West         300       0x101ff       1.7882           -6.794  0.052   71   3 123  84   0   0   6    -99    -99  4990  4.886  30462 1  -6.332  0.055   82   3 128  73   0   0   8    -99    -99  4182  4.920  30462 1  
    51034.7150    75367    West         300       0x101ff       1.7377           -6.633  0.040   61   3 101  92   0   0   6    -99    -99  9299  2.318  30462 1  -6.049  0.048   84   3 117  90   0   0   8    -99    -99 14370  2.305  30462 1  
    51049.7415    75741    West         300       0x101ff       1.4197           -6.588  0.050   61   3 116  64   0   0   6    -99    -99  2895  2.952  30462 1  -6.104  0.046   65   3 116  70   0   0   8    -99    -99  2368  2.914  30462 1  
    51056.6410    76176    West         300       0x101ff       1.8275           -6.656  0.043   63   3 111  78   0   0   6    -99    -99  4389  2.894  30462 1  -6.125  0.044   75   3 116  66   0   0   8    -99    -99  3464  2.991  30462 1  
    51061.6915    76397    West         300       0x101ff       1.4846           -6.765  0.043   59   3 116  83   0   0   6    -99    -99  9698  3.584  30462 1  -6.172  0.057   74   3 125  79   0   0   8    -99    -99 15660  3.692  30462 1  
    51072.6861    76664    West         300       0x101ff       1.3944           -6.643  0.047   56   3 114  67   0   0   6    -99    -99  2598  3.321  30462 1  -6.127  0.046   63   3 125  70   0   0   8    -99    -99  2139  3.314  30462 1  
    51084.5721    76982    West         300       0x101ff       1.7765           -6.525  0.075   61   3 130  59   0   0   6    -99    -99  3527  5.537  30462 1  -6.116  0.071   71   3 133  70   0   0   8    -99    -99  3144  5.754  30462 1  
    51086.5741    77113    West         300       0x000bf       1.7305           -6.672  0.046   77   3 122  65   0   0   6    -99    -99  5150  3.329  30462 1  -6.232  0.041   82   3 126  70   0   0   8    -99    -99  5073  3.199  30462 1  
    51089.5925    77275    West         300       0x101ff       1.5842           -6.614  0.066   23   3 127  67   0   0   6    -99    -99  7492  4.312  30462 1  -5.906  0.087   78   3 128 102   0   0   8    -99    -99 11508  4.322  30462 1  
    51099.5544    77422    West         300       0x101ff       1.6398           -7.027  0.119   12   3 127  79   0   0   6    -99    -99  2837 10.689  30462 1  -6.584  0.154  -51   3 132  89   0   0   8    -99    -99  2435 10.602  30462 1  
    51101.5566    77542    West         300       0x101ff       1.6002           -6.699  0.039   63   3 113  80   0   0   6    -99    -99  2798  3.162  30462 1  -6.163  0.042   90   3 120  82   0   0   8    -99    -99  2218  3.378  30462 1  
    51106.5673    77708    West         300       0x101ff       1.4894           -6.618  0.072   35   3 127  49   0   0   6    -99    -99  3117  6.534  30462 1  -6.333  0.062   24   3 131  70   0   0   8    -99    -99  2241  6.742  30462 1  
    51109.7232    77865    West         300       0x101ff       1.1693           -6.689  0.041   61   3 111  65   0   0   6    -99    -99  2507  3.356  30462 1  -6.077  0.046   69   3 124  62   0   0   8    -99    -99  1510  3.284  30462 1  
    51112.6073    78004    West         300       0x101ff       1.3076           -6.697  0.050   60   3 127  45   0   0   6    -99    -99  2193  4.321  30462 1  -6.121  0.050   75   3 125  58   0   0   8    -99    -99  2092  4.468  30462 1  
    51114.6771    78132    West         300       0x101ff       1.1870           -6.692  0.046   78   3 121  69   0   0   6    -99    -99  2891  3.469  30462 1  -6.089  0.048   94   3 121  73   0   0   8    -99    -99  2389  3.085  30462 1  
    51119.6461    78254    West         300       0x101ff       1.2045           -6.496  0.040   35   3 105  96   0   0   6    -99    -99  6871  2.191  30462 1  -5.833  0.052   77   3 106  95   0   0   8    -99    -99 10307  2.164  30462 1  
    51131.5144    78398    West         300       0x101ff       1.4305           -6.521  0.049   65   3 114  78   0   0   6    -99    -99  3644  2.770  30462 1  -6.028  0.046   85   3 122  75   0   0   8    -99    -99  2696  2.658  30462 1  
    51136.6247    78507    West         300       0x101ff       1.1812           -6.591  0.044   62   3 111  77   0   0   6    -99    -99  2115  2.957  30462 1  -5.973  0.044   73   3 124  85   0   0   8    -99    -99  1459  2.769  30462 1  
    51136.6821    78520    West         300       0x101ff       1.1703           -6.561  0.049   54   3 120  48   0   0   6    -99    -99  2124  3.246  30462 1  -6.030  0.046   59   3 118  58 137   0   8    -99    -99  1343  3.218  30462 1  
    51141.5422    78616    West         300       0x101ff       1.2756           -6.546  0.050   63   3 115  61   0   0   6    -99    -99  2111  3.261  30462 1  -5.977  0.049   78   3 122  57 173   0   8    -99    -99  1782  3.421  30462 1  
    51147.6714    78742    West         300       0x101ff       1.1797           -6.602  0.041   55   3 110  78   0   0   6    -99    -99  4276  2.513  30462 1  -5.953  0.048   79   3 119  77   0   0   8    -99    -99  4724  2.439  30462 1  
    51157.5575    78906    West         300       0x101ff       1.1890           -6.626  0.052   58   3 126  50   0   0   6    -99    -99  2543  3.986  30462 1  -6.093  0.050   76   3 124  61   0   0   8    -99    -99  1997  4.127  30462 1  
    51167.6766    79046    East         300       0x101ff       1.2537           -6.880  0.036   31   3 114 153   0   0   3    -99    -99  1867  4.277  30462 1  -6.032  0.058   51   3 131  62   0   0  12    -99    -99  1431  4.332  30462 1  
    51171.6028    79161    East         300       0x101ff       1.1771           -6.607  0.040   65   3 103 132   0   0   3    -99    -99  1653  2.054  30462 1  -5.899  0.033   75   3 100 105   0   0  12    -99    -99  1345  1.921  30462 1  
    51176.5937    79273    East         300       0x101ff       1.1802           -5.978  0.130   60   3 137 161  68   0   3    -99    -99  4570  3.323  30462 1  -5.999  0.056   47   3 123  63   0   0  12    -99    -99  4258  3.304  30462 1  
    51180.6343    79366    East         300       0x101ff       1.2418           -7.066  0.023  -76   3  98 192   0   0   3    -99    -99 15016  2.690  30462 1  -5.933  0.060   53   3 124  86   0   0  12    -99    -99 12169  2.648  30462 1  
    51183.5219    79488    West         300       0x101ff       1.1692              -99    -99  999 999 999 999 999 999  -1    -99    -99   -99    -99      0 0  -5.956  0.052   86   3 119  64   0   0   8    -99    -99  4016  3.315  30462 1  
    51184.7345    79579    East         300       0x101ff       1.5941           -6.546  0.050   34   3 121 212  93   0   3    -99    -99  5443  3.322  30462 1  -5.810  0.072   69   3 125  70   0   0  12    -99    -99  6218  3.255  30462 1  
    51189.7466    79678    East         300       0x101ff       1.7366           -6.507  0.051   80   3 108 191   0   0   3    -99    -99 10883  3.066  30462 1  -5.812  0.073   44   3 119  78   0   0  12    -99    -99  8006  3.031  30462 1  
    51195.5790    79767    East         300       0x101ff       1.2193           -6.671  0.025   60   3  92 183   0   0   3    -99    -99  2176  2.372  30462 1  -5.897  0.043   64   3 120  80   0   0  12    -99    -99  1567  2.323  30462 1  
    51206.6872    79857    East         300       0x101ff       1.6609           -6.464  0.053   74   3 114 129   0   0   3    -99    -99  2504  2.804  30462 1  -5.899  0.051   76   3 111  69   0   0  12    -99    -99  1516  2.689  30462 1  
    51214.7350    79974    East         300       0x101ff       2.1708              -99    -99  999 999 999 999 999 999  -1    -99    -99   -99    -99      0 0  -5.949  0.059   73   3 128  63   0   0  12    -99    -99  6755  3.122  30462 1  
    51223.7038    80063    East         300       0x101ff       2.1111           -6.685  0.046    0   3 119 216  31   0   3    -99    -99  3469  3.527  30462 1  -5.932  0.054   78   3 129  54   0   0  12    -99    -99  1918  3.400  30462 1  
    51227.6325    80170    East         300       0x101ff       1.6771           -6.660  0.051   35   3 123 150   0   0   3    -99    -99  2570  4.092  30462 1  -5.919  0.058   47   3 131  51   0   0  12    -99    -99  1677  4.011  30462 1  
    51231.7086    80358    East         300       0x101ff       2.3757           -6.526  0.042   78   3 114 153   0   0   3    -99    -99  3047  3.546  30462 1  -5.911  0.055   65   3 126  59   0   0  12    -99    -99  1658  3.411  30462 1  
    51241.5032    80498    East         300       0x101ff       1.3172           -6.881  0.026   54   3  97 212   1   0   3    -99    -99  6954  2.765  30462 1  -5.763  0.056   71   3 109  73   0   0  12    -99    -99  9296  2.518  30462 1  
    51241.6481    80528    East         300       0x101ff       2.0555           -7.129  0.022   36   3  97 166   0   0   3    -99    -99  9015  3.691  30462 1  -5.785  0.081   75   3 131  76   0   0  12    -99    -99 13111  3.595  30462 1  
    51246.6121    80702    East         300       0x101fb       1.8796           -6.601  0.052   31   3 123 146   1   0   3    -99    -99  3440  3.019  30462 1  -5.789  0.056   71   3 126  63   0   0  12    -99    -99  2748  2.850  30462 1  
    51249.5368    80819    East         300       0x101ff       1.5018           -6.687  0.032   59   3 106 121   0   0   3    -99    -99  2358  2.720  30462 1  -5.855  0.049   63   3 116  75   0   0  12    -99    -99  1661  2.649  30462 1  
    51251.4596    80986    East         300       0x101ff       1.2789           -6.533  0.043   79   3 118 144   0   0   3    -99    -99  2613  3.661  30462 1  -5.958  0.049   75   3 122  64   0   0  12    -99    -99  1781  3.624  30462 1  
    51260.4626    81205    East         300       0x101ff       1.3474           -6.852  0.020   38   3  82 182  16   0   3    -99    -99  2939  2.662  30462 1  -5.838  0.052   57   3 120  69   0   0  12    -99    -99  2025  2.618  30462 1  
    51265.5344    81389    East         300       0x101ff       1.7098              -99    -99  999 999 999 999 999 999  -1    -99    -99   -99    -99      0 0  -6.127  0.069   57   3 131  72   0   0  12    -99    -99  7879  5.683  30462 1  
    51278.3845    81590    East         300       0x101bf       1.2763           -6.560  0.071   24   3 111 109   0   0   2    -99    -99  6219  2.551  30462 1  -5.982  0.082   89   3 106  87   0   0  12    -99    -99  3886  2.556  30462 1  
    51281.5257    81922    East         300       0x101ff       1.9476           -6.599  0.064   66   3 124  72   0   0   2    -99    -99  2664  6.193  30462 1  -6.130  0.068   58   3 128  75   0   0  12    -99    -99  2025  6.326  30462 1  
    51287.4446    82299    East         300       0x101ff       1.5543           -6.555  0.053   49   3 120  49   0   0   2    -99    -99  2212  4.522  30462 1  -6.006  0.055   63   3 131  54   0   0  12    -99    -99  1651  4.658  30462 1  
    51293.3915    82925    East         300       0x101ff       1.4070           -6.569  0.060  -20   3 105 125   0   0   2    -99    -99 15487  2.382  30462 1  -5.944  0.073   89   3 104  94   0   0  12    -99    -99 12480  2.317  30462 1  
    51299.4981    83215    East         300       0x101ff       2.1308           -6.912  0.077  -96   3 110 133   0   0   2    -99    -99 30761  3.328  30462 1  -6.036  0.140   27   3 117  96   0   0  12    -99    -99 26292  3.336  30462 1  
    51302.3964    83511    East         300       0x101ff       1.5212           -6.479  0.051   63   3 121  64   0   0   2    -99    -99  3152  2.800  30462 1  -5.791  0.057   74   3 118  67   0   0  12    -99    -99  2137  2.852  30462 1  
    51305.3807    83830    East         300       0x101ff       1.4892           -6.597  0.060   68   3 107  87   0   0   2    -99    -99  6111  2.835  30462 1  -5.819  0.077   70   3 106  94   0   0  12    -99    -99  4064  2.879  30462 1  
    51308.3797    83978    East         300       0x101ff       1.5199           -6.495  0.047   57   3 117  73   0   0   2    -99    -99  2742  2.600  30462 1  -5.779  0.052   64   3 116  75   0   0  12    -99    -99  1864  2.604  30462 1  
    51315.4022    84527    East         300       0x101ff       1.7364           -6.495  0.046   64   3 100  84   0   0   2    -99    -99  4232  2.369  30462 1  -5.722  0.056   78   3 119  74   0   0  12    -99    -99  2242  2.394  30462 1  
    51319.4420    84949    East         300       0x101ff       2.0860           -6.527  0.060   59   3 110  80   0   0   2    -99    -99  7213  3.099  30462 1  -5.754  0.089   65   3 128  81   0   0  12    -99    -99  5212  3.146  30462 1  
    51330.3813    85357    East         300       0x101ff       1.8705           -6.471  0.042   65   3 106  81   0   0   2    -99    -99  6821  2.134  30462 1  -5.682  0.051   71   3 112  95   0   0  12    -99    -99  4844  2.070  30462 1  
    51344.3711    85954    East         300       0x101ff       2.0942           -6.980  0.101  -48   3 127  82   0   0   2    -99    -99  3364  9.029  30462 1  -6.526  0.112  -72   3 130  88   0   0  12    -99    -99  2323  9.501  30462 1  
    51355.3840    86889    East         300       0x101ff       2.5396           -6.673  0.062   39   3 124  72   0   0   2    -99    -99 12164  4.438  30462 1  -6.025  0.077   55   3 129  77   0   0  12    -99    -99 11005  4.566  30462 1  
    51381.7511    88142    West         300       0x001bf       1.8191              -99    -99  999 999 999 999 999 999  -1    -99    -99   -99    -99      0 0  -6.354  0.048   73   3 133  61   0   0   8    -99    -99  2237  5.816  30462 1  
    51392.7008    89024    West         300       0x101ff       1.9663           -6.810  0.044   72   3 126  59   0   0   6    -99    -99  6163  4.348  30462 1  -6.319  0.047   87   3 133  73   0   0   8    -99    -99  7141  4.345  30462 1  
    51395.7455    89375    West         300       0x101ff       1.6247           -7.019  0.047  -52   3 126 111   0   0   6    -99    -99  4758  5.023  30462 1  -6.565  0.043  -66   3 124  93   0   0   8    -99    -99  3323  5.408  30462 1  
    51405.7618    89960    West         300       0x101ff       1.4338           -6.780  0.043   59   3 128  44   0   0   6    -99    -99  2532  3.836  30462 1  -6.278  0.040   73   3 125  61   0   0   8    -99    -99  2405  3.914  30462 1  
    51408.7507    90231    West         300       0x101ff       1.4445           -6.770  0.043   71   3 125  55   0   0   6    -99    -99  2800  3.926  30462 1  -6.327  0.038   84   3 125  62   0   0   8    -99    -99  2365  3.879  30462 1  
    51411.7780    90477    West         300       0x101ff       1.3314           -6.733  0.046   63   3 124  51   0   0   6    -99    -99  3177  4.089  30462 1  -6.295  0.039   78   3 127  65   0   0   8    -99    -99  2327  4.166  30462 1  
    51420.6925    91062    West         300       0x101ff       1.5496           -6.615  0.042   71   3 100  71   0   0   6    -99    -99  6712  2.584  30462 1  -6.161  0.041   71   3 111  85   0   0   8    -99    -99  8457  2.553  30462 1  
    51423.7333    91257    West         300       0x101ff       1.3652           -6.623  0.040   60   3 108  85   0   0   6    -99    -99  4710  2.546  30462 1  -6.109  0.039   63   3 114  89   0   0   8    -99    -99  3624  2.583  30462 1  
    51431.7106    91632    West         300       0x101ff       1.3681           -6.685  0.050   69   3 125  57   0   0   6    -99    -99  2506  5.271  30462 1  -6.083  0.050   80   3 127  66   0   0   8    -99    -99  2119  5.304  30462 1  
    51434.7024    91953    West         300       0x101ff       1.3677           -6.587  0.038   54   3 109  77   0   0   6    -99    -99  2717  2.443  30462 1  -5.992  0.040   60   3 118  77   0   0   8    -99    -99  2539  2.488  30462 1  
    51439.6782    92131    West         300       0x101ff       1.4016           -6.636  0.046   64   3 117  62  32   6   6    -99    -99  2456  4.066  30462 1  -5.982  0.051   76   3 126  60   0   0   8    -99    -99  2249  4.071  30462 1  
    51440.7765    92232    West         300       0x101ff       1.1933           -6.552  0.045   60   3 109  63   0   0   6    -99    -99  2376  2.770  30462 1  -5.956  0.040   68   3 121  74   0   0   8    -99    -99  2073  2.697  30462 1  
    51449.6783    92463    West         300       0x101ff       1.3208           -6.497  0.040   59   3 106  78   0   0   6    -99    -99  8958  2.235  30462 1  -5.860  0.046   50   3 114  92   0   0   8    -99    -99  8917  2.197  30462 1  
    51458.7422    92627    West         300       0x101ff       1.1810           -6.538  0.039   36   3  98  90   0   0   6    -99    -99  2842  2.434  30462 1  -5.874  0.039   32   3 110  95   0   0   8    -99    -99  1994  2.361  30462 1  
    51463.5650    92759    West         300       0x101ff       1.5978           -6.468  0.043   72   3 114  66   0   0   6    -99    -99  3080  2.977  30462 1  -5.846  0.045   88   3 109  78   0   0   8    -99    -99  2845  2.878  30462 1  
    51470.6410    92942    West         300       0x101ff       1.2740           -6.606  0.051   51   3 121  71   0   0   6    -99    -99  3259  5.446  30462 1  -5.830  0.069   64   3 127  69   0   0   8    -99    -99  3532  5.471  30462 1  
    51472.5845    93077    West         300       0x101ff       1.4134           -6.589  0.056   63   3 125  72   0   0   6    -99    -99  5609  4.905  30462 1  -5.792  0.077   72   3 123  69   0   0   8    -99    -99  8547  4.912  30462 1  
    51477.6539    93174    West         300       0x101ff       1.2187           -6.411  0.058   51   3 119  68   0   0   6    -99    -99  9775  3.924  30462 1  -5.804  0.077  -46   3 255  70 198   0   8    -99    -99  9686  4.067  30462 1  
    51479.5122    93269    West         300       0x101ff       1.6445           -6.459  0.048   70   3 114  61   0   0   6    -99    -99  3878  3.765  30462 1  -5.845  0.051   79   3 122  64   0   0   8    -99    -99  2862  3.756  30462 1  
    51484.5295    93393    West         300       0x101ff       1.4977           -6.460  0.057   49   3 121  43   0   0   6    -99    -99  2822  4.122  30462 1  -5.808  0.062   59   3 125  48   0   0   8    -99    -99  2237  4.236  30462 1  
    51489.5063    93524    West         300       0x101fb       1.5389           -6.496  0.056   63   3 122  60   0   0   6    -99    -99  2903  4.528  30462 1  -5.861  0.058   75   3 125  58   0   0   8    -99    -99  2296  4.587  30462 1  
    51492.5527    93629    West         300       0x1017f       1.3422           -6.449  0.055   56   3 118  46   0   0   6    -99    -99  2466  4.006  30462 1  -5.805  0.056   72   3 122  51   0   0   8    -99    -99  2186  4.051  30462 1  
    51494.6281    93734    West         300       0x101ff       1.1942           -6.482  0.039   59   3 109  76   0   0   6    -99    -99  2286  2.650  30462 1  -5.751  0.045   65   3  98  76   0   0   8    -99    -99  2159  2.549  30462 1  
    51509.4855    93950    West         300       0x101ff       1.4061           -6.389  0.060   62   3 115  73   0   0   6    -99    -99  4100  4.163  30462 1  -5.590  0.083   48   3 125  69   0   0   8    -99    -99  3121  4.349  30462 1  
    51512.6321    94044    West         300       0x101ff       1.1675           -6.392  0.040   28   3 106  94   0   0   6    -99    -99  2514  2.375  30462 1  -5.566  0.050    0   3 101  98   0   0   8    -99    -99  2180  2.238  30462 1  
    51513.7356    94132    West         300       0x101ff       1.2682           -6.263  0.060   60   3 112  80   0   0   6    -99    -99 12929  3.066  30462 1  -5.591  0.069    0   3 111  79   0   0   8    -99    -99 11740  2.936  30462 1  
    51515.5865    94229    West         300       0x101ff       1.1810           -6.420  0.055   60   3 120  37   0   0   6    -99    -99  1822  5.008  30462 1  -5.630  0.072   58   3 125  39   0   0   8    -99    -99  1601  5.016  30462 1  
    51526.6927    94439    East         300       0x101ff       1.2538              -99    -99  999 999 999 999 999 999  -1    -99    -99   -99    -99      0 0  -5.744  0.198   72   3 105  90   0   0  12    -99    -99  4166  2.800  30462 1  
    51532.6103    94536    West         300       0x000ff       1.1762           -6.483  0.055    0   3 121  74   0   0   6    -99    -99  6817  3.046  30462 1  -5.676  0.076  -15   3 120  75   0   0   8    -99    -99  7066  3.161  30462 1  
    51541.7332    94660    East         300       0x101ff       1.4906              -99    -99  999 999 999 999 999 999  -1    -99    -99   -99    -99      0 0  -5.929  0.056   75   3 126  62   0   0  12    -99    -99  4492  3.319  30462 1  
    51546.6087    94746    East         300       0x101ff       1.2082              -99    -99  999 999 999 999 999 999  -1    -99    -99   -99    -99      0 0  -5.947  0.047   76   3 112  62   0   0  12    -99    -99  1826  2.881  30462 1  
