!  Star 70.11469.103                       RA  05 50 33.474   DEC  -66 36 53.48
#  266 observations from the production databases
#  Field inception date: 50453.0417
#  Pixel coordinate system: none
#
#  Template         magnitude        chip coordinates        west-chunk
#     Red:            -5.931          640.61,  882.24             41
#    Blue:            -5.326          639.00,  899.01             57
#
!         Date    Obsid    Pier    Exposure     Checklist      Airmass             rMag   rErr  rDS rTF rCP rX2 rMP rCR  rA  rXpix  rYpix  rSky  rFWHM  rTobs r    bMag   bErr  bDS bTF bCP bX2 bMP bCR  bA  bXpix  bYpix  bSky  bFWHM  bTobs b  
    49006.5923     2876    West         300       0x101bf       1.2506           -5.870  0.097   72   2 130  31   0   0   6    -99    -99  1532  4.074  30462 1  -5.109  0.105   66   2 126  65   0   0   8    -99    -99  1354  3.890  30462 1  
    49021.7571     3307    East         300       0x101bf       2.3331           -5.862  0.118   61   2 132  69   0   0   2    -99    -99  4405  5.530  30462 1  -5.225  0.112   72   2 129  70   0   0  12    -99    -99  2325  5.379  30462 1  
    49042.6952     3667    East         300       0x101bf       2.2857           -5.895  0.090   60   2 124  65   0   0   2    -99    -99  2767  3.369  30462 1  -5.090  0.148   59   2 123  47 223   0  12    -99    -99  1880  3.452  30462 1  
    49059.6241     4159    East         300       0x101bf       2.0527           -5.887  0.106   72   2 129  69   0   0   2    -99    -99  5690  3.953  30462 1  -5.158  0.111   69   2 117  86   0   0  12    -99    -99  5815  3.709  30462 1  
    49094.6004     5334    East         300       0x101bf       2.8453           -5.876  0.088   75   2 117  68   0   0   2    -99    -99  3154  2.826  30462 1  -5.161  0.092   83   2 108  75   0   0  12    -99    -99  2495  2.781  30462 1  
    49117.5299     6576    East         300       0x101bf       2.7342           -5.750  0.146   76   2 130  69   0   0   2    -99    -99  8061  5.273  30462 1  -5.306  0.131   82   2 123  72   0   0  12    -99    -99  6743  5.385  30462 1  
    49124.4869     7054    East         300       0x101bf       2.4426           -5.845  0.110   79   2 132  61   0   0   2    -99    -99  3348  4.792  30462 1  -5.175  0.116   82   2 129  71   0   0  12    -99    -99  2208  4.942  30462 1  
    49127.5155     7384    East         300       0x100af       2.9133              -99    -99  999 999 999 999 999 999  -1    -99    -99   -99    -99      0 0     -99    -99  999 999 999 999 999 999  -1    -99    -99   -99    -99      0 0  
    49146.4637     8273    East         300       0x101bf       2.9132           -5.930  0.170   63   4 136  73   0   0   2    -99    -99  5786  6.935  30462 1  -5.453  0.308   73   4 255  63 222   0  12    -99    -99  4696  7.368  30462 1  
    49186.8294    10089    West         300       0x101bf       1.4695           -5.960  0.093   70   2 131  55   0   0   6    -99    -99  3317  4.560  30462 1  -5.063  0.129   73   2 127  70   0   0   8    -99    -99  2323  4.816  30462 1  
    49196.7818    10531    West         300       0x101bf       1.5582           -5.883  0.109   62   2 131  54   0   0   6    -99    -99  2890  5.346  30462 1  -5.151  0.135   51   2 129  79   0   0   8    -99    -99  2380  5.664  30462 1  
    49209.7777    11043    West         300       0x101bf       1.4289           -6.061  0.119   45   2 130  70   0   0   6    -99    -99  2927  7.057  30462 1  -5.190  0.208   15   4 132  72   0   0   8    -99    -99  2918  7.512  30462 1  
    49216.7793    11408    West         300       0x101bf       1.3620           -5.980  0.094   65   2 130  48   0   0   6    -99    -99  2505  4.596  30462 1  -5.271  0.105   58   2 131  68   0   0   8    -99    -99  2037  4.758  30462 1  
    49224.6806    11960    West         300       0x101bf       1.6872           -5.964  0.078   70   2 123  90   0   0   6    -99    -99  3476  2.612  30462 1  -5.151  0.097   76   2 118  73   0   0   8    -99    -99  3280  2.764  30462 1  
    49256.6675    12343    West         300       0x101bf       1.3712           -5.955  0.077   64   2 115  83   0   0   6    -99    -99  4995  2.594  30462 1  -5.058  0.107   55   2 112  82   0   0   8    -99    -99  6578  2.676  30462 1  
    49269.6969    12769    West         300       0x101bf       1.2260           -5.861  0.110   55   2 136  59   0   0   6    -99    -99  2711  4.783  30462 1  -5.218  0.116   23   2 130  71   0   0   8    -99    -99  2630  5.036  30462 1  
    49282.6908    13043    West         300       0x101bf       1.1906           -6.009  0.079   38   2 122  72   0   0   6    -99    -99  2001  2.934  30462 1  -5.147  0.095    7   2 125  77   0   0   8    -99    -99  1955  3.048  30462 1  
    49286.7205    13196    West         300       0x101bf       1.1692           -5.850  0.098   53   2 131  64   0   0   6    -99    -99  1952  3.381  30462 1  -5.175  0.097   25   2 126  73   0   0   8    -99    -99  1817  3.523  30462 1  
    49309.6962    13549    West         300       0x101bf       1.1750           -5.953  0.084   60   2 119  63   0   0   6    -99    -99  2374  3.115  30462 1  -5.094  0.104   65   2 126  71   0   0   8    -99    -99  2090  3.195  30462 1  
    49315.5773    13779    West         300       0x101bf       1.2167           -5.877  0.095   70   2 125  71   0   0   6    -99    -99  4283  3.482  30462 1  -5.157  0.108   70   2 124  77   0   0   8    -99    -99  6310  3.618  30462 1  
    49378.5596    14155    West         300       0x00110       1.2330           -5.904  0.112   59   2 122  71   0   0   6    -99    -99 28258  2.979  30462 1  -5.403  0.122   13   2 106  88   0   0   8    -99    -99 23315  3.074  30462 1  
    49390.6547    14464    East         300       0x101bf       1.6253           -5.924  0.096   78   2 130  52   0   0   2    -99    -99  2583  4.697  30462 1  -5.207  0.104   89   2 128  60   0   0  12    -99    -99  2067  4.728  30462 1  
    49399.7208    14617    East         300       0x101bf       2.3132           -5.864  0.098   87   2 132  44   0   0   2    -99    -99  2425  4.363  30462 1  -5.233  0.096   95   2 127  52   0   0  12    -99    -99  1974  4.410  30462 1  
    49426.6056    15328    East         300       0x101bf       1.9459           -5.818  0.096   76   2 126  56   0   0   2    -99    -99  2906  3.135  30462 1  -5.082  0.101   90   2 126  66   0   0  12    -99    -99  2331  3.289  30462 1  
    49449.6253    16134    East         300       0x101bf       2.8101           -6.025  0.095   76   2 130  50   0   0   2    -99    -99  3111  4.652  30462 1  -5.367  0.099   83   2 127  59   0   0  12    -99    -99  2862  4.750  30462 1  
    49461.5911    16669    East         300       0x101bf       2.7898           -5.910  0.126   70   2 131  62   0   0   2    -99    -99  3013  5.532  30462 1  -5.230  0.163   74   4 130  67 149   0  12    -99    -99  2500  5.709  30462 1  
    49530.7429    19702    West         300       0x101bf       2.5292           -6.007  0.107   73   2 132  51   0   0   6    -99    -99  7402  4.981  30462 1  -5.164  0.164   79   4 129  82   0   0   8    -99    -99  9306  5.280  30462 1  
    49537.7568    20132    West         300       0x101bf       2.1793           -5.862  0.196   26   4 138  65   0   0   6    -99    -99  3947  7.385  30462 1  -5.504  0.184  -51   4 135  77   0   0   8    -99    -99  2720  7.764  30462 1  
    49546.7646    20725    West         300       0x101bf       1.9079           -5.996  0.083   77   2 129  67   0   0   6    -99    -99  3004  3.345  30462 1  -5.298  0.100   79   2 255  65 202   0   8    -99    -99  2274  3.490  30462 1  
    49553.7393    21178    West         300       0x101bf       1.9548           -6.013  0.115   63   2 133  68   0   0   6    -99    -99 10350  4.761  30462 1  -5.210  0.201   11   4 255  74 190   0   8    -99    -99  9520  5.029  30462 1  
    49559.8046    21617    West         300       0x101bf       1.4850           -6.081  0.079   68   2 126  68   0   0   6    -99    -99  5005  3.236  30462 1  -5.081  0.128   79   2 131  81   0   0   8    -99    -99  6740  3.401  30462 1  
    49566.7229    21919    West         300       0x101bf       1.8162           -5.958  0.094   69   2 128  52   0   0   6    -99    -99  2821  3.910  30462 1  -5.167  0.120   68   2 131  50 160   0   8    -99    -99  2281  4.126  30462 1  
    49572.7950    22358    West         300       0x101bf       1.3911           -5.962  0.101   65   2 132  32   0   0  -1    -99    -99   -99    -99      0 1  -5.237  0.120   62   2 135  61   0   0  -1    -99    -99   -99    -99      0 1  
    49579.7312    22803    West         300       0x101bf       1.5682           -5.959  0.069   62   2 114  88   0   0   6    -99    -99  3111  2.194  30462 1  -5.190  0.095   67   2 118  82   0   0   8    -99    -99  2423  2.311  30462 1  
    49591.7659    23462    West         300       0x101bf       1.3247           -5.995  0.094   65   2 129  55   0   0   6    -99    -99  3602  3.615  30462 1  -5.299  0.108   55   2 131  77   0   0   8    -99    -99  3708  3.634  30462 1  
    49607.7045    24248    West         300       0x101bf       1.3752           -6.102  0.095   64   2 132  64   0   0   6    -99    -99  3216  3.880  30462 1  -5.210  0.138   63   2 133  68 167   0   8    -99    -99  3200  4.017  30462 1  
    49616.7413    24723    West         300       0x101bf       1.2337           -6.070  0.127   24   2 139  55   0   0   6    -99    -99  5702  5.822  30462 1  -5.266  0.195    4   4 139  69   0   0   8    -99    -99  9260  6.149  30462 1  
    49630.7066    25396    West         300       0x101bf       1.2282           -5.994  0.085   44   2 127  66   0   0   6    -99    -99  1926  3.017  30462 1  -5.183  0.102   26   2 122  72   0   0   8    -99    -99  1994  3.073  30462 1  
    49639.7253    25761    West         300       0x101bf       1.1808           -5.966  0.059   56   2  95 101   0   0   6    -99    -99  1753  1.959  30462 1  -5.227  0.065   63   2 101  95   0   0   8    -99    -99  1732  1.944  30462 1  
    49649.6834    26103    West         300       0x101bf       1.1928           -5.959  0.066   61   2 102  94   0   0   6    -99    -99  4055  2.070  30462 1  -5.097  0.085   58   2  99  88   0   0   8    -99    -99  3952  2.050  30462 1  
    49676.6627    26599    West         300       0x101bf       1.1677              -99    -99  999 999 999 999 999 999  -1    -99    -99   -99    -99      0 0  -5.264  0.696  -77   6 133 100   0   0   8    -99    -99 20175  6.189  30462 1  
    49699.6068    27175    West         300       0x101bf       1.1680              -99    -99  999 999 999 999 999 999  -1    -99    -99   -99    -99      0 0  -5.224  0.078   62   2 113  78  41   0   8    -99    -99  5229  2.232  30462 1  
    49717.5704    27509    East         300       0x101bf       1.1697           -6.044  0.065   68   2 117  87   0   0   2    -99    -99  1763  2.276  30462 1  -5.293  0.073   71   2 112  80   0   0  12    -99    -99  1651  2.285  30462 1  
    49729.6135    27660    East         300       0x101bf       1.2500           -6.009  0.080   70   2 123  61   0   0   2    -99    -99  4082  2.807  30462 1  -5.227  0.084   75   2 109  66   0   0  12    -99    -99  3940  2.719  30462 1  
    49740.6363    27848    East         300       0x101bf       1.3794           -5.982  0.093   72   2 132  59   0   0   2    -99    -99  2893  3.737  30462 1  -5.325  0.093   72   2 127  46   0   0  12    -99    -99  3181  3.505  30462 1  
    49746.7591    28037    East         300       0x101bf       2.2024              -99    -99  999 999 999 999 999 999  -1    -99    -99   -99    -99      0 0  -5.454  0.072   77   2 113  72   0   0  -1    -99    -99   -99    -99      0 1  
    49752.5973    28272    East         300       0x101af       1.3603           -5.995  0.088   74   2 131  46   0   0   2    -99    -99  1684  3.706  30462 1  -5.329  0.226   73   6 255  50 247   0  12    -99    -99  1398  3.538  30462 1  
    49764.5633    28543    East         300       0x101bf       1.3568           -6.101  0.077   58   2 121  73   0   0   2    -99    -99  7583  2.612  30462 1  -5.310  0.096   50   2 118  83   0   0  12    -99    -99 14581  2.634  30462 1  
    49788.5469    28845    East         300       0x101bf       1.5376           -5.840  0.145   63   2 137  36   0   0   3    -99    -99  4851  6.326  30462 1  -5.235  0.150   53   2 132  63   0   0  12    -99    -99  4365  6.179  30462 1  
    49797.6508    29219    East         300       0x101bf       2.5360           -5.895  0.099   72   2 127  47   0   0   3    -99    -99  6258  3.526  30462 1  -5.275  0.091   81   2 120  70   0   0  12    -99    -99  5717  3.459  30462 1  
    49809.5965    29832    East         300       0x101bf       2.2971           -5.990  0.087   64   2 128  25   0   0   3    -99    -99  2166  4.116  30462 1  -5.324  0.084   76   2 120  67   0   0  12    -99    -99  1476  4.239  30462 1  
    49829.5590    30462    East         300       0x101bf       2.4842           -5.921  0.083   74   2 122  61   0   0   3    -99    -99  2531  2.591  30462 1  -5.283  0.077   82   2 110  66   0   0  12    -99    -99  1867  2.526  30462 1  
    49929.6531    33729    West         300       0x101bf       2.5001           -6.083  0.156   60   4 143  46   0   0   6    -99    -99  3529  7.028  30462 1  -5.287  0.248   60   4 150  37   0   0   8    -99    -99  2051  7.427  30462 1  
    49937.6743    34271    West         300       0x101bf       2.0673           -6.198  0.132   63   2 142  55   0   0   6    -99    -99 10080  6.099  30462 1  -5.330  0.246   63   4 255  61 179   0   8    -99    -99  9544  6.460  30462 1  
    49941.7250    34693    West         300       0x101bf       1.6427           -6.141  0.089   69   2 128  56   0   0   6    -99    -99  7369  3.144  30462 1  -5.383  0.117   92   2 129  63   0   0   8    -99    -99 12278  3.272  30462 1  
    49943.6237    34896    West         300       0x101bf       2.4012           -6.256  0.107   77   2 132  77   0   0   6    -99    -99 12221  3.856  30462 1  -5.316  0.213   72   4 136  86   0   0   8    -99    -99 12388  4.080  30462 1  
    49947.6614    35200    West         300       0x101af       1.9491           -6.218  0.076   62   2 124  63   0   0   6    -99    -99  3654  3.186  30462 1  -5.475  0.104   74   2 129  55 176   0   8    -99    -99  2668  3.265  30462 1  
    49953.7755    35650    West         300       0x101bf       1.3227           -6.178  0.065   66   2 112  80   0   0   6    -99    -99  1887  2.282  30462 1  -5.393  0.085   80   2 120  75   0   0   8    -99    -99  1697  2.267  30462 1  
    49972.7071    36500    West         300       0x101bf       1.3691           -6.104  0.087   61   2 133  64   0   0   6    -99    -99  5124  2.912  30462 1  -5.442  0.103   77   2 131  67   0   0   8    -99    -99  6214  2.936  30462 1  
    49982.6850    36823    West         300       0x101af       1.3538           -6.179  0.064   65   2 107  79   0   0   6    -99    -99  2545  2.238  30462 1  -5.318  0.093   81   2 116  78   0   0   8    -99    -99  2020  2.203  30462 1  
    49987.7173    36973    West         300       0x101bf       1.2478           -6.080  0.086   78   2 136  55   0   0   6    -99    -99  1910  2.844  30462 1  -5.364  0.099   86   2 129  61   0   0   8    -99    -99  1865  2.859  30462 1  
    50005.6874    37494    West         300       0x101af       1.2176           -6.112  0.078   65   2 120  69   0   0   6    -99    -99  3319  2.678  30462 1  -5.401  0.083   72   2 118  68   0   0   8    -99    -99  3066  2.636  30462 1  
    50088.7128    38902    East         300       0x101bf       1.4853           -6.224  0.071   63   2 123  76   0   0   3    -99    -99  9952  2.422  30462 1  -5.549  0.079   52   2 115  73   0   0  12    -99    -99 10420  2.480  30462 1  
    50109.6887    39317    East         300       0x0013f       1.6418           -6.252  0.067   61   2 118  75   0   0   3    -99    -99  2126  2.737  30462 1  -5.594  0.065   71   2 124  72   0   0  12    -99    -99  1233  2.767  30462 1  
    50131.6353    39820    East         300       0x101bf       1.6779           -6.085  0.093   66   2 141  66   0   0   3    -99    -99  2060  3.631  30462 1  -5.537  0.078   64   2 129  62   0   0  12    -99    -99  1306  3.426  30462 1  
    50174.6302    41098    East         300       0x101bf       2.6779           -6.017  0.245   35   4 143  65   0   0   3    -99    -99  9502  8.025  30462 1  -5.415  0.398  101   6 161 156   0   0  12    -99    -99 14463  8.008  30462 1  
    50193.4933    41700    East         300       0x101bf       1.8506           -6.010  0.091   71   2 128  53   0   0   3    -99    -99  2942  3.339  30462 1  -5.434  0.078   81   2 128  46   0   0  12    -99    -99  1623  3.362  30462 1  
    50197.5032    41811    East         300       0x101bf       2.0089           -6.048  0.110   56   2 140  55   0   0   3    -99    -99  3069  4.759  30462 1  -5.385  0.111   73   2 135  60   0   0  12    -99    -99  2133  4.993  30462 1  
    50217.5191    42824    East         300       0x101bf       2.7614           -6.162  0.083   68   2 125  65   0   0   3    -99    -99  2975  3.085  30462 1  -5.561  0.080   81   2 121  59   0   0  12    -99    -99  1832  3.248  30462 1  
    50304.8100    47062    West         300       0x101bf       1.3342           -6.319  0.111   72   2 115  85   0   0   6    -99    -99  2732  2.474  30462 1  -5.632  0.133   67   2 120  90   0   0   8    -99    -99  1689  2.442  30462 1  
    50350.7394    48991    West         300       0x101bf       1.2219           -6.253  0.095   34   2 141  39   0   0   6    -99    -99  4022  4.910  30462 1  -5.556  0.117   33   2 143  56   0   0   8    -99    -99  5226  5.064  30462 1  
    50369.7592    49508    West         300       0x101af       1.1678           -6.193  0.075   60   2 120  67   0   0   6    -99    -99  2057  2.745  30462 1  -5.464  0.087   68   2 123  56   0   0   8    -99    -99  1935  2.751  30462 1  
    50370.6382    49553    West         300       0x101af       1.3124           -6.128  0.058   63   2  98 100   0   0   6    -99    -99  2011  2.016  30462 1  -5.351  0.070   79   2 123  88   0   0   8    -99    -99  1990  1.937  30462 1  
    50379.6593    49882    West         300       0x101bf       1.2232           -6.070  0.070   61   2 110  82   0   0   6    -99    -99  5253  2.171  30462 1  -5.251  0.097   77   2 115  79   0   0   8    -99    -99  8584  2.155  30462 1  
    50396.6400    50247    West         300       0x101bf       1.1911           -6.128  0.086   68   2 131  54   0   0   6    -99    -99  1478  3.298  30462 1  -5.466  0.088   72   2 132  43   0   0   8    -99    -99  1437  3.251  30462 1  
    50405.6413    50513    West         300       0x101bf       1.1733           -6.177  0.080   55   2 131  59   0   0   6    -99    -99  1880  3.127  30462 1  -5.445  0.091   59   2 125  51   0   0   8    -99    -99  1581  3.190  30462 1  
    50412.6196    50813    West         300       0x0013f       1.1746           -6.194  0.095   57   2 134  41   0   0   6    -99    -99 10207  4.029  30462 1  -5.541  0.106   56   2 134  74   0   0   8    -99    -99 10607  4.141  30462 1  
    50428.7137    51269    West         300       0x101bf       1.2784           -6.191  0.077   70   2 137  46   0   0   6    -99    -99  1902  2.965  30462 1  -5.590  0.072   77   2 120  55   0   0   8    -99    -99     0  0.000  11960 1  
    50437.7028    51598    East         300       0x101bf       1.3099           -6.132  0.089   78   2 130  47   0   0   3    -99    -99  1858  3.398  30462 1  -5.465  0.086   78   2 133  46   0   0  12    -99    -99  1194  2.973  30462 1  
    50451.5751    51973    West         300       0x000bf       1.1776           -6.079  0.081   71   2 130  68   0   0   6    -99    -99  2260  2.527  30462 1  -5.445  0.083   77   2 126  70   0   0   8    -99    -99  1739  2.476  30462 1  
    50461.7026    52301    East         300       0x101ff       1.5317           -6.240  0.071   63   2 121  54   0   0   3    -99    -99  2319  3.014  30462 1  -5.589  0.072   72   2 121  57   0   0  12    -99    -99  1295  3.000  30462 1  
    50478.6583    52642    East         300       0x101ff       1.5418           -6.159  0.069   73   2 121  69   0   0   3    -99    -99  3034  2.365  30462 1  -5.454  0.065   66   2 112  78   0   0  12    -99    -99  3356  2.148  30462 1  
    50483.5015    52785    East         300       0x000ff       1.1867           -6.123  0.068   64   2 120  76   0   0   3    -99    -99  2225  2.291  30462 1  -5.417  0.072   66   2 118  79   0   0  12    -99    -99  1540  2.279  30462 1  
    50486.5644    52909    East         300       0x101ff       1.2987           -6.158  0.070   64   2 128  72   0   0   3    -99    -99  2012  2.540  30462 1  -5.385  0.074   64   2 122  76   0   0  12    -99    -99  1377  2.377  30462 1  
    50492.7350    53015    East         300       0x000af       2.3899              -99    -99  999 999 999 999 999 999  -1    -99    -99   -99    -99      0 0     -99    -99  999 999 999 999 999 999  -1    -99    -99   -99    -99      0 0  
    50494.7232    53095    East         300       0x101ff       2.3230           -5.931  0.128   58   2 140  49   0   0   3    -99    -99  2015  4.422  30462 1  -5.574  0.096   58   2 136  55   0   0  12    -99    -99  1527  4.467  30462 1  
    50497.5309    53217    East         300       0x101ff       1.2907           -6.221  0.075   60   2 130  69   0   0   3    -99    -99  6881  2.653  30462 1  -5.552  0.083   51   2 121  70   0   0  12    -99    -99  6043  2.626  30462 1  
    50507.6088    53463    East         300       0x101ff       1.6947           -6.230  0.065   64   2 121  67   0   0   3    -99    -99  3917  2.368  30462 1  -5.680  0.061   74   2 113  84   0   0  12    -99    -99  3630  2.414  30462 1  
    50510.5887    53554    East         300       0x101ff       1.6291           -6.236  0.070   69   2 130  59   0   0   3    -99    -99  2130  2.601  30462 1  -5.651  0.066   77   2 120  59   0   0  12    -99    -99  1346  2.637  30462 1  
    50519.5542    53732    East         300       0x101ff       1.5790           -6.314  0.079   62   2 136  49   0   0   3    -99    -99  1923  4.714  30462 1  -5.634  0.092   66   2 136  50   0   0  12    -99    -99  1278  4.661  30462 1  
    50521.6537    53870    East         300       0x101ff       2.3680           -6.206  0.095   57   2 137  48   0   0   3    -99    -99  2229  4.769  30462 1  -5.661  0.091   74   2 138  55   0   0  12    -99    -99  1482  4.837  30462 1  
    50525.5861    54033    East         300       0x101ff       1.8647           -6.253  0.086   76   2 138  43   0   0   3    -99    -99  4204  3.595  30462 1  -5.661  0.088   75   2 137  56   0   0  12    -99    -99  3673  3.431  30462 1  
    50527.6819    54180    East         300       0x101ff       2.9230           -6.333  0.080   76   2 129  61   0   0   3    -99    -99  7302  3.433  30462 1  -5.749  0.093   77   2 136  79   0   0  12    -99    -99  8332  3.179  30462 1  
    50530.6001    54300    East         300       0x101ff       2.0837           -6.176  0.139   71   2 144  45   0   0   3    -99    -99  9829  6.361  30462 1  -5.566  0.198   81   4 147  83   0   0  12    -99    -99 19693  6.147  30462 1  
    50533.6433    54458    East         300       0x101ff       2.6280           -6.175  0.085   77   2 123  71   0   0   3    -99    -99 12453  2.421  30462 1  -5.743  0.077   75   2 120  84   0   0  12    -99    -99 14704  2.401  30462 1  
    50535.5724    54634    East         300       0x101ff       1.9674           -6.261  0.088   62   2 137  58   0   0   3    -99    -99  6510  3.570  30462 1  -5.723  0.084   63   2 129  65   0   0  12    -99    -99  6321  3.376  30462 1  
    50540.4860    54793    East         300       0x101ff       1.5286           -6.264  0.281  -25   4 130  86   0   0   3    -99    -99  6730  2.630  30462 1  -5.674  0.366  -97   6 141  83   0   0  12    -99    -99  4580  2.581  30462 1  
    50543.5470    54980    East         300       0x101ff       1.9397           -6.194  0.093   68   2 142  41   0   0   3    -99    -99  1956  4.027  30462 1  -5.667  0.092   74   2 138  44   0   0  12    -99    -99  1466  4.071  30462 1  
    50546.6108    55256    East         300       0x001bf       2.6645           -6.199  0.086   76   2 134  50   0   0  -1    -99    -99   -99    -99      0 1  -5.892  0.060   79   2 125  60   0   0  -1    -99    -99   -99    -99      0 1  
    50550.5688    55464    East         300       0x001bf       2.3075           -6.281  0.081   69   2 126  57   0   0   3    -99    -99  2269  3.069  30462 1  -5.956  0.061   77   2 130  65   0   0  12    -99    -99  1568  3.180  30462 1  
    50553.4441    55659    East         300       0x101ff       1.5007           -6.342  0.086   50   2 138  51   0   0   3    -99    -99  4656  3.734  30462 1  -5.819  0.086   67   2 140  62   0   0  12    -99    -99  3795  3.777  30462 1  
    50557.4765    55874    East         300       0x101bf       1.7200           -6.277  0.088   83   2 134  46   0   0   3    -99    -99  6231  3.548  30462 1  -5.786  0.086   83   2 132  74   0   0  12    -99    -99  8903  3.207  30462 1  
    50565.4149    56140    East         300       0x101ff       1.5159           -6.385  0.059   69   2 118  80   0   0   3    -99    -99  2427  2.318  30462 1  -5.833  0.058   68   2 116  81   0   0  12    -99    -99  1517  2.382  30462 1  
    50569.4318    56521    East         300       0x101ff       1.6519           -6.242  0.095   63   2 141  50   0   0   3    -99    -99  3024  3.705  30462 1  -5.886  0.070   79   2 136  52   0   0  12    -99    -99  1864  3.994  30462 1  
    50576.4289    56867    East         300       0x101ff       1.7450           -6.293  0.119   43   2 147  36   0   0   3    -99    -99  2471  6.162  30462 1  -5.529  0.147   53   4 144  39   0   0  12    -99    -99  1700  6.486  30462 1  
    50579.4907    57108    East         300       0x101ff       2.3186           -6.192  0.102   68   2 142  47   0   0   3    -99    -99  1859  4.341  30462 1  -5.701  0.088   77   2 139  50   0   0  12    -99    -99  1427  4.520  30462 1  
    50582.3591    57364    East         300       0x101bf       1.4771           -6.178  0.099   92   2 138  47   0   0   3    -99    -99  4698  4.429  30462 1  -5.584  0.100   95   2 135  57   0   0  12    -99    -99  3698  3.925  30462 1  
    50595.3924    57558    East         300       0x101ff       1.8473           -6.279  0.078   67   2 136  46   0   0   3    -99    -99  3152  3.565  30462 1  -5.654  0.078   78   2 131  53   0   0  12    -99    -99  1876  3.801  30462 1  
    50600.4273    57960    East         300       0x101ff       2.2572           -6.153  0.088   74   2 130  62   0   0   3    -99    -99  4451  3.220  30462 1  -5.693  0.075   75   2 135  65   0   0  12    -99    -99  2010  3.161  30462 1  
    50605.8031    58390    West         300       0x101ff       2.4895           -6.136  0.143   53   2 148  35   0   0   6    -99    -99  3511  6.052  30462 1  -5.682  0.137   63   2 146  48   0   0   8    -99    -99  2384  6.368  30462 1  
    50609.4217    58732    East         300       0x101bf       2.4591           -6.218  0.083   74   2 131  57   0   0   3    -99    -99  3040  3.185  30462 1  -5.866  0.064   81   2 134  68   0   0  12    -99    -99  2644  3.263  30462 1  
    50614.4354    58962    East         300       0x101ff       2.8000           -6.106  0.133   73   2 144  50   0   0   3    -99    -99  5385  5.791  30462 1  -5.604  0.149   76   4 143  80   0   0  12    -99    -99  6497  5.908  30462 1  
    50617.8128    59380    West         300       0x101ff       2.0623           -6.385  0.072   63   2 134  42   0   0   6    -99    -99  3295  3.543  30462 1  -5.432  0.122   68   2 141  45 126   0   8    -99    -99  2282  3.673  30462 1  
    50631.3743    59863    East         300       0x101ff       2.6108           -6.294  0.084   77   2 133  58   0   0   3    -99    -99  4082  3.434  30462 1  -5.908  0.067   84   2 134  62   0   0  12    -99    -99  2111  3.269  30462 1  
    50651.7579    61398    West         300       0x101ff       1.7793           -6.236  0.084   68   2 131  66   0   0   6    -99    -99  8839  2.876  30462 1  -5.588  0.113   68   2 137  68   0   0   8    -99    -99 11773  2.972  30462 1  
    50658.7470    61845    West         300       0x101ff       1.7279           -6.340  0.084   57   2 137  54   0   0   6    -99    -99  3553  3.579  30462 1  -5.637  0.103   59   2 138  45   0   0   8    -99    -99  2332  3.674  30462 1  
    50661.7590    62141    West         300       0x101ff       1.6155           -6.493  0.099   24   2 147  46   0   0   6    -99    -99  3563  5.820  30462 1  -5.153  0.251   68   4 154  28   0   0   8    -99    -99  2136  6.178  30462 1  
    50670.6936    62690    West         300       0x101ff       1.8630           -6.472  0.074   64   2 137  43   0   0   6    -99    -99  3233  3.818  30462 1  -5.570  0.116   83   2 142  41   0   0   8    -99    -99  2124  3.957  30462 1  
    50674.8002    62929    West         300       0x101ff       1.3257           -6.346  0.085   54   2 140  41   0   0   6    -99    -99  2287  3.561  30462 1  -5.717  0.099   62   2 144  41   0   0   8    -99    -99  1791  3.697  30462 1  
    50679.6247    63284    West         300       0x101ff       2.2364           -6.533  0.074   50   2 141  61   0   0   6    -99    -99 11620  3.328  30462 1  -5.765  0.118   72   2 144  77   0   0   8    -99    -99 21143  3.540  30462 1  
    50680.8092    63435    West         300       0x101ff       1.2670           -6.374  0.087   39   2 142  53   0   0   6    -99    -99  5588  3.799  30462 1  -5.603  0.131    4   2 146  65   0   0   8    -99    -99  8809  3.936  30462 1  
    50682.7601    63638    West         300       0x101ff       1.3779           -6.483  0.103    4   2 146  43   0   0   6    -99    -99  5164  5.889  30462 1  -5.095  0.283   17   4 151  67   0   0   8    -99    -99  5833  6.121  30462 1  
    50699.7657    64122    West         300       0x101ff       1.2511           -6.410  0.085   41   2 143  45   0   0   6    -99    -99  2180  4.584  30462 1  -5.660  0.107   33   2 141  52   0   0   8    -99    -99  1860  4.686  30462 1  
    50703.6716    64271    West         300       0x101ff       1.4899           -6.261  0.067   73   2 107  84   0   0   6    -99    -99  6059  2.150  30462 1  -5.615  0.085   72   2 111  74   0   0   8    -99    -99  5265  2.168  30462 1  
    50707.7982    64426    West         300       0x101ff       1.1825           -6.323  0.082   63   2 136  54   0   0   6    -99    -99  5721  3.114  30462 1  -5.621  0.102   67   2 133  72   0   0   8    -99    -99  6986  3.218  30462 1  
    50716.6419    64574    West         300       0x101ff       1.4669           -6.216  0.061   72   2 125  83   0   0   6    -99    -99  2181  2.112  30462 1  -5.481  0.074   81   2 118  81   0   0   8    -99    -99  1926  2.059  30462 1  
    50718.6823    64691    West         300       0x101ff       1.3197           -6.330  0.075   67   2 134  51   0   0   6    -99    -99  1758  3.188  30462 1  -5.512  0.104   75   2 136  38   0   0   8    -99    -99  1894  3.186  30462 1  
    50720.6740    64836    West         300       0x101ff       1.3274           -6.196  0.088   63   2 139  53   0   0   6    -99    -99  2204  2.824  30462 1  -5.501  0.103   67   2 136  64   0   0   8    -99    -99  1938  2.896  30462 1  
    50724.6863    65087    West         300       0x101ff       1.2728           -6.438  0.083   57   2 141  41   0   0   6    -99    -99  1820  5.097  30462 1  -5.545  0.123   67   2 144  48   0   0   8    -99    -99  1799  5.251  30462 1  
    50729.7401    65250    West         300       0x101ff       1.1812           -6.215  0.092   71   2 140  34   0   0   6    -99    -99  1882  3.675  30462 1  -5.630  0.093   77   2 141  51   0   0   8    -99    -99  1592  3.669  30462 1  
    50731.6223    65349    West         300       0x101ff       1.3908           -6.376  0.101   42   2 145  40   0   0   6    -99    -99  3202  5.466  30462 1  -5.583  0.146   53   4 149  47   0   0   8    -99    -99  3229  5.689  30462 1  
    50732.7271    65444    West         300       0x101ff       1.1848           -6.217  0.114   51   2 145  51   0   0   6    -99    -99  1864  5.010  30462 1  -5.533  0.133   67   4 146  51   0   0   8    -99    -99  1647  5.277  30462 1  
    50734.5981    65557    West         300       0x101ff       1.4465           -6.180  0.103   48   2 143  49   0   0   6    -99    -99  6224  3.330  30462 1  -5.444  0.145   30   2 143  75   0   0   8    -99    -99 10046  3.429  30462 1  
    50735.7562    65654    West         300       0x101ff       1.1678           -6.646  0.098   13   2 143  53   0   0   6    -99    -99  4619  7.167  30462 1  -5.361  0.303   41   4 154  59   0   0   8    -99    -99  6395  7.620  30462 1  
    50741.7032    65984    West         300       0x101ff       1.1842           -6.256  0.098   61   2 142  46   0   0   6    -99    -99  4236  4.717  30462 1  -5.567  0.121   30   2 141  52   0   0   8    -99    -99  3445  4.846  30462 1  
    50744.5278    66108    West         300       0x101ff       1.6398           -6.213  0.084   62   2 129  52   0   0   6    -99    -99  2877  2.779  30462 1  -5.510  0.100   70   2 134  55   0   0   8    -99    -99  2490  2.820  30462 1  
    50745.7533    66222    West         300       0x101ff       1.1701           -6.204  0.067   65   2 129  83   0   0   6    -99    -99  3209  2.163  30462 1  -5.658  0.065   64   2 106  82   0   0   8    -99    -99  3330  2.131  30462 1  
    50747.7428    66327    West         300       0x101ff       1.1688           -6.183  0.098   65   2 144  42   0   0   6    -99    -99  1793  3.802  30462 1  -5.714  0.087   64   2 139  59   0   0   8    -99    -99  1829  3.773  30462 1  
    50759.7307    66423    West         300       0x101af       1.1768           -6.427  0.076   68   2 141  45   0   0   6    -99    -99  2381  4.155  30462 1  -5.816  0.077   69   2 140  33   0   0   8    -99    -99  1740  4.081  30462 1  
    50768.6865    66529    West         300       0x101bb       1.1688           -6.275  0.098   59   2 143  51   0   0   6    -99    -99  7486  3.843  30462 1  -5.841  0.082   10   2 140  53   0   0   8    -99    -99  6562  3.941  30462 1  
    50770.7071    66639    West         300       0x101bf       1.1811           -6.337  0.081   64   2 140  45   0   0   6    -99    -99  4548  3.448  30462 1  -5.682  0.089   72   2 141  46 100   0   8    -99    -99  4058  3.469  30462 1  
    50775.5624    66765    West         300       0x101bf       1.2438           -6.385  0.091  -50   2 142  52   0   0   6    -99    -99  2471  4.340  30462 1  -5.593  0.122  -64   2 150  68 144   0   8    -99    -99  2449  3.963  30462 1  
    50777.6406    66886    West         300       0x100bf       1.1679           -6.352  0.077   55   2 133  60   0   0   6    -99    -99  2136  2.957  30462 1  -5.698  0.085   65   2 138  61   0   0   8    -99    -99  1768  3.024  30462 1  
    50784.6778    66988    West         300       0x101ff       1.1881           -6.325  0.086   59   2 142  43   0   0   6    -99    -99  2079  3.820  30462 1  -5.992  0.063   61   2 134  79  94  67   8    -99    -99  1448  3.781  30462 1  
    50793.6200    67091    West         300       0x101ff       1.1694           -6.297  0.067   58   2 115  78   0   0   6    -99    -99  6787  2.305  30462 1  -5.699  0.070   70   2 123  85   0   0   8    -99    -99  7652  2.284  30462 1  
    50796.7166    67177    West         300       0x101ff       1.3021           -6.365  0.089   60   2 141  55   0   0   6    -99    -99 11801  3.862  30462 1  -5.763  0.102   36   2 138  75   0   0   8    -99    -99 10543  3.911  30462 1  
    50802.6623    67322    West         300       0x101ff       1.2284           -6.467  0.092   72   2 138  82   0   0   6    -99    -99  9203  3.551  30462 1  -5.718  0.114   61   2 135  71   0   0   8    -99    -99  6628  3.465  30462 1  
    50804.6560    67417    West         300       0x101ff       1.2272           -6.314  0.085   50   2 138  54   0   0   6    -99    -99  2674  3.647  30462 1  -5.683  0.089   51   2 137  61   0   0   8    -99    -99  2347  3.705  30462 1  
    50809.4987    67519    West         300       0x101ff       1.2021           -6.375  0.105   52   2 138  65   0   0   6    -99    -99  4841  3.301  30462 1  -5.637  0.138   34   2 138  69   0   0   8    -99    -99  3691  3.347  30462 1  
    50812.6389    67622    West         300       0x101ff       1.2347           -6.312  0.075   68   2 131  56   0   0   6    -99    -99  2525  2.968  30462 1  -5.692  0.076   73   2 136  48   0   0   8    -99    -99  1928  2.891  30462 1  
    50818.6912    67730    East         300       0x101ff       1.4017           -6.326  0.077   62   2 137  67   0   0   3    -99    -99  2779  3.442  30462 1  -5.652  0.084   55   2 131  56   0   0  12    -99    -99  1563  3.370  30462 1  
    50830.5998    67852    East         300       0x101ff       1.2524           -6.314  0.087   55   2 143  48   0   0   3    -99    -99  3438  4.345  30462 1  -5.564  0.120   61   2 144  48   0   0  12    -99    -99  4370  4.560  30462 1  
    50834.6433    67953    East         300       0x101ff       1.3882           -6.287  0.073   71   2 131  66   0   0   3    -99    -99  2328  2.891  30462 1  -5.710  0.070   69   2 122  73   0   0  12    -99    -99  1952  2.676  30462 1  
    50836.6605    68051    East         300       0x101ff       1.4691           -6.302  0.081   56   2 138  50   0   0   3    -99    -99  2250  3.394  30462 1  -5.779  0.077   58   2 131  48   0   0  12    -99    -99  1427  3.410  30462 1  
    50840.6510    68156    East         300       0x101ff       1.4743           -6.346  0.070   58   2 132  62   0   0   3    -99    -99  1969  2.692  30462 1  -5.778  0.066   65   2 130  59   0   0  12    -99    -99  1292  2.686  30462 1  
    50842.7271    68274    East         300       0x101ff       1.9359           -6.417  0.077   62   2 136  53   0   0   3    -99    -99  3120  3.256  30462 1  -5.909  0.067   75   2 136  60   0   0  12    -99    -99  1609  3.215  30462 1  
    50845.6694    68375    East         300       0x101ff       1.6215           -6.387  0.069   64   2 133  58   0   0   3    -99    -99  2360  2.599  30462 1  -5.842  0.064   70   2 126  67   0   0  12    -99    -99  1569  2.627  30462 1  
    50852.5205    68492    East         300       0x101ff       1.2206           -6.365  0.073   62   2 135  70   0   0   3    -99    -99  8388  2.942  30462 1  -5.687  0.088   54   2 136  69   0   0  12    -99    -99  7358  2.903  30462 1  
    50859.5449    68580    East         300       0x000ff       1.3037           -6.230  0.112   60   2 144  60   0   0   3    -99    -99  5349  4.245  30462 1  -5.982  0.089   63   2 147  68   0   0  12    -99    -99  6025  4.468  30462 1  
    50861.6992    68688    East         300       0x101ff       2.1386           -6.415  0.075   63   2 138  53   0   0   3    -99    -99  4320  3.200  30462 1  -6.046  0.063   72   2 137  60   0   0  12    -99    -99  4528  3.176  30462 1  
    50863.6115    68807    East         300       0x1017f       1.5779           -6.408  0.100   22   2 148  40   0   0   3    -99    -99  3115  5.302  30462 1  -5.899  0.107   46   2 149  52   0   0  12    -99    -99  2204  5.590  30462 1  
    50865.6312    68927    East         300       0x101ff       1.7124           -6.448  0.065   62   2 128  58   0   0   3    -99    -99  2156  2.934  30462 1  -5.949  0.063   70   2 133  51   0   0  12    -99    -99  1479  3.013  30462 1  
    50867.6193    69034    East         300       0x101ff       1.6754           -6.382  0.089   59   2 145  49   0   0   3    -99    -99  2646  3.900  30462 1  -5.986  0.074   53   2 143  52   0   0  12    -99    -99  1873  3.710  30462 1  
    50869.6497    69166    East         300       0x101ff       1.9099           -6.480  0.073   62   2 139  58   0   0   3    -99    -99  2608  3.042  30462 1  -6.062  0.068   69   2 136  71   0   0  12    -99    -99  1923  3.107  30462 1  
    50874.6442    69331    East         300       0x101ff       1.9720           -6.504  0.073   64   2 142  35   0   0   3    -99    -99  2171  3.495  30462 1  -6.154  0.060   78   2 139  56   0   0  12    -99    -99  1446  3.696  30462 1  
    50878.5651    69462    East         300       0x101ff       1.5517           -6.387  0.116   64   2 141  77   0   0   3    -99    -99  6689  3.671  30462 1  -5.956  0.118   70   2 142  76   0   0  12    -99    -99  4288  3.659  30462 1  
    50880.6900    69557    East         300       0x101ff       2.5955           -6.150  0.136   67   2 150  29   0   0   3    -99    -99  2842  4.837  30462 1  -5.954  0.093   76   2 150  41   0   0  12    -99    -99  1713  5.037  30462 1  
    50882.5515    69684    East         300       0x101ff       1.5395           -6.492  0.069   63   2 139  55   0   0   3    -99    -99  6899  3.185  30462 1  -5.969  0.071   72   2 135  76   0   0  12    -99    -99  8561  3.249  30462 1  
    50884.6851    69847    East         300       0x101ff       2.6709           -6.381  0.098   73   2 143  66   0   0   3    -99    -99 15084  3.805  30462 1  -6.044  0.101   81   2 145  77   0   0  12    -99    -99 25379  4.206  30462 1  
    50908.4483    70080    East         300       0x001af       1.4125           -6.587  0.047    0   2 114 212  40   0   3    -99    -99  4486  2.231  30462 1  -5.631  0.060   76   2 124  88   0   0  12    -99    -99  3921  2.144  30462 1  
    50910.5044    70293    East         300       0x101ff       1.6907           -6.436  0.088  -51   2 134 167   0   0   3    -99    -99  6967  3.079  30462 1  -5.800  0.078   74   2 133  77   0   0  12    -99    -99  7585  3.254  30462 1  
    50933.4557    70982    East         300       0x101ff       1.7773           -6.672  0.054   68   2 129 174  40   0   3    -99    -99  3858  3.226  30462 1  -5.873  0.068   76   2 128  61   0   0  12    -99    -99  2077  3.134  30462 1  
    50942.4328    71229    East         300       0x001bf       1.7886           -6.803  0.041   40   2 132 175   0   0   3    -99    -99  8448  3.173  30462 1  -5.931  0.073   57   2 137  60   0   0  12    -99    -99 10634  3.182  30462 1  
    50952.3974    71546    East         300       0x101ff       1.7375           -6.555  0.079  -45   2 133 175   0   0   3    -99    -99  3576  3.265  30462 1  -5.894  0.066   77   2 139  51   0   0  12    -99    -99  1966  3.219  30462 1  
    50960.8082    72128    West         300       0x101ff       2.7606           -6.266  0.361   59   4 146  84   0   0   6    -99    -99  4640  8.392  30462 1     -99    -99  999 999 999 999 999 999  -1    -99    -99   -99    -99      0 0  
    50973.3841    72645    East         300       0x101ff       2.0596           -5.176  0.265   98   6 131 180   0   0   3    -99    -99 13833  2.913  30462 1  -5.833  0.074   78   2 126  73   0   0  12    -99    -99 11821  2.965  30462 1  
    50981.3493    73063    East         300       0x101ff       1.9539           -6.465  0.086  -33   2 136 177   4   0   3    -99    -99  4176  2.884  30462 1  -5.877  0.063   81   2 131  60   0   0  12    -99    -99  2386  2.928  30462 1  
    50991.3571    73459    East         300       0x101ff       2.2672           -6.577  0.069   71   2 137 183  22   0   3    -99    -99  3530  3.749  30462 1  -5.852  0.077   77   2 138  53   0   0  12    -99    -99  2002  3.859  30462 1  
    50995.8301    73783    West         300       0x101ff       1.6871           -6.440  0.079   46   2 137  54   0   0   6    -99    -99  3176  4.402  30462 1  -5.583  0.114   51   2 141  40   0   0   8    -99    -99  2253  4.394  30462 1  
    51004.7836    74311    West         300       0x101ff       1.8239           -6.474  0.070   70   2 135  82   0   0   6    -99    -99 11167  3.137  30462 1  -5.579  0.115   81   2 145  74   0   0   8    -99    -99 12830  3.079  30462 1  
    51028.7234    75208    West         300       0x101ff       1.7882           -6.327  0.111   66   2 143  65   0   0   6    -99    -99  4990  4.886  30462 1  -5.675  0.138   79   4 146  71   0   0   8    -99    -99  4182  4.920  30462 1  
    51034.7150    75367    West         300       0x101ff       1.7377           -6.064  0.086   67   2 120  89   0   0   6    -99    -99  9299  2.318  30462 1  -5.501  0.101   84   2 127  81   0   0   8    -99    -99 14370  2.305  30462 1  
    51049.7415    75741    West         300       0x101ff       1.4197           -6.356  0.073   65   2 126  60   0   0   6    -99    -99  2895  2.952  30462 1  -5.507  0.107   69   2 132  66   0   0   8    -99    -99  2368  2.914  30462 1  
    51056.6410    76176    West         300       0x101ff       1.8275           -6.243  0.080   67   2 128  71   0   0   6    -99    -99  4389  2.894  30462 1  -5.509  0.106   76   2 133  55   0   0   8    -99    -99  3464  2.991  30462 1  
    51061.6915    76397    West         300       0x101ff       1.4846           -6.190  0.102   64   2 136  81   0   0   6    -99    -99  9698  3.584  30462 1  -5.698  0.114   72   2 140  75   0   0   8    -99    -99 15660  3.692  30462 1  
    51072.6861    76664    West         300       0x101ff       1.3944           -6.350  0.076   55   2 134  44   0   0   6    -99    -99  2598  3.321  30462 1  -5.669  0.091   65   2 130  67   0   0   8    -99    -99  2139  3.314  30462 1  
    51084.5721    76982    West         300       0x101ff       1.7765           -6.588  0.075   45   2 143  54   0   0   6    -99    -99  3527  5.537  30462 1  -5.898  0.105   49   2 144  63   0   0   8    -99    -99  3144  5.754  30462 1  
    51086.5741    77113    West         300       0x000bf       1.7305           -6.291  0.084   83   2 137  61   0   0   6    -99    -99  5150  3.329  30462 1  -5.571  0.110   82   2 144  56   0   0   8    -99    -99  5073  3.199  30462 1  
    51089.5925    77275    West         300       0x101ff       1.5842           -6.426  0.092    0   2 142  70   0   0   6    -99    -99  7492  4.312  30462 1  -5.563  0.145   42   2 142  64   0   0   8    -99    -99 11508  4.322  30462 1  
    51099.5544    77422    West         300       0x101ff       1.6398           -6.014  0.432    9   4 156  55   0   0   6    -99    -99  2837 10.689  30462 1  -4.940  0.886  -52   6 159  69   0   0   8    -99    -99  2435 10.602  30462 1  
    51101.5566    77542    West         300       0x101ff       1.6002           -6.207  0.093   82   2 131  64   0   0   6    -99    -99  2798  3.162  30462 1  -5.445  0.126   93   2 145  56   0   0   8    -99    -99  2218  3.378  30462 1  
    51106.5673    77708    West         300       0x101ff       1.4894           -6.266  0.122   26   2 143  38   0   0   6    -99    -99  3117  6.534  30462 1  -5.343  0.222   29   4 151  54   0   0   8    -99    -99  2241  6.742  30462 1  
    51109.7232    77865    West         300       0x101ff       1.1693           -6.281  0.082   64   2 137  44   0   0   6    -99    -99  2507  3.356  30462 1  -5.602  0.093   68   2 131  46   0   0   8    -99    -99  1510  3.284  30462 1  
    51112.6073    78004    West         300       0x101ff       1.3076           -6.357  0.089   60   2 143  35   0   0   6    -99    -99  2193  4.321  30462 1  -5.529  0.122   79   2 143  44   0   0   8    -99    -99  2092  4.468  30462 1  
    51114.6771    78132    West         300       0x101ff       1.1870           -6.309  0.084   85   2 139  60   0   0   6    -99    -99  2891  3.469  30462 1  -5.490  0.109   96   2 139  66   0   0   8    -99    -99  2389  3.085  30462 1  
    51119.6461    78254    West         300       0x101ff       1.2045           -6.173  0.068   36   2 124  85   0   0   6    -99    -99  6871  2.191  30462 1  -5.556  0.080   80   2 109  95   0   0   8    -99    -99 10307  2.164  30462 1  
    51131.5144    78398    West         300       0x101ff       1.4305           -6.260  0.073   67   2 119  63   0   0   6    -99    -99  3644  2.770  30462 1  -5.490  0.099   89   2 128  69   0   0   8    -99    -99  2696  2.658  30462 1  
    51136.6247    78507    West         300       0x101ff       1.1812           -6.296  0.070   69   2 124  66   0   0   6    -99    -99  2115  2.957  30462 1  -5.632  0.075   75   2 136  73   0   0   8    -99    -99  1459  2.769  30462 1  
    51136.6821    78520    West         300       0x101ff       1.1703           -6.281  0.076   58   2 133  51   0   0   6    -99    -99  2124  3.246  30462 1  -5.610  0.089   67   2 136  36  92   0   8    -99    -99  1343  3.218  30462 1  
    51141.5422    78616    West         300       0x101ff       1.2756           -6.246  0.081   61   2 133  46   0   0   6    -99    -99  2111  3.261  30462 1  -5.448  0.126   77   2 139  58 201   0   8    -99    -99  1782  3.421  30462 1  
    51147.6714    78742    West         300       0x101ff       1.1797           -6.173  0.078   62   2 132  72   0   0   6    -99    -99  4276  2.513  30462 1  -5.638  0.078   81   2 128  72   0   0   8    -99    -99  4724  2.439  30462 1  
    51157.5575    78906    West         300       0x101ff       1.1890           -6.309  0.091   63   2 142  44   0   0   6    -99    -99  2543  3.986  30462 1  -5.460  0.137   74   2 143  33  99   0   8    -99    -99  1997  4.127  30462 1  
    51167.6766    79046    East         300       0x101ff       1.2537           -5.682  0.186   56   4 144 145   0   0   3    -99    -99  1867  4.277  30462 1  -5.727  0.093   52   2 142  55   0   0  12    -99    -99  1431  4.332  30462 1  
    51171.6028    79161    East         300       0x101ff       1.1771           -5.976  0.068   71   2 121 112   0   0   3    -99    -99  1653  2.054  30462 1  -5.485  0.063   77   2 122  99   0   0  12    -99    -99  1345  1.921  30462 1  
    51176.5937    79273    East         300       0x101ff       1.1802           -6.868  0.044  -20   2 137 199  78   0   3    -99    -99  4570  3.323  30462 1  -5.648  0.097   37   2 128  66   0   0  12    -99    -99  4258  3.304  30462 1  
    51180.6343    79366    East         300       0x101ff       1.2418           -5.244  0.255   90   6 136 152   0   0   3    -99    -99 15016  2.690  30462 1  -5.624  0.095   54   2 123  82   0   0  12    -99    -99 12169  2.648  30462 1  
    51183.5219    79488    West         300       0x101ff       1.1692              -99    -99  999 999 999 999 999 999  -1    -99    -99   -99    -99      0 0  -5.499  0.108   85   2 135  65   0   0   8    -99    -99  4016  3.315  30462 1  
    51184.7345    79579    East         300       0x101ff       1.5941           -6.319  0.079   97   2 130 170 126   0   3    -99    -99  5443  3.322  30462 1  -5.755  0.081   74   2 123  73   0   0  12    -99    -99  6218  3.255  30462 1  
    51189.7466    79678    East         300       0x101ff       1.7366           -6.157  0.093   79   2 124 187   0   0   3    -99    -99 10883  3.066  30462 1  -5.732  0.084   67   2 124  82   0   0  12    -99    -99  8006  3.031  30462 1  
    51195.5790    79767    East         300       0x101ff       1.2193           -5.593  0.131   74   2 121 169   0   0   3    -99    -99  2176  2.372  30462 1  -5.567  0.075   68   2 127  71   0   0  12    -99    -99  1567  2.323  30462 1  
    51206.6872    79857    East         300       0x101ff       1.6609           -6.303  0.069   74   2 125 131   0   0   3    -99    -99  2504  2.804  30462 1  -5.694  0.073   77   2 124  62   0   0  12    -99    -99  1516  2.689  30462 1  
    51214.7350    79974    East         300       0x101ff       2.1708              -99    -99  999 999 999 999 999 999  -1    -99    -99   -99    -99      0 0  -5.804  0.076   82   2 132  62   0   0  12    -99    -99  6755  3.122  30462 1  
    51223.7038    80063    East         300       0x101ff       2.1111           -6.373  0.082   24   2 135 182  85   0   3    -99    -99  3469  3.527  30462 1  -5.714  0.079   79   2 134  54   0   0  12    -99    -99  1918  3.400  30462 1  
    51227.6325    80170    East         300       0x101ff       1.6771           -6.012  0.117   68   2 140 156   0   0   3    -99    -99  2570  4.092  30462 1  -5.750  0.079   50   2 137  58   0   0  12    -99    -99  1677  4.011  30462 1  
    51231.7086    80358    East         300       0x101ff       2.3757           -6.404  0.069   82   2 128 187   0   0   3    -99    -99  3047  3.546  30462 1  -5.836  0.066   70   2 127  53   0   0  12    -99    -99  1658  3.411  30462 1  
    51241.5032    80498    East         300       0x101ff       1.3172           -6.183  0.078   88   2 128 189   1   0   3    -99    -99  6954  2.765  30462 1  -5.558  0.076   81   2 121  80   0   0  12    -99    -99  9296  2.518  30462 1  
    51241.6481    80528    East         300       0x101ff       2.0555           -1.671  -6815  109   5 140 175   0   0   3    -99    -99  9015  3.691  30462 1  -5.839  0.081   75   2 135  73   0   0  12    -99    -99 13111  3.595  30462 1  
    51246.6121    80702    East         300       0x101fb       1.8796           -6.425  0.068   48   2 131 139  22   0   3    -99    -99  3440  3.019  30462 1  -5.692  0.067   76   2 124  51   0   0  12    -99    -99  2748  2.850  30462 1  
    51249.5368    80819    East         300       0x101ff       1.5018           -6.140  0.078   71   2 132 116   0   0   3    -99    -99  2358  2.720  30462 1  -5.669  0.068   67   2 115  73   0   0  12    -99    -99  1661  2.649  30462 1  
    51251.4596    80986    East         300       0x101ff       1.2789           -6.320  0.073   71   2 134 148   0   0   3    -99    -99  2613  3.661  30462 1  -5.664  0.081   74   2 131  43   0   0  12    -99    -99  1781  3.624  30462 1  
    51260.4626    81205    East         300       0x101ff       1.3474           -5.897  0.113   62   4 134 147   1   0   3    -99    -99  2939  2.662  30462 1  -5.758  0.063   63   2 129  72   0   0  12    -99    -99  2025  2.618  30462 1  
    51265.5344    81389    East         300       0x101ff       1.7098              -99    -99  999 999 999 999 999 999  -1    -99    -99   -99    -99      0 0  -5.661  0.133   60   2 145  58   0   0  12    -99    -99  7879  5.683  30462 1  
    51278.3845    81590    East         300       0x101bf       1.2763           -6.341  0.105  -26   2 126 110   0   0   2    -99    -99  6219  2.551  30462 1  -5.705  0.126   86   2 125  85   0   0  12    -99    -99  3886  2.556  30462 1  
    51281.5257    81922    East         300       0x101ff       1.9476           -6.102  0.136   72   2 143  53   0   0   2    -99    -99  2664  6.193  30462 1  -5.571  0.149   64   4 144  68   0   0  12    -99    -99  2025  6.326  30462 1  
    51287.4446    82299    East         300       0x101ff       1.5543           -6.279  0.089   45   2 140  39   0   0   2    -99    -99  2212  4.522  30462 1  -5.643  0.102   62   2 142  47   0   0  12    -99    -99  1651  4.658  30462 1  
    51293.3915    82925    East         300       0x101ff       1.4070           -6.274  0.099  -68   2 124 123   0   0   2    -99    -99 15487  2.382  30462 1  -5.598  0.113   89   2 114  87   0   0  12    -99    -99 12480  2.317  30462 1  
    51299.4981    83215    East         300       0x101ff       2.1308           -5.953  0.241 -108   6 143 130   0   0   2    -99    -99 30761  3.328  30462 1  -6.027  0.155  -61   2 131  90   0   0  12    -99    -99 26292  3.336  30462 1  
    51302.3964    83511    East         300       0x101ff       1.5212           -6.273  0.076   70   2 136  65   0   0   2    -99    -99  3152  2.800  30462 1  -5.703  0.070   79   2 123  68   0   0  12    -99    -99  2137  2.852  30462 1  
    51305.3807    83830    East         300       0x101ff       1.4892           -6.270  0.104   58   2 125  84   0   0   2    -99    -99  6111  2.835  30462 1  -5.754  0.096   56   2 124  85   0   0  12    -99    -99  4064  2.879  30462 1  
    51308.3797    83978    East         300       0x101ff       1.5199           -6.294  0.068   64   2 130  62   0   0   2    -99    -99  2742  2.600  30462 1  -5.648  0.068   73   2 115  65   0   0  12    -99    -99  1864  2.604  30462 1  
    51315.4022    84527    East         300       0x101ff       1.7364           -6.281  0.067   74   2 123  74   0   0   2    -99    -99  4232  2.369  30462 1  -5.674  0.062   81   2 119  64   0   0  12    -99    -99  2242  2.394  30462 1  
    51319.4420    84949    East         300       0x101ff       2.0860           -6.322  0.093   57   2 125  74   0   0   2    -99    -99  7213  3.099  30462 1  -5.660  0.109   71   2 130  83   0   0  12    -99    -99  5212  3.146  30462 1  
    51330.3813    85357    East         300       0x101ff       1.8705           -6.151  0.068   73   2 125  79   0   0   2    -99    -99  6821  2.134  30462 1  -5.626  0.057   74   2 114  89   0   0  12    -99    -99  4844  2.070  30462 1  
    51344.3711    85954    East         300       0x101ff       2.0942           -5.110  0.750   32   6 155  68   0   0   2    -99    -99  3364  9.029  30462 1  -5.458  0.396  -74   6 155  67   0   0  12    -99    -99  2323  9.501  30462 1  
    51355.3840    86889    East         300       0x101ff       2.5396           -6.337  0.103   46   2 141  66   0   0   2    -99    -99 12164  4.438  30462 1  -5.823  0.106   65   2 139  69   0   0  12    -99    -99 11005  4.566  30462 1  
    51381.7511    88142    West         300       0x001bf       1.8191              -99    -99  999 999 999 999 999 999  -1    -99    -99   -99    -99      0 0  -5.604  0.155   65   2 155  30   0   0   8    -99    -99  2237  5.816  30462 1  
    51392.7008    89024    West         300       0x101ff       1.9663           -6.355  0.094   78   2 143  45   0   0   6    -99    -99  6163  4.348  30462 1  -5.794  0.107   82   2 147  56   0   0   8    -99    -99  7141  4.345  30462 1  
    51395.7455    89375    West         300       0x101ff       1.6247           -6.468  0.118  -42   2 151 105   0   0   6    -99    -99  4758  5.023  30462 1  -4.981  0.298   92   6 157 157   0   0   8    -99    -99  3323  5.408  30462 1  
    51405.7618    89960    West         300       0x101ff       1.4338           -6.366  0.089   54   2 142  30   0   0   6    -99    -99  2532  3.836  30462 1  -5.619  0.109   72   2 143  42   0   0   8    -99    -99  2405  3.914  30462 1  
    51408.7507    90231    West         300       0x101ff       1.4445           -6.369  0.085   73   2 144  34   0   0   6    -99    -99  2800  3.926  30462 1  -5.690  0.103   82   2 143  48   0   0   8    -99    -99  2365  3.879  30462 1  
    51411.7780    90477    West         300       0x101ff       1.3314           -6.384  0.089   60   2 141  49   0   0   6    -99    -99  3177  4.089  30462 1  -5.695  0.101   77   2 143  49   0   0   8    -99    -99  2327  4.166  30462 1  
    51420.6925    91062    West         300       0x101ff       1.5496           -6.318  0.072   73   2 129  71   0   0   6    -99    -99  6712  2.584  30462 1  -5.590  0.096   74   2 122  74   0   0   8    -99    -99  8457  2.553  30462 1  
    51423.7333    91257    West         300       0x101ff       1.3652           -6.285  0.072   62   2 114  78   0   0   6    -99    -99  4710  2.546  30462 1  -5.570  0.087   65   2 119  76   0   0   8    -99    -99  3624  2.583  30462 1  
    51431.7106    91632    West         300       0x101ff       1.3681           -6.357  0.088   68   2 141  41   0   0   6    -99    -99  2506  5.271  30462 1  -5.388  0.145   77   2 146  42   0   0   8    -99    -99  2119  5.304  30462 1  
    51434.7024    91953    West         300       0x101ff       1.3677           -6.244  0.068   54   2 127  80   0   0   6    -99    -99  2717  2.443  30462 1  -5.444  0.092   51   2 128  77   0   0   8    -99    -99  2539  2.488  30462 1  
    51439.6782    92131    West         300       0x101ff       1.4016           -6.228  0.094   66   2 141  50   0   0   6    -99    -99  2456  4.066  30462 1  -5.496  0.103   76   2 134  50   0   0   8    -99    -99  2249  4.071  30462 1  
    51440.7765    92232    West         300       0x101ff       1.1933           -6.342  0.065   62   2 125  67   0   0   6    -99    -99  2376  2.770  30462 1  -5.417  0.090   70   2 132  70   0   0   8    -99    -99  2073  2.697  30462 1  
    51449.6783    92463    West         300       0x101ff       1.3208           -6.130  0.072   58   2 125  78   0   0   6    -99    -99  8958  2.235  30462 1  -5.449  0.086   48   2 129  86   0   0   8    -99    -99  8917  2.197  30462 1  
    51458.7422    92627    West         300       0x101ff       1.1810           -6.168  0.070   46   2 114  74   0   0   6    -99    -99  2842  2.434  30462 1  -5.379  0.082   28   2 125  81   0   0   8    -99    -99  1994  2.361  30462 1  
    51463.5650    92759    West         300       0x101ff       1.5978           -6.143  0.079   77   2 127  64   0   0   6    -99    -99  3080  2.977  30462 1  -5.236  0.106   93   2 126  65   0   0   8    -99    -99  2845  2.878  30462 1  
    51470.6410    92942    West         300       0x101ff       1.2740           -5.999  0.123   59   2 141  59   0   0   6    -99    -99  3259  5.446  30462 1  -5.410  0.125   62   2 141  56   0   0   8    -99    -99  3532  5.471  30462 1  
    51472.5845    93077    West         300       0x101ff       1.4134           -6.230  0.098   60   2 141  51   0   0   6    -99    -99  5609  4.905  30462 1  -5.436  0.128   67   2 137  70   0   0   8    -99    -99  8547  4.912  30462 1  
    51477.6539    93174    West         300       0x101ff       1.2187           -6.049  0.102   53   2 135  64   0   0   6    -99    -99  9775  3.924  30462 1  -5.354  0.136  -63   2 134  72 192   0   8    -99    -99  9686  4.067  30462 1  
    51479.5122    93269    West         300       0x101ff       1.6445           -6.092  0.090   71   2 131  49   0   0   6    -99    -99  3878  3.765  30462 1  -5.248  0.117   81   2 135  62   0   0   8    -99    -99  2862  3.756  30462 1  
    51484.5295    93393    West         300       0x101ff       1.4977           -6.249  0.083   52   2 135  48   0   0   6    -99    -99  2822  4.122  30462 1  -5.447  0.108   56   2 135  58   0   0   8    -99    -99  2237  4.236  30462 1  
    51489.5063    93524    West         300       0x101fb       1.5389           -6.276  0.083   62   2 135  53   0   0   6    -99    -99  2903  4.528  30462 1  -5.366  0.117   75   2 140  44   0   0   8    -99    -99  2296  4.587  30462 1  
    51492.5527    93629    West         300       0x1017f       1.3422           -6.295  0.074   60   2 132  44   0   0   6    -99    -99  2466  4.006  30462 1  -5.452  0.095   70   2 131  52   0   0   8    -99    -99  2186  4.051  30462 1  
    51494.6281    93734    West         300       0x101ff       1.1942           -6.159  0.070   65   2 126  66   0   0   6    -99    -99  2286  2.650  30462 1  -5.354  0.081   65   2 122  71   0   0   8    -99    -99  2159  2.549  30462 1  
    51509.4855    93950    West         300       0x101ff       1.4061           -6.143  0.094   56   2 132  71   0   0   6    -99    -99  4100  4.163  30462 1  -5.376  0.113   38   2 133  63   0   0   8    -99    -99  3121  4.349  30462 1  
    51512.6321    94044    West         300       0x101ff       1.1675           -6.104  0.070   28   2 120  79   0   0   6    -99    -99  2514  2.375  30462 1  -5.267  0.077   -7   2 104  91   0   0   8    -99    -99  2180  2.238  30462 1  
    51513.7356    94132    West         300       0x101ff       1.2682           -6.102  0.082   62   2 123  79   0   0   6    -99    -99 12929  3.066  30462 1  -5.438  0.091  -17   2 121  83   0   0   8    -99    -99 11740  2.936  30462 1  
    51515.5865    94229    West         300       0x101ff       1.1810           -6.005  0.103   66   2 136  22   0   0   6    -99    -99  1822  5.008  30462 1  -5.384  0.102   51   2 131  49   0   0   8    -99    -99  1601  5.016  30462 1  
    51526.6927    94439    East         300       0x101ff       1.2538              -99    -99  999 999 999 999 999 999  -1    -99    -99   -99    -99      0 0  -5.501  0.258   76   4 120  91   0   0  12    -99    -99  4166  2.800  30462 1  
    51532.6103    94536    West         300       0x000ff       1.1762           -6.247  0.079    0   2 129  69   0   0   6    -99    -99  6817  3.046  30462 1  -5.667  0.080  -54   2 126  77   0   0   8    -99    -99  7066  3.161  30462 1  
    51541.7332    94660    East         300       0x101ff       1.4906              -99    -99  999 999 999 999 999 999  -1    -99    -99   -99    -99      0 0  -5.588  0.096   80   2 137  61   0   0  12    -99    -99  4492  3.319  30462 1  
    51546.6087    94746    East         300       0x101ff       1.2082              -99    -99  999 999 999 999 999 999  -1    -99    -99   -99    -99      0 0  -5.442  0.095   78   2 125  57   0   0  12    -99    -99  1826  2.881  30462 1  
