!  Star 73.13246.10                        RA  06 01 43.297   DEC  -69 08 30.69
#  274 observations from the production databases
#  Field inception date: 50235.0833
#  Pixel coordinate system: none
#
#  Template         magnitude        chip coordinates        west-chunk
#     Red:            -9.020          740.94,  283.31            123
#    Blue:            -9.328          754.33,  299.05            113
#
!         Date    Obsid    Pier    Exposure     Checklist      Airmass             rMag   rErr  rDS rTF rCP rX2 rMP rCR  rA  rXpix  rYpix  rSky  rFWHM  rTobs r    bMag   bErr  bDS bTF bCP bX2 bMP bCR  bA  bXpix  bYpix  bSky  bFWHM  bTobs b  
    49006.6059     2879    West         300       0x101bf       1.2922              -99    -99  999 999 999 999 999 999  -1    -99    -99   -99    -99      0 0  -9.257  0.002    0   1   0 163   0   0  15    -99    -99  1246  3.962   4467 1  
    49037.7358     3586    East         300       0x101bf       2.3508           -9.119  0.003    0   1   0 157   0   0   4    -99    -99  2554  4.735   4467 1  -9.419  0.003    0   1   0 195 204   0  11    -99    -99  2150  4.412   4467 1  
    49042.7089     3670    East         300       0x101bf       2.2316           -9.018  0.003    0   1   0 168   0   0   4    -99    -99  2804  3.748   4467 1  -9.333  0.002    0   1   0 214   0   0  11    -99    -99  1896  3.746   4467 1  
    49068.4422     4467    East         300       0x101bf       1.3005           -9.018  0.002    0   1   0 149   0   0   4    -99    -99  2298  2.416   4467 1  -9.329  0.001    0   1   0 253   0   0  11    -99    -99  1827  2.175   4467 1  
    49094.6400     5341    East         300       0x101bf       2.9572           -9.140  0.005    0   1   0 118   0   0   4    -99    -99  3488  3.490   4467 1  -9.381  0.004    0   1   0 213 128   0  11    -99    -99  2972  3.623   4467 1  
    49114.5817     6507    East         300       0x101bf       2.9111           -8.814  0.012    0   1   0 101   0   0   4    -99    -99 23446  6.120   4467 1  -9.156  0.011    0   1   0 100 172   0  11    -99    -99 23891  6.361   4467 1  
    49123.5649     6967    East         300       0x101bf       2.9950           -8.853  0.003    0   1   0 147  50   1   4    -99    -99  4121  4.179   4467 1  -9.185  0.003    0   1   0 132   0   0  11    -99    -99  2826  4.404   4467 1  
    49126.5574     7287    East         300       0x101bf       3.0082           -8.967  0.003    0   1   0 132   0   0   4    -99    -99  3510  3.310   4467 1  -9.266  0.002    0   1   0 177   0   0  11    -99    -99  2687  3.493   4467 1  
    49188.7641    10171    West         300       0x101bf       1.7956              -99    -99  999 999 999 999 999 999  -1    -99    -99   -99    -99      0 0  -9.324  0.003    0   1   0 161   0   0  15    -99    -99  1615  4.704   4467 1  
    49196.8134    10538    West         300       0x101bf       1.4726              -99    -99  999 999 999 999 999 999  -1    -99    -99   -99    -99      0 0  -9.164  0.003    0   1   0 126   0   0  15    -99    -99  2008  4.577   4467 1  
    49210.7286    11134    West         300       0x101bf       1.6653              -99    -99  999 999 999 999 999 999  -1    -99    -99   -99    -99      0 0  -9.312  0.004    0   1   0 118   0   0  15    -99    -99  2553  6.162   4467 1  
    49218.6829    11561    West         300       0x101bf       1.7943              -99    -99  999 999 999 999 999 999  -1    -99    -99   -99    -99      0 0  -9.202  0.005    0   1   0 105   0   0  15    -99    -99  4095  3.986   4467 1  
    49218.7105    11563    West         300       0x101bf       1.6481              -99    -99  999 999 999 999 999 999  -1    -99    -99   -99    -99      0 0  -9.207  0.003    0   1   0 129   0   0  15    -99    -99  2432  3.733   4467 1  
    49224.7136    11967    West         300       0x101bf       1.5612              -99    -99  999 999 999 999 999 999  -1    -99    -99   -99    -99      0 0  -9.280  0.002    0   1   0 149   0   0  15    -99    -99  2380  2.725   4467 1  
    49256.6990    12350    West         300       0x101bf       1.3338              -99    -99  999 999 999 999 999 999  -1    -99    -99   -99    -99      0 0  -9.350  0.002    0   1   0 219   0   0  15    -99    -99  4663  2.497   4467 1  
    49269.7295    12776    West         300       0x101bf       1.2302              -99    -99  999 999 999 999 999 999  -1    -99    -99   -99    -99      0 0  -9.295  0.005    0   1   0 113   0   0  15    -99    -99  2443  7.325   4467 1  
    49282.7269    13050    West         300       0x101bf       1.2086              -99    -99  999 999 999 999 999 999  -1    -99    -99   -99    -99      0 0  -9.349  0.003    0   1   0 149   0   0  15    -99    -99  2328  3.337   4467 1  
    49287.7246    13247    West         300       0x101bf       1.2054              -99    -99  999 999 999 999 999 999  -1    -99    -99   -99    -99      0 0  -9.342  0.002    0   1   0 194   0   0  15    -99    -99  2467  2.900   4467 1  
    49309.7424    13556    West         300       0x101bf       1.2425              -99    -99  999 999 999 999 999 999  -1    -99    -99   -99    -99      0 0  -9.299  0.002    0   1   0 153   0   0  15    -99    -99  7443  3.518   4467 1  
    49315.6388    13788    West         300       0x101bf       1.2078              -99    -99  999 999 999 999 999 999  -1    -99    -99   -99    -99      0 0  -9.397  0.002    0   1   0 156   0   0  15    -99    -99  3828  3.017   4467 1  
    49378.5838    14160    West         300       0x00110       1.2847              -99    -99  999 999 999 999 999 999  -1    -99    -99   -99    -99      0 0  -9.230  0.004    0   1   0 140   0   0  15    -99    -99 21136  2.878   4467 1  
    49390.6636    14466    East         300       0x101bf       1.6275           -9.081  0.002    0   1   0 187   0   0   4    -99    -99  2695  4.146   4467 1     -99    -99  999 999 999 999 999 999  11    -99    -99  2333  4.128   4467 0  
    49425.7244    15274    East         300       0x101bf       2.8709           -8.901  0.003    0   1   0 129   0   0   4    -99    -99  3951  3.524   4467 1     -99    -99  999 999 999 999 999 999  11    -99    -99  2943  3.552   4467 0  
    49448.6746    16066    East         300       0x101bf       3.0112           -9.038  0.010    0   1   0 117   0   0   4    -99    -99  3233  9.518   4467 1     -99    -99  999 999 999 999 999 999  -1    -99    -99   -99    -99      0 0  
    49463.5952    16763    East         300       0x101bf       2.5919           -8.838  0.003    0   1   0 125   0   0   4    -99    -99  6784  3.272   4467 1  -9.142  0.003    0   1   0 153   0   0  11    -99    -99  8929  3.413   4467 1  
    49472.6094    17235    East         300       0x101bf       3.0150           -9.022  0.006    0   1   0 113   0   0   4    -99    -99  7448  5.955   4467 1  -9.339  0.005    0   1   0 114   0   0  11    -99    -99  6749  6.312   4467 1  
    49484.5748    17752    East         300       0x101bf       2.9964           -9.008  0.002    0   1   0 134   0   0   4    -99    -99  3437  3.300   4467 1  -9.298  0.002    0   1   0 179   0   0  11    -99    -99  2514  3.504   4467 1  
    49514.4939    19131    East         300       0x101bf       3.0074           -8.831  0.003    0   1   0 144   0   0   4    -99    -99  2713  3.613   4467 1  -9.123  0.002    0   1   0 169   0   0  11    -99    -99  2161  3.803   4467 1  
    49540.7863    20408    West         300       0x001bf       1.8825              -99    -99  999 999 999 999 999 999  -1    -99    -99   -99    -99      0 0  -9.198  0.003    0   1   0 142   0   0  15    -99    -99  2035  4.483   4467 1  
    49549.7423    20933    West         300       0x101bf       2.0157              -99    -99  999 999 999 999 999 999  -1    -99    -99   -99    -99      0 0  -9.399  0.004    0   1   0 131   0   0  15    -99    -99  2083  5.913   4467 1  
    49549.7558    20936    West         300       0x101bf       1.9218              -99    -99  999 999 999 999 999 999  -1    -99    -99   -99    -99      0 0  -9.372  0.003    0   1   0 115   0   0  15    -99    -99  1979  6.017   4467 1  
    49554.7313    21233    West         300       0x101bf       1.9957              -99    -99  999 999 999 999 999 999  -1    -99    -99   -99    -99      0 0  -9.372  0.003    0   1   0 121   0   0  15    -99    -99 11977  3.311   4467 1  
    49554.7506    21237    West         300       0x101bf       1.8661              -99    -99  999 999 999 999 999 999  -1    -99    -99   -99    -99      0 0  -9.356  0.005    0   1   0 109   0   0  15    -99    -99 12145  4.322   4467 1  
    49567.7925    22021    West         300       0x101bf       1.4900              -99    -99  999 999 999 999 999 999  -1    -99    -99   -99    -99      0 0  -9.313  0.002    0   1   0 139   0   0  15    -99    -99  1917  3.405   4467 1  
    49574.7793    22522    West         300       0x101bf       1.4690              -99    -99  999 999 999 999 999 999  -1    -99    -99   -99    -99      0 0  -9.170  0.002    0   1   0 187   0   0  15    -99    -99  2062  1.997   4467 1  
    49580.7232    22882    West         300       0x101bf       1.6291              -99    -99  999 999 999 999 999 999  -1    -99    -99   -99    -99      0 0  -9.202  0.002    0   1   0 158   1   1  15    -99    -99  2569  2.989   4467 1  
    49592.7618    23543    West         300       0x101bf       1.3739              -99    -99  999 999 999 999 999 999  -1    -99    -99   -99    -99      0 0  -9.439  0.002    0   1   0 179   0   0  15    -99    -99  3066  3.801   4467 1  
    49609.7527    24365    West         300       0x101bf       1.2919              -99    -99  999 999 999 999 999 999  -1    -99    -99   -99    -99      0 0  -9.318  0.003    0   1   0  97   0   0  15    -99    -99  1700  5.167   4467 1  
    49618.6782    24868    West         300       0x101bf       1.4088              -99    -99  999 999 999 999 999 999  -1    -99    -99   -99    -99      0 0  -9.214  0.006    0   1   0  94   0   0  15    -99    -99  9632  4.318   4467 1  
    49618.6946    24870    West         300       0x101bf       1.3640              -99    -99  999 999 999 999 999 999  -1    -99    -99   -99    -99      0 0  -9.199  0.004    0   1   0 118   0   0  15    -99    -99  6099  4.631   4467 1  
    49633.7361    25473    West         300       0x101bf       1.2270              -99    -99  999 999 999 999 999 999  -1    -99    -99   -99    -99      0 0  -9.305  0.002    0   1   0 178   0   0  15    -99    -99  1514  3.268   4467 1  
    49648.6377    26029    West         300       0x101bf       1.3081              -99    -99  999 999 999 999 999 999  -1    -99    -99   -99    -99      0 0  -9.294  0.002    0   1   0 155   0   0  15    -99    -99  4490  2.239   4467 1  
    49699.6505    27184    West         300       0x101bf       1.2196              -99    -99  999 999 999 999 999 999  -1    -99    -99   -99    -99      0 0  -9.278  0.005    0   1   0 103   0   0  15    -99    -99  3115  6.889   4467 1  
    49717.6027    27516    East         300       0x101bf       1.2192           -8.963  0.002    0   1   0 175   0   0   4    -99    -99  1782  2.855   4467 1  -9.299  0.002    0   1   0 183   0   0  11    -99    -99  1587  2.725   4467 1  
    49729.6450    27667    East         300       0x101bf       1.3274           -8.885  0.002    0   1   0 201   0   0   4    -99    -99  3771  2.729   4467 1  -9.213  0.002    0   1   0 202 203   0  11    -99    -99  3029  2.474   4467 1  
    49741.5644    27863    East         300       0x101bf       1.2462           -9.025  0.002    0   1   0 167   0   0   4    -99    -99  1896  2.924   4467 1  -9.337  0.002    0   1   0 161   0   0  11    -99    -99  1597  2.722   4467 1  
    49747.5726    28052    East         300       0x101bf       1.2823           -9.085  0.002    0   1   0 150   0   0   4    -99    -99  1569  3.045   4467 1  -9.370  0.002    0   1   0 253  64   0  11    -99    -99  1452  2.875   4467 1  
    49764.5961    28550    East         300       0x101bf       1.4557           -9.008  0.002    0   1   0 130   0   0   4    -99    -99 12619  2.273   4467 1  -9.285  0.002    0   1   0 253 103   0  11    -99    -99 19363  2.022   4467 1  
    49789.6987    28928    East         300       0x101bf       2.5569           -8.945  0.002    0   1   0 167   0   0   4    -99    -99  3521  3.793   4467 1  -9.244  0.002    0   1   0 169   0   0  11    -99    -99  3141  3.637   4467 1  
    49797.6892    29228    East         300       0x101bf       2.6850           -9.061  0.003    0   1   0 154   0   0   4    -99    -99  6276  3.910   4467 1  -9.344  0.002    0   1   0 151 128   0  11    -99    -99  6965  3.924   4467 1  
    49809.6528    29844    East         300       0x101bf       2.6475           -9.073  0.003    0   1   0 150   0   0   4    -99    -99  2172  4.641   4467 1  -9.308  0.003    0   1   0 253 185   0  11    -99    -99  1850  4.652   4467 1  
    49829.5891    30468    East         300       0x101bf       2.5533           -8.815  0.003    0   1   0 143   0   0   4    -99    -99  2784  3.234   4467 1  -9.059  0.002    0   1   0 253 159   0  11    -99    -99  2519  3.340   4467 1  
    49929.6860    33736    West         300       0x101bf       2.1350              -99    -99  999 999 999 999 999 999  -1    -99    -99   -99    -99      0 0  -9.313  0.005    0   1   0  92   0   0  15    -99    -99  1716  7.326   4467 1  
    49937.7174    34280    West         300       0x101bf       1.7746              -99    -99  999 999 999 999 999 999  -1    -99    -99   -99    -99      0 0  -9.247  0.006    0   1   0  93   0   0  15    -99    -99  7107  6.143   4467 1  
    49941.7623    34700    West         300       0x101bf       1.5126              -99    -99  999 999 999 999 999 999  -1    -99    -99   -99    -99      0 0  -9.298  0.003    0   1   0 184   0   0  15    -99    -99  9604  3.317   4467 1  
    49943.6619    34904    West         300       0x101bf       2.0276              -99    -99  999 999 999 999 999 999  -1    -99    -99   -99    -99      0 0  -9.319  0.003    0   1   0 124   0   0  15    -99    -99  9034  3.184   4467 1  
    49947.6975    35208    West         300       0x101bf       1.7333              -99    -99  999 999 999 999 999 999  -1    -99    -99   -99    -99      0 0  -9.315  0.002    0   1   0 159   0   0  15    -99    -99  2337  3.337   4467 1  
    49953.8120    35658    West         300       0x100bf       1.2894              -99    -99  999 999 999 999 999 999  -1    -99    -99   -99    -99      0 0  -9.273  0.002    0   1   0 132   0   0  15    -99    -99  1958  3.640   4467 1  
    49972.7479    36509    West         300       0x101bf       1.3128              -99    -99  999 999 999 999 999 999  -1    -99    -99   -99    -99      0 0  -9.288  0.002    0   1   0 173   0   0  15    -99    -99  5394  2.547   4467 1  
    49982.7204    36831    West         300       0x101bf       1.3131              -99    -99  999 999 999 999 999 999  -1    -99    -99   -99    -99      0 0  -9.333  0.002    0   1   0 161   0   0  15    -99    -99  1643  2.618   4467 1  
    49987.7608    36981    West         300       0x101bf       1.2326              -99    -99  999 999 999 999 999 999  -1    -99    -99   -99    -99      0 0  -9.326  0.002    0   1   0 173   0   0  15    -99    -99  1676  3.064   4467 1  
    50006.6688    37569    West         300       0x101bf       1.2867              -99    -99  999 999 999 999 999 999  -1    -99    -99   -99    -99      0 0  -9.362  0.002    0   1   0 172   0   0  15    -99    -99  2343  3.509   4467 1  
    50088.7483    38910    East         300       0x101bf       1.6106           -8.931  0.002    0   1   0 128   0   0   4    -99    -99 18355  2.473   4467 1  -9.207  0.002    0   1   0 249   0   0  11    -99    -99 25261  2.268   4467 1  
    50123.7594    39436    East         300       0x101bf       2.3222           -8.910  0.004    0   1   0 109   0   0   4    -99    -99  5058  5.273   4467 1  -9.220  0.003    0   1   0 104   0   0  11    -99    -99  6547  5.417   4467 1  
    50131.7682    39848    East         300       0x101bf       2.6190           -8.981  0.003    0   1   0 148   0   0   4    -99    -99  2513  4.517   4467 1  -9.257  0.003    0   1   0 236 184   0  11    -99    -99  2333  4.335   4467 1  
    50174.6542    41103    East         300       0x101bf       2.6548           -8.984  0.012    0   1   0  92   0   0   4    -99    -99  9250  8.481   4467 1  -9.322  0.013    0   1   0 101   0   0  11    -99    -99 15903  8.109   4467 1  
    50212.5135    42473    East         300       0x101bf       2.2967           -8.992  0.003    0   1   0 127   0   0   4    -99    -99  3504  4.230   4467 1  -9.289  0.002    0   1   0 225   0   0  11    -99    -99  2163  4.325   4467 1  
    50218.4815    42915    East         300       0x101bf       2.1627           -9.142  0.002    0   1   0 139   0   0   4    -99    -99  3115  2.573   4467 1  -9.428  0.002    0   1   0 193   0   0  11    -99    -99  2086  2.547   4467 1  
    50229.4416    43752    East         300       0x101bf       2.0848           -9.071  0.003    0   1  26 143   0   0   4    -99    -99  4419  3.468   4467 1  -9.366  0.003    0   1  15 144   0   0  11    -99    -99  4602  3.351   4467 1  
    50305.8032    47178    West         300       0x101bf       1.3905              -99    -99  999 999 999 999 999 999  -1    -99    -99   -99    -99      0 0  -9.355  0.005    0   1   0 109   0   0  15    -99    -99  1907  2.678   4467 1  
    50352.6702    49036    West         300       0x101bf       1.4038              -99    -99  999 999 999 999 999 999  -1    -99    -99   -99    -99      0 0  -9.248  0.009    0   1   0 117   0   0  15    -99    -99 18189  6.809   4467 1  
    50370.7481    49577    West         300       0x101bf       1.2082              -99    -99  999 999 999 999 999 999  -1    -99    -99   -99    -99      0 0  -9.322  0.002    0   1   0 187   0   0  15    -99    -99  1439  2.605   4467 1  
    50384.7380    49986    West         300       0x101bf       1.2044              -99    -99  999 999 999 999 999 999  -1    -99    -99   -99    -99      0 0  -9.304  0.003    0   1   0 231   0   0  15    -99    -99  5433  7.142   4467 1  
    50397.5936    50301    West         300       0x101ff       1.2953              -99    -99  999 999 999 999 999 999  -1    -99    -99   -99    -99      0 0  -9.433  0.002    0   1   0 146   0   0  15    -99    -99  1638  4.250   4467 1  
    50406.6063    50569    West         300       0x101ff       1.2405              -99    -99  999 999 999 999 999 999  -1    -99    -99   -99    -99      0 0  -9.455  0.002    0   1   0 158   0   0  15    -99    -99  3504  2.600   4467 1  
    50416.6157    50868    West         300       0x101ff       1.2112              -99    -99  999 999 999 999 999 999  -1    -99    -99   -99    -99      0 0  -9.483  0.006    0   1   0  98   0   0  15    -99    -99 13322  2.746   4467 1  
    50416.6201    50869    West         300       0x101ff       1.2092              -99    -99  999 999 999 999 999 999  -1    -99    -99   -99    -99      0 0  -9.487  0.005    0   1   0 105   0   0  15    -99    -99 11986  2.739   4467 1  
    50429.6752    51321    West         300       0x101ff       1.2409              -99    -99  999 999 999 999 999 999  -1    -99    -99   -99    -99      0 0  -9.386  0.002    0   1   0 121   0   0  15    -99    -99  1151  5.258   4467 1  
    50438.6919    51650    East         300       0x101ff       1.3031           -9.036  0.002    0   1   0 135   0   0   4    -99    -99  2947  3.218   4467 1  -9.326  0.002    0   1   0 253  91   0  11    -99    -99  2521  3.060   4467 1  
    50451.7213    52001    East         300       0x101ff       1.4778           -8.944  0.002    0   1   0 183   0   0   4    -99    -99  2255  2.527   4467 1  -9.200  0.002    0   1   0 253 185   0  11    -99    -99  2105  2.227   4467 1  
    50462.6171    52345    East         300       0x101ff       1.2862           -9.010  0.002    0   1   0 160   0   0   4    -99    -99  1872  3.154   4467 1  -9.200  0.002    0   1   0 253 130   0  11    -99    -99  1572  2.960   4467 1  
    50479.5994    52692    East         300       0x101ff       1.3450           -9.056  0.002    0   1   0 161   0   0   4    -99    -99  3382  2.453   4467 1  -9.388  0.002    0   1   0 197   0   0  11    -99    -99  2822  2.184   4467 1  
    50484.5427    52829    East         300       0x000bb       1.2630           -8.745  0.003    0   1   0 138   0   0   4    -99    -99  2138  2.667   4467 1  -9.099  0.002    0   1   0 135   0   0  11    -99    -99  1944  2.725   4467 1  
    50486.6748    52933    East         300       0x101ff       1.6878           -8.889  0.002    0   1   0 126   0   0   4    -99    -99  1906  2.826   4467 1  -9.244  0.002    0   1   0 142   0   0  11    -99    -99  1472  2.587   4467 1  
    50493.7439    53033    East         300       0x101ff       2.2987           -9.006  0.002    0   1   0 154   0   0   4    -99    -99  1585  3.458   4467 1  -9.327  0.002    0   1   0 177   0   0  11    -99    -99  1380  3.416   4467 1  
    50495.6352    53138    East         300       0x101ff       1.6153           -9.061  0.002    0   1   0 172   0   0   4    -99    -99  1609  3.045   4467 1  -9.392  0.002    0   1   0 191   0   0  11    -99    -99  1268  3.123   4467 1  
    50497.7741    53263    East         300       0x101ff       2.7014           -9.034  0.003    0   1   0 108   0   0   4    -99    -99  4020  4.673   4467 1  -9.326  0.003    0   1   0 135   0   0  11    -99    -99  3762  4.777   4467 1  
    50504.5027    53409    East         300       0x101ff       1.2869           -9.024  0.002    0   1   0 117   0   0   4    -99    -99  4487  3.141   4467 1  -9.351  0.002    0   1   0 151   0   0  11    -99    -99  7405  3.150   4467 1  
    50510.5578    53547    East         300       0x101ff       1.4693           -8.981  0.002    0   1   0 141   0   0   4    -99    -99  2015  2.749   4467 1  -9.326  0.002    0   1   0 166   0   0  11    -99    -99  1413  2.623   4467 1  
    50519.5763    53737    East         300       0x101ff       1.6464           -9.065  0.003    0   1   0 129   0   0   4    -99    -99  1899  5.011   4467 1  -9.378  0.002    0   1   0 137   0   0  11    -99    -99  1426  4.906   4467 1  
    50521.6827    53875    East         300       0x101ff       2.4404           -8.921  0.003    0   1   0 147   0   0   4    -99    -99  2030  5.263   4467 1  -9.197  0.003    0   1   0 156   0   0  11    -99    -99  1712  5.264   4467 1  
    50525.6038    54037    East         300       0x101ff       1.8931           -8.794  0.003    0   1   0 141   0   0   4    -99    -99  4572  3.673   4467 1  -9.083  0.003    0   1   0 170   0   0  11    -99    -99  4137  3.463   4467 1  
    50529.5421    54236    East         300       0x101ff       1.6141           -8.988  0.003    0   1   0 165   0   0   4    -99    -99  9292  2.923   4467 1  -9.302  0.002    0   1   0 174   0   0  11    -99    -99 15996  2.710   4467 1  
    50532.4773    54397    East         300       0x001ff       1.4048           -9.094  0.002    0   1   0 130   0   0   4    -99    -99  9324  2.430   4467 1  -9.399  0.002    0   1   0 162   0   0  11    -99    -99 15160  2.340   4467 1  
    50534.5956    54548    East         300       0x101ff       2.0057           -9.015  0.003    0   1   0 139   0   0   4    -99    -99  7981  3.832   4467 1  -9.317  0.003    0   1   0 141   0   0  11    -99    -99  9480  3.935   4467 1  
    50539.5195    54734    East         300       0x101ff       1.6359           -9.029  0.002    0   1   0 139   0   0   4    -99    -99  2533  2.529   4467 1  -9.368  0.002    0   1   0 192   0   0  11    -99    -99  1553  2.400   4467 1  
    50542.4669    54879    East         300       0x101ff       1.4578           -9.040  0.004    0   1   0  97   0   0   4    -99    -99  2949  5.114   4467 1  -9.354  0.003    0   1   0 113   0   0  11    -99    -99  2121  5.156   4467 1  
    50545.4791    55130    East         300       0x101ff       1.5323           -8.902  0.003    0   1   0 164   0   0   4    -99    -99  1932  4.381   4467 1  -9.241  0.002    0   1   0 162   0   0  11    -99    -99  1533  4.010   4467 1  
    50547.5869    55338    East         300       0x101ff       2.2160           -8.931  0.002    0   1   0 131   0   0   4    -99    -99  2110  2.918   4467 1  -9.255  0.002    0   1   0 162   0   0  11    -99    -99  1771  2.831   4467 1  
    50551.5168    55530    East         300       0x101ff       1.7947           -8.985  0.002    0   1   0 164   0   0   4    -99    -99  2490  3.386   4467 1  -9.313  0.002    0   1   0 188   1   1  11    -99    -99  1744  3.005   4467 1  
    50553.5941    55693    East         300       0x101ff       2.4284           -8.987  0.003    0   1   0 139   0   0   4    -99    -99  2423  3.978   4467 1  -9.293  0.002    0   1   0 143   0   0  11    -99    -99  2081  3.838   4467 1  
    50557.5163    55883    East         300       0x101bf       1.8929           -8.985  0.003    0   1   0 144   0   0   4    -99    -99  6267  3.268   4467 1  -9.318  0.002    0   1   0 163   0   0  11    -99    -99 10638  3.068   4467 1  
    50564.5703    56062    East         300       0x101ff       2.4888           -8.996  0.002    0   1   0 143   0   0   4    -99    -99  8984  2.582   4467 1  -9.298  0.002    0   1   0 170   0   0  11    -99    -99  8925  2.362   4467 1  
    50568.4931    56428    East         300       0x101ff       1.9388           -8.997  0.002    0   1   0 162   0   0   4    -99    -99  2426  2.745   4467 1  -9.319  0.002    0   1   0 191   0   0  11    -99    -99  1808  2.684   4467 1  
    50573.4635    56770    East         300       0x101ff       1.8350           -9.106  0.005    0   1   0 108   0   0   4    -99    -99  3218  2.855   4467 1  -9.401  0.004    0   1   0 110   0   0  11    -99    -99  2357  2.710   4467 1  
    50577.4850    56990    East         300       0x101ff       2.0559           -8.968  0.006    0   1   0  96   0   0   4    -99    -99  2130  7.549   4467 1  -9.203  0.005    0   1   0 221   0   0  11    -99    -99  1755  7.907   4467 1  
    50580.4445    57209    East         300       0x101ff       1.8361           -9.081  0.002    0   1   0 159   0   0   4    -99    -99  2566  3.212   4467 1  -9.374  0.002    0   1   0 169   0   0  11    -99    -99  2113  3.291   4467 1  
    50592.8278    57464    West         300       0x000ff       2.5168              -99    -99  999 999 999 999 999 999  -1    -99    -99   -99    -99      0 0  -9.357  0.003    0   1   0 131   0   0  15    -99    -99 11005  3.753   4467 1  
    50599.4021    57853    East         300       0x101fb       1.8956           -8.951  0.002    0   1   0 145   0   0   4    -99    -99  3095  3.610   4467 1  -9.290  0.002    0   1   0 147   0   0  11    -99    -99  1857  3.413   4467 1  
    50602.4337    58122    East         300       0x101ff       2.1907           -8.906  0.002    0   1   0 138   0   0   4    -99    -99  3885  3.023   4467 1  -9.201  0.002    0   1   0 213   1   0  11    -99    -99  2270  2.993   4467 1  
    50607.4295    58524    East         300       0x101ff       2.2720           -9.078  0.002    0   1   0 158   0   0   4    -99    -99  2338  2.122   4467 1  -9.317  0.002    0   1   0 253 126   0  11    -99    -99  1731  2.108   4467 1  
    50613.4218    58872    East         300       0x101ff       2.3494           -9.032  0.003    0   1   0 123   0   0   4    -99    -99  4334  4.666   4467 1  -9.320  0.003    0   1   0 147 138   0  11    -99    -99  5220  4.855   4467 1  
    50616.4153    59194    East         300       0x101ff       2.3645           -8.860  0.004    0   1   0 105   0   0   4    -99    -99  7873  4.580   4467 1  -9.159  0.004    0   1   0 121 149   0  11    -99    -99 10287  4.578   4467 1  
    50619.8142    59515    West         200       0x101ff       2.0030              -99    -99  999 999 999 999 999 999  -1    -99    -99   -99    -99      0 0  -9.280  0.003    0   1   0 125   0   0  15    -99    -99  8479  3.033   4467 1  
    50622.8153    59679    West         300       0x101ff       1.9384              -99    -99  999 999 999 999 999 999  -1    -99    -99   -99    -99      0 0  -9.197  0.003    0   1   0 136   0   0  15    -99    -99  8411  3.215   4467 1  
    50631.4030    59869    East         300       0x101ff       2.6478           -9.022  0.003    0   1   0 117   0   0   4    -99    -99  3452  3.699   4467 1  -9.293  0.002    0   1   0 253 143   0  11    -99    -99  2325  3.776   4467 1  
    50634.7776    60280    West         300       0x101ff       1.9722              -99    -99  999 999 999 999 999 999  -1    -99    -99   -99    -99      0 0  -9.295  0.002    0   1   0 123   0   0  15    -99    -99  1891  3.752   4467 1  
    50639.3866    60507    East         300       0x101ff       2.7043           -8.896  0.003    0   1   0 116   0   0   4    -99    -99  2943  4.650   4467 1  -9.221  0.003    0   1   0 122   0   0  11    -99    -99  3125  4.948   4467 1  
    50645.7334    60811    West         300       0x101ff       2.0757              -99    -99  999 999 999 999 999 999  -1    -99    -99   -99    -99      0 0  -9.301  0.004    0   1   0 121   0   0  15    -99    -99  3060  5.520   4467 1  
    50651.7314    61392    West         300       0x101ff       1.9712              -99    -99  999 999 999 999 999 999  -1    -99    -99   -99    -99      0 0  -9.359  0.003    0   1   0 113   0   0  15    -99    -99 11581  3.508   4467 1  
    50656.8333    61676    West         300       0x000bf       1.4158              -99    -99  999 999 999 999 999 999  -1    -99    -99   -99    -99      0 0  -9.292  0.005    0   1   0 122   0   0  15    -99    -99  3560  6.340   4467 1  
    50660.7252    62046    West         300       0x101ff       1.8505              -99    -99  999 999 999 999 999 999  -1    -99    -99   -99    -99      0 0  -9.335  0.003    0   1   0 119   0   0  15    -99    -99  1961  4.621   4467 1  
    50662.7926    62252    West         300       0x101ff       1.4964              -99    -99  999 999 999 999 999 999  -1    -99    -99   -99    -99      0 0  -9.413  0.002    0   1   0 158   0   0  15    -99    -99  1710  3.768   4467 1  
    50670.7674    62705    West         300       0x000bf       1.5089              -99    -99  999 999 999 999 999 999  -1    -99    -99   -99    -99      0 0  -9.413  0.003    0   1   0 129   0   0  15    -99    -99  1976  5.240   4467 1  
    50675.6024    62977    West         300       0x101ff       2.5048              -99    -99  999 999 999 999 999 999  -1    -99    -99   -99    -99      0 0  -9.325  0.010    0   1   0 105   0   0  15    -99    -99  8662  7.773   4467 1  
    50679.7272    63305    West         300       0x101ff       1.5713              -99    -99  999 999 999 999 999 999  -1    -99    -99   -99    -99      0 0  -9.408  0.003    0   1   0 145   0   0  15    -99    -99 13865  3.298   4467 1  
    50681.7274    63530    West         300       0x101ff       1.5477              -99    -99  999 999 999 999 999 999  -1    -99    -99   -99    -99      0 0  -9.393  0.002    0   1   0 147   0   0  15    -99    -99  7262  2.706   4467 1  
    50684.7509    63760    West         300       0x101ff       1.4340              -99    -99  999 999 999 999 999 999  -1    -99    -99   -99    -99      0 0  -9.320  0.005    0   1   0  95   0   0  15    -99    -99  2627  7.597   4467 1  
    50689.7042    64015    West         300       0x101ff       1.5534              -99    -99  999 999 999 999 999 999  -1    -99    -99   -99    -99      0 0  -9.311  0.002    0   1   0 152   0   0  15    -99    -99  1883  2.919   4467 1  
    50701.7020    64209    West         300       0x101ff       1.4419              -99    -99  999 999 999 999 999 999  -1    -99    -99   -99    -99      0 0  -9.132  0.002    0   1   0 156   0   0  15    -99    -99  2107  2.521   4467 1  
    50704.6860    64340    West         300       0x101ff       1.4679              -99    -99  999 999 999 999 999 999  -1    -99    -99   -99    -99      0 0  -9.295  0.002    0   1   0 156   0   0  15    -99    -99  6369  2.513   4467 1  
    50713.7937    64503    West         300       0x101ff       1.2156              -99    -99  999 999 999 999 999 999  -1    -99    -99   -99    -99      0 0  -9.205  0.003    0   1   0  93   0   0  15    -99    -99 11337  3.473   4467 1  
    50717.6955    64620    West         300       0x101ff       1.3401              -99    -99  999 999 999 999 999 999  -1    -99    -99   -99    -99      0 0  -9.385  0.002    0   1   0 195   0   0  15    -99    -99  1579  2.686   4467 1  
    50719.6335    64745    West         300       0x101ff       1.5092              -99    -99  999 999 999 999 999 999  -1    -99    -99   -99    -99      0 0  -9.465  0.002    0   1   0 137   0   0  15    -99    -99  1935  3.763   4467 1  
    50720.7672    64857    West         300       0x101ff       1.2206              -99    -99  999 999 999 999 999 999  -1    -99    -99   -99    -99      0 0  -9.418  0.002    0   1   0 111   0   0  15    -99    -99  1564  4.550   4467 1  
    50722.6537    64988    West         300       0x101ff       1.4141              -99    -99  999 999 999 999 999 999  -1    -99    -99   -99    -99      0 0  -9.294  0.003    0   1   0 135   0   0  15    -99    -99  2873  3.268   4467 1  
    50725.5584    65142    West         300       0x101ff       1.7864              -99    -99  999 999 999 999 999 999  -1    -99    -99   -99    -99      0 0  -9.295  0.006    0   1   0 102   0   0  15    -99    -99  3843  3.554   4467 1  
    50730.6384    65299    West         300       0x101ff       1.3953              -99    -99  999 999 999 999 999 999  -1    -99    -99   -99    -99      0 0  -9.362  0.002    0   1   0 237   0   0  15    -99    -99  1941  1.837   4467 1  
    50731.7573    65379    West         300       0x101ff       1.2090              -99    -99  999 999 999 999 999 999  -1    -99    -99   -99    -99      0 0  -9.376  0.003    0   1   0 115   0   0  15    -99    -99  1457  5.323   4467 1  
    50733.7010    65508    West         300       0x101ff       1.2523              -99    -99  999 999 999 999 999 999  -1    -99    -99   -99    -99      0 0  -9.298  0.002    0   1   0 114   0   0  15    -99    -99  3406  3.661   4467 1  
    50735.6169    65624    West         300       0x101ff       1.4182              -99    -99  999 999 999 999 999 999  -1    -99    -99   -99    -99      0 0  -9.304  0.006    0   1   0 106   0   0  15    -99    -99 11941  5.802   4467 1  
    50736.7176    65724    West         300       0x101ff       1.2255              -99    -99  999 999 999 999 999 999  -1    -99    -99   -99    -99      0 0  -9.293  0.004    0   1   0 111   0   0  15    -99    -99 14120  4.217   4467 1  
    50738.6714    65842    West         300       0x101ff       1.2754              -99    -99  999 999 999 999 999 999  -1    -99    -99   -99    -99      0 0  -9.176  0.004    0   1   0  96   0   0  15    -99    -99  9251  4.407   4467 1  
    50746.5791    66256    West         300       0x101ff       1.4423              -99    -99  999 999 999 999 999 999  -1    -99    -99   -99    -99      0 0  -9.475  0.002    0   1   0 184   0   0  15    -99    -99  2187  2.951   4467 1  
    50748.6126    66342    West         300       0x101fb       1.3362              -99    -99  999 999 999 999 999 999  -1    -99    -99   -99    -99      0 0  -9.458  0.002    0   1   0 160   0   0  15    -99    -99  1836  3.987   4467 1  
    50767.6034    66477    West         300       0x101bb       1.2586              -99    -99  999 999 999 999 999 999  -1    -99    -99   -99    -99      0 0  -9.246  0.002    0   1   0 145   0   0  15    -99    -99  9909  2.900   4467 1  
    50770.5284    66600    West         300       0x101bf       1.3975              -99    -99  999 999 999 999 999 999  -1    -99    -99   -99    -99      0 0  -9.374  0.002    0   1   0 163   0   0  15    -99    -99  2881  2.781   4467 1  
    50774.7040    66736    West         300       0x101bb       1.2170              -99    -99  999 999 999 999 999 999  -1    -99    -99   -99    -99      0 0  -9.458  0.002    0   1   0 199   0   0  15    -99    -99  2271  2.851   4467 1  
    50776.6603    66832    West         300       0x101bf       1.2040              -99    -99  999 999 999 999 999 999  -1    -99    -99   -99    -99      0 0  -9.480  0.001    0   1   0 170   0   0  15    -99    -99  1684  2.726   4467 1  
    50784.6468    66981    West         300       0x101ff       1.2047              -99    -99  999 999 999 999 999 999  -1    -99    -99   -99    -99      0 0  -9.218  0.002    0   1   0 182   0   0  15    -99    -99  1355  2.717   4467 1  
    50793.6377    67095    West         300       0x101ff       1.2093              -99    -99  999 999 999 999 999 999  -1    -99    -99   -99    -99      0 0  -9.369  0.002    0   1   0 253   0   0  15    -99    -99  6828  2.106   4467 1  
    50797.5266    67195    West         300       0x101ff       1.2517              -99    -99  999 999 999 999 999 999  -1    -99    -99   -99    -99      0 0  -9.355  0.002    0   1   0 184   0   0  15    -99    -99  7303  2.750   4467 1  
    50803.5938    67347    West         300       0x101ff       1.2047              -99    -99  999 999 999 999 999 999  -1    -99    -99   -99    -99      0 0  -9.308  0.002    0   1   0 117   0   0  15    -99    -99  1735  4.390   4467 1  
    50805.6309    67462    West         300       0x101ff       1.2260              -99    -99  999 999 999 999 999 999  -1    -99    -99   -99    -99      0 0  -9.359  0.002    0   1   0 189   0   0  15    -99    -99  1494  2.356   4467 1  
    50811.6511    67578    West         300       0x000ff       1.2699              -99    -99  999 999 999 999 999 999  -1    -99    -99   -99    -99      0 0  -9.333  0.002    0   1   0 152   0   0  15    -99    -99  1465  3.417   4467 1  
    50814.6517    67696    West         300       0x001bf       1.2841              -99    -99  999 999 999 999 999 999  -1    -99    -99   -99    -99      0 0  -9.324  0.002    0   1   0 175   0   0  15    -99    -99  1819  2.962   4467 1  
    50825.7069    67812    East         300       0x101ff       1.5139           -8.972  0.002    0   1   0 117   0   0   4    -99    -99 16227  2.298   4467 1  -9.285  0.003    0   1 255 171 214   0  11    -99    -99 18610  2.188   4467 1  
    50832.5595    67905    East         300       0x101ff       1.2279           -8.920  0.002    0   1   0 137   0   0   4    -99    -99  1917  2.550   4467 1  -9.265  0.002    0   1   0 169   0   0  11    -99    -99  2064  2.392   4467 1  
    50839.7286    68125    East         300       0x101ff       1.8017           -9.057  0.002    0   1   0 132   0   0   4    -99    -99  1438  3.697   4467 1  -9.344  0.002    0   1   0 253   0   0  11    -99    -99  1409  3.711   4467 1  
    50842.5373    68247    East         300       0x101ff       1.2327           -9.020  0.002    0   1   0 175   0   0   4    -99    -99  1711  2.438   4467 1  -9.403  0.002    0   1   0 229 205   0  11    -99    -99  1599  2.397   4467 1  
    50845.5844    68359    East         300       0x101ff       1.3175           -8.978  0.002    0   1   0 180   0   0  -1    -99    -99   -99    -99      0 1  -9.287  0.002    0   1   0 183   0   0  -1    -99    -99   -99    -99      0 1  
    50850.7013    68474    East         300       0x101ff       1.8193           -8.943  0.002    0   1   0 165   0   0   4    -99    -99  2161  2.841   4467 1  -9.248  0.002    0   1   0 159   0   0  11    -99    -99  1715  2.645   4467 1  
    50859.5134    68573    East         300       0x101ff       1.2600           -9.116  0.003    0   1   0 133   0   0   4    -99    -99  4086  4.312   4467 1  -9.453  0.002    0   1   0 159   0   0  11    -99    -99  4995  4.537   4467 1  
    50861.6815    68684    East         300       0x101ff       1.8828           -9.064  0.002    0   1   0 181   0   0   4    -99    -99  3647  3.539   4467 1  -9.379  0.002    0   1   0 184   0   0  11    -99    -99  4618  3.250   4467 1  
    50863.5968    68804    East         300       0x1017f       1.4912           -9.111  0.003    0   1   0 148   0   0   4    -99    -99  2701  4.797   4467 1  -9.433  0.002    0   1   0 166   0   0  11    -99    -99  2171  4.831   4467 1  
    50865.6049    68923    East         300       0x101ff       1.5428           -9.053  0.002    0   1   0 148   0   0   4    -99    -99  1799  2.949   4467 1  -9.378  0.002    0   1   0 174   0   0  11    -99    -99  1401  2.862   4467 1  
    50867.6060    69031    East         300       0x101ff       1.5702           -8.906  0.003    0   1   0 191   0   0   4    -99    -99  2480  3.337   4467 1  -9.217  0.002    0   1   0 172   0   0  11    -99    -99  1988  3.131   4467 1  
    50869.6135    69159    East         300       0x101ff       1.6285           -8.939  0.003    0   1   0 124   0   0   4    -99    -99  2303  2.910   4467 1  -9.301  0.002    0   1   0 185   0   0  11    -99    -99  1933  2.915   4467 1  
    50874.6309    69328    East         300       0x101ff       1.7906           -8.924  0.002    0   1   0 169   0   0   4    -99    -99  2007  2.966   4467 1  -9.182  0.002    0   1   0 253 206   0  11    -99    -99  1561  2.940   4467 1  
    50875.6820    69408    East         300       0x1017f       2.1652           -8.940  0.002    0   1   0 174   0   0   4    -99    -99  2274  3.400   4467 1  -9.260  0.002    0   1   0 214  82   0  11    -99    -99  1814  3.584   4467 1  
    50880.5094    69519    East         300       0x000ff       1.3652           -8.995  0.002    0   1   0 154   0   0   4    -99    -99  4465  3.074   4467 1  -9.326  0.002    0   1   0 190 113   0  11    -99    -99  4830  2.888   4467 1  
    50881.6797    69629    East         300       0x101ff       2.2855           -9.003  0.003    0   1   0 137   0   0   4    -99    -99  5994  3.870   4467 1  -9.299  0.002    0   1   0 168   0   0  11    -99    -99  6143  3.832   4467 1  
    50883.6480    69787    East         300       0x101ff       2.0695           -8.944  0.003    0   1   0 111   0   0   4    -99    -99  9012  3.153   4467 1  -9.279  0.003    0   1   0 130 166   0  11    -99    -99 15817  3.241   4467 1  
    50888.6415    69980    East         300       0x101ff       2.1249           -8.896  0.003    0   1   0 115   0   0   4    -99    -99  7660  4.033   4467 1  -9.228  0.003    0   1   0 126   0   0  11    -99    -99 10516  3.983   4467 1  
    50908.6046    70115    East         300       0x001bf       2.2728           -8.754  0.003    0   1   0 154   0   0   4    -99    -99  4188  3.637   4467 1  -9.064  0.002    0   1   0 165   0   0  11    -99    -99  3498  3.526   4467 1  
    50910.5736    70308    East         300       0x101ff       2.0652           -8.793  0.003    0   1   0 172   0   0   4    -99    -99  6761  3.957   4467 1  -9.067  0.004    0   1 255 185 203   0  11    -99    -99  9046  3.899   4467 1  
    50917.5435    70546    East         300       0x101ff       1.9845           -9.032  0.002    0   1   0 167   0   0   4    -99    -99  8593  3.039   4467 1  -9.339  0.002    0   1   0 195   0   0  11    -99    -99  9970  2.814   4467 1  
    50929.5917    70817    East         300       0x101ff       2.7085           -9.000  0.005    0   1   0 132   0   0   4    -99    -99  3061  6.595   4467 1  -9.305  0.004    0   1   0 125   0   0  11    -99    -99  2398  6.842   4467 1  
    50941.4135    71125    East         300       0x101ff       1.6136           -9.019  0.003    0   1   0 117   0   0   4    -99    -99  6306  4.322   4467 1  -9.328  0.003    0   1   0 120   0   0  11    -99    -99  9490  4.299   4467 1  
    50945.4829    71358    East         300       0x101ff       2.1046           -9.021  0.004    0   1   0 106   0   0   4    -99    -99 23085  2.762   4467 1  -9.322  0.003    0   1   0 117   0   0  11    -99    -99 22042  2.612   4467 1  
    50956.4233    71816    East         300       0x101ff       1.8921           -9.006  0.004    0   1   0 123   0   0   4    -99    -99  3051  5.674   4467 1  -9.305  0.003    0   1   0 138   0   0  11    -99    -99  1685  5.881   4467 1  
    50968.4501    72339    East         300       0x101ff       2.3606           -8.808  0.002    0   1   0 131   0   0   4    -99    -99  4907  2.663   4467 1  -9.120  0.002    0   1   0 156   0   0  11    -99    -99  6844  2.566   4467 1  
    50975.3680    72799    East         300       0x101ff       1.8724           -9.067  0.017    0   1   0  93   0   0   4    -99    -99 20243  3.221   4467 1  -9.387  0.012    0   1   0  94   0   0  11    -99    -99 13714  3.191   4467 1  
    50981.4249    73080    East         300       0x101ff       2.4585           -8.977  0.003    0   1   0 134   0   0   4    -99    -99  3601  3.716   4467 1  -9.297  0.002    0   1   0 157   0   0  11    -99    -99  2502  3.674   4467 1  
    50989.7939    73389    West         300       0x101ff       2.0504              -99    -99  999 999 999 999 999 999  -1    -99    -99   -99    -99      0 0  -9.331  0.002    0   1   0 146   0   0  15    -99    -99  1877  3.730   4467 1  
    50995.7666    73769    West         300       0x101ff       2.1341              -99    -99  999 999 999 999 999 999  -1    -99    -99   -99    -99      0 0  -9.275  0.002    0   1   0 155   0   0  15    -99    -99  1949  3.657   4467 1  
    51004.7747    74309    West         300       0x101ff       1.8979              -99    -99  999 999 999 999 999 999  -1    -99    -99   -99    -99      0 0  -9.271  0.003    0   1   0 123   0   0  15    -99    -99 11972  3.393   4467 1  
    51028.6924    75201    West         300       0x101ff       2.0123              -99    -99  999 999 999 999 999 999  -1    -99    -99   -99    -99      0 0  -9.107  0.004    0   1   0 119   0   0  15    -99    -99  3959  4.669   4467 1  
    51034.6989    75364    West         300       0x101ff       1.8582              -99    -99  999 999 999 999 999 999  -1    -99    -99   -99    -99      0 0  -9.314  0.003    0   1   0 126   0   0  15    -99    -99 14094  3.279   4467 1  
    51049.7106    75734    West         300       0x101ff       1.5822              -99    -99  999 999 999 999 999 999  -1    -99    -99   -99    -99      0 0  -9.220  0.002    0   1   0 112   0   0  15    -99    -99  1990  3.276   4467 1  
    51056.6189    76171    West         300       0x101ff       1.9906              -99    -99  999 999 999 999 999 999  -1    -99    -99   -99    -99      0 0  -9.236  0.003    0   1   0 159   0   0  15    -99    -99  3721  3.512   4467 1  
    51061.7439    76400    West         300       0x101ff       1.3603              -99    -99  999 999 999 999 999 999  -1    -99    -99   -99    -99      0 0  -9.365  0.004   -8   1   0 210   0   0  15    -99    -99 11771  6.213   4467 1  
    51072.7129    76668    West         300       0x101ff       1.3623              -99    -99  999 999 999 999 999 999  -1    -99    -99   -99    -99      0 0  -9.332  0.002    0   1   0 131   0   0  15    -99    -99  1840  3.334   4467 1  
    51084.5544    76978    West         300       0x101ff       1.9086              -99    -99  999 999 999 999 999 999  -1    -99    -99   -99    -99      0 0  -9.183  0.005    0   1   0 117   0   0  15    -99    -99  3049  6.131   4467 1  
    51085.7672    77082    West         300       0x101ff       1.2202              -99    -99  999 999 999 999 999 999  -1    -99    -99   -99    -99      0 0  -9.275  0.004    0   1   0 113   0   0  15    -99    -99  1799  5.662   4467 1  
    51087.7447    77220    West         300       0x101ff       1.2354              -99    -99  999 999 999 999 999 999  -1    -99    -99   -99    -99      0 0  -9.318  0.005    0   1   0  97   0   0  15    -99    -99  1998  6.457   4467 1  
    51097.7056    77385    West         300       0x101ff       1.2489              -99    -99  999 999 999 999 999 999  -1    -99    -99   -99    -99      0 0  -9.285  0.002    0   1   0 133   0   0  15    -99    -99  2490  2.618   4467 1  
    51100.6150    77504    West         300       0x1017f       1.4220              -99    -99  999 999 999 999 999 999  -1    -99    -99   -99    -99      0 0  -9.287  0.004    0   1   0 112   0   0  15    -99    -99  1816  6.295   4467 1  
    51102.6818    77640    West         300       0x101ff       1.2626              -99    -99  999 999 999 999 999 999  -1    -99    -99   -99    -99      0 0  -9.320  0.002    0   1   0 176   0   0  15    -99    -99  1670  3.143   4467 1  
    51107.6414    77789    West         300       0x101ff       1.3081              -99    -99  999 999 999 999 999 999  -1    -99    -99   -99    -99      0 0  -9.212  0.002    0   1   0 120   0   0  15    -99    -99  1757  3.527   4467 1  
    51110.6948    77921    West         300       0x101ff       1.2234              -99    -99  999 999 999 999 999 999  -1    -99    -99   -99    -99      0 0  -9.251  0.002    0   1   0 173   0   0  15    -99    -99  1407  3.125   4467 1  
    51113.6633    78071    West         300       0x101ff       1.2472              -99    -99  999 999 999 999 999 999  -1    -99    -99   -99    -99      0 0  -9.335  0.003    0   1   0 112   0   0  15    -99    -99  1459  5.690   4467 1  
    51118.7249    78204    West         300       0x101ff       1.2042              -99    -99  999 999 999 999 999 999  -1    -99    -99   -99    -99      0 0  -9.355  0.002    0   1   0 105   0   0  15    -99    -99  3100  3.736   4467 1  
    51121.5828    78336    West         300       0x101ff       1.3530              -99    -99  999 999 999 999 999 999  -1    -99    -99   -99    -99      0 0  -9.180  0.017    0   1   0 101   0   0  15    -99    -99 30547  3.378   4467 1  
    51132.6609    78458    West         300       0x101ff       1.2081              -99    -99  999 999 999 999 999 999  -1    -99    -99   -99    -99      0 0  -9.249  0.002    0   1   0 174   0   0  15    -99    -99  1468  2.370   4467 1  
    51139.5896    78564    West         300       0x101ff       1.2505              -99    -99  999 999 999 999 999 999  -1    -99    -99   -99    -99      0 0  -9.401  0.002    0   1   0 185   0   0  15    -99    -99  1585  3.477   4467 1  
    51145.7116    78668    West         300       0x101ff       1.2391              -99    -99  999 999 999 999 999 999  -1    -99    -99   -99    -99      0 0  -9.490  0.002    0   1   0 180   0   0  15    -99    -99  1365  3.334   4467 1  
    51148.6894    78781    West         300       0x101ff       1.2254              -99    -99  999 999 999 999 999 999  -1    -99    -99   -99    -99      0 0  -9.273  0.002    0   1   0 115   0   0  15    -99    -99  5408  2.732   4467 1  
    51157.6683    78931    West         300       0x101ff       1.2285              -99    -99  999 999 999 999 999 999  -1    -99    -99   -99    -99      0 0  -9.239  0.003    0   1   0 195   0   0  15    -99    -99  2289  3.948   4467 1  
    51172.6222    79207    East         300       0x101ff       1.2233           -8.962  0.002    0   1   0 117   0   0   4    -99    -99  1789  3.057   4467 1  -9.269  0.002    0   1   0 129   0   0  11    -99    -99  1413  2.979   4467 1  
    51179.7235    79332    East         300       0x101ff       1.4678           -9.061  0.002    0   1   0 125   0   0   4    -99    -99 12016  2.239   4467 1  -9.381  0.002    0   1   0 110   0   0  11    -99    -99 11470  2.032   4467 1  
    51181.6668    79423    East         300       0x101ff       1.3253           -9.050  0.002    0   1   0 167   0   0   4    -99    -99  9481  2.197   4467 1  -9.358  0.002    0   1   0 197   1   0  11    -99    -99 10244  1.987   4467 1  
    51181.7021    79431    East         300       0x101ff       1.4164           -9.051  0.002    0   1   0 187   0   0   4    -99    -99  8721  2.109   4467 1  -9.315  0.003    0   1 255 225 221   0  11    -99    -99 10170  1.828   4467 1  
    51184.4923    79538    West         300       0x101ff       1.2237              -99    -99  999 999 999 999 999 999  -1    -99    -99   -99    -99      0 0  -9.264  0.003    0   1   0 130   0   0  15    -99    -99  2091  3.352   4467 1  
    51189.6835    79664    East         300       0x101ff       1.4262           -9.021  0.002    0   1   0 185   0   0   4    -99    -99  2873  2.094   4467 1  -9.320  0.002    0   1   0 180   0   0  11    -99    -99  1801  1.883   4467 1  
    51195.5613    79763    East         300       0x100ff       1.2250           -8.851  0.002    0   1   0 128   0   0   4    -99    -99  1971  2.161   4467 1  -9.101  0.002    0   1   0 129   0   0  11    -99    -99  1667  1.910   4467 1  
    51207.6243    79883    East         300       0x101ff       1.3968           -9.032  0.003    0   1   0 176   0   0   4    -99    -99  9559  2.987   4467 1  -9.338  0.002    0   1   0 181   0   0  11    -99    -99  8721  2.795   4467 1  
    51207.6474    79888    East         300       0x101ff       1.4690           -9.031  0.003    0   1   0 163   0   0   4    -99    -99  8455  3.229   4467 1  -9.348  0.003    0   1   0 142   0   0  11    -99    -99  8055  2.871   4467 1  
    51221.5485    80004    East         300       0x101ff       1.3068           -9.013  0.002    0   1   0 194   0   0   4    -99    -99  2226  2.352   4467 1  -9.331  0.002    0   1   0 183   0   0  11    -99    -99  1768  2.035   4467 1  
    51225.5161    80100    East         300       0x101ff       1.2689           -8.955  0.002    0   1   0 213   0   0   4    -99    -99  1968  3.064   4467 1  -9.303  0.002    0   1   0 207   0   0  11    -99    -99  1651  2.836   4467 1  
    51228.5611    80230    East         300       0x101ff       1.3805           -8.988  0.002    0   1   0 175   0   0   4    -99    -99  2324  3.052   4467 1  -9.325  0.002    0   1   0 170   0   0  11    -99    -99  1883  2.811   4467 1  
    51240.5294    80437    East         300       0x101ff       1.3838           -8.942  0.002    0   1   0 225   0   0   4    -99    -99  7174  3.130   4467 1  -9.252  0.002    0   1   0 206   0   0  11    -99    -99 14505  2.711   4467 1  
    51242.5888    80589    East         300       0x101ff       1.6176           -8.820  0.003    0   1   0 147   0   0   4    -99    -99  5438  4.899   4467 1  -9.111  0.003    0   1   0 138   0   0  11    -99    -99  8497  4.645   4467 1  
    51247.4881    80760    East         300       0x101ff       1.3291           -9.000  0.002    0   1   0 157   0   0   4    -99    -99  2116  3.170   4467 1  -9.211  0.002    0   1   0 253 146   0  11    -99    -99  1703  2.965   4467 1  
    51250.4191    80885    East         300       0x101ff       1.2325           -9.053  0.005    0   1   0 125   0   0   4    -99    -99  7699  3.738   4467 1  -9.369  0.004    0   1   0 106   0   0  11    -99    -99  6228  3.578   4467 1  
    51260.5024    81214    East         300       0x000ff       1.4687           -9.015  0.002    0   1   0 185   0   0   4    -99    -99  2116  3.160   4467 1  -9.345  0.002    0   1   0 205   0   0  11    -99    -99  1718  2.902   4467 1  
    51265.5609    81395    East         300       0x101ff       1.8004              -99    -99  999 999 999 999 999 999  -1    -99    -99   -99    -99      0 0  -9.283  0.005    0   1   0 112   0   0  11    -99    -99  8963  6.141   4467 1  
    51278.3978    81593    East         300       0x101bf       1.3172           -8.983  0.005    0   1   0 110   0   0   4    -99    -99  4899  2.796   4467 1  -9.325  0.004    0   1   0 101   0   0  11    -99    -99  3720  2.621   4467 1  
    51287.4402    82298    East         300       0x101ff       1.5110           -8.945  0.002    0   1   0 152   0   0   4    -99    -99  2405  3.994   4467 1  -9.282  0.002    0   1   0 153   0   0  11    -99    -99  1844  3.950   4467 1  
    51290.3794    82600    East         300       0x101ff       1.3495           -9.128  0.002    0   1   0 168   0   0   4    -99    -99  3889  3.606   4467 1  -9.443  0.002    0   1   0 184   0   0  11    -99    -99  3234  3.673   4467 1  
    51293.3971    82926    East         300       0x101ff       1.4197           -9.092  0.004    0   1   0 111   0   0   4    -99    -99 15529  2.080   4467 1  -9.404  0.003    0   1   0 147   0   0  11    -99    -99 12777  1.970   4467 1  
    51299.4893    83213    East         300       0x101ff       1.9356           -9.062  0.002    0   1   0 126   0   0   4    -99    -99 15599  2.283   4467 1  -9.375  0.002    0   1 255 153 213   0  11    -99    -99 18421  2.147   4467 1  
    51301.4616    83392    East         300       0x101ff       1.7955           -9.023  0.002    0   1   0 148   0   0   4    -99    -99  7446  2.206   4467 1  -9.358  0.002    0   1 255 172 213   0  11    -99    -99  6789  2.088   4467 1  
    51304.4321    83728    East         300       0x101ff       1.6793           -9.020  0.002    0   1   0 155   0   0   4    -99    -99  3417  2.462   4467 1  -9.343  0.002    0   1   0 194   0   0  11    -99    -99  2475  2.338   4467 1  
    51307.4096    83944    East         300       0x101ff       1.6106           -9.027  0.002    0   1   0 142   0   0   4    -99    -99  2950  2.361   4467 1  -9.308  0.002    0   1   0 226   0   0  11    -99    -99  1754  2.242   4467 1  
    51309.4824    84076    East         300       0x101ff       2.0828           -9.096  0.002    0   1   0 203   0   0   4    -99    -99  2546  3.385   4467 1  -9.392  0.002    0   1   0 201   0   0  11    -99    -99  1956  3.384   4467 1  
    51313.4463    84323    East         300       0x101ff       1.9039           -8.929  0.004    0   1   0 114   0   0   4    -99    -99  3015  6.221   4467 1  -9.227  0.004    0   1   0 107   0   0  11    -99    -99  1852  6.490   4467 1  
    51315.4686    84542    East         300       0x101ff       2.1040           -9.020  0.003    0   1   0 174   0   0   4    -99    -99  4099  2.412   4467 1  -9.322  0.003    0   1   0 213   0   0  11    -99    -99  2735  2.294   4467 1  
    51319.4547    84951    East         300       0x101ff       2.0813           -9.064  0.003    0   1   0 220   0   0   4    -99    -99  4181  3.255   4467 1  -9.376  0.002    0   1   0 245   0   0  11    -99    -99  3494  3.167   4467 1  
    51329.4443    85284    East         300       0x101ff       2.2182           -9.024  0.004    0   1   0 124   0   0   4    -99    -99 11832  4.796   4467 1  -9.319  0.003    0   1   0 118   0   0  11    -99    -99 12117  4.882   4467 1  
    51340.4054    85803    East         300       0x101ff       2.1443           -9.008  0.002    0   1   0 127   0   0   4    -99    -99  3388  3.384   4467 1  -9.306  0.002    0   1   0 152   0   0  11    -99    -99  2069  3.383   4467 1  
    51350.3805    86416    East         300       0x101fb       2.1642           -8.955  0.002    0   1   0 171   0   0   4    -99    -99  4186  3.329   4467 1  -9.293  0.002    0   1   0 149   0   0  11    -99    -99  5049  3.375   4467 1  
    51361.8085    87252    West         300       0x101ff       1.8205              -99    -99  999 999 999 999 999 999  -1    -99    -99   -99    -99      0 0  -9.198  0.004    0   1   0  92   0   0  15    -99    -99  7388  5.651   4467 1  
    51377.7813    87948    West         300       0x101ff       1.7265              -99    -99  999 999 999 999 999 999  -1    -99    -99   -99    -99      0 0  -9.320  0.003    0   1   0 135   0   0  15    -99    -99  2133  5.262   4467 1  
    51386.8227    88620    West         300       0x101ff       1.4465              -99    -99  999 999 999 999 999 999  -1    -99    -99   -99    -99      0 0  -9.239  0.003    0   1   0 120   0   0  15    -99    -99  7438  4.422   4467 1  
    51392.7673    89039    West         300       0x101ff       1.5954              -99    -99  999 999 999 999 999 999  -1    -99    -99   -99    -99      0 0  -9.484  0.003    7   1   0 233   0   0  15    -99    -99  5936  3.777   4467 1  
    51395.7991    89387    West         300       0x101ff       1.4432              -99    -99  999 999 999 999 999 999  -1    -99    -99   -99    -99      0 0  -9.374  0.002    0   1   0 141   0   0  15    -99    -99  2553  3.507   4467 1  
    51405.7397    89955    West         300       0x101ff       1.5615              -99    -99  999 999 999 999 999 999  -1    -99    -99   -99    -99      0 0  -9.426  0.002    0   1   0 170   0   0  15    -99    -99  2248  3.167   4467 1  
    51408.7551    90232    West         300       0x101ff       1.4713              -99    -99  999 999 999 999 999 999  -1    -99    -99   -99    -99      0 0  -9.310  0.002    0   1   0 144   0   0  15    -99    -99  2196  3.976   4467 1  
    51411.8002    90482    West         300       0x101ff       1.3239              -99    -99  999 999 999 999 999 999  -1    -99    -99   -99    -99      0 0  -9.362  0.002    0   1   0 112   0   0  15    -99    -99  1948  4.585   4467 1  
    51420.7146    91067    West         300       0x101ff       1.4991              -99    -99  999 999 999 999 999 999  -1    -99    -99   -99    -99      0 0  -9.348  0.002    0   1   0 155   0   0  15    -99    -99  7631  3.166   4467 1  
    51423.7738    91266    West         300       0x101ff       1.3107              -99    -99  999 999 999 999 999 999  -1    -99    -99   -99    -99      0 0  -9.266  0.002    0   1   0 190   0   0  15    -99    -99  3183  2.640   4467 1  
    51431.6973    91629    West         300       0x101ff       1.4545              -99    -99  999 999 999 999 999 999  -1    -99    -99   -99    -99      0 0  -9.407  0.003    0   1   0 126   0   0  15    -99    -99  2005  5.225   4467 1  
    51434.6936    91951    West         300       0x101ff       1.4398              -99    -99  999 999 999 999 999 999  -1    -99    -99   -99    -99      0 0  -9.311  0.002    0   1   0 157   0   0  15    -99    -99  2322  2.957   4467 1  
    51439.6964    92135    West         300       0x101ff       1.3909              -99    -99  999 999 999 999 999 999  -1    -99    -99   -99    -99      0 0  -9.456  0.003    0   1   0 121   0   0  15    -99    -99  1992  5.179   4467 1  
    51443.7666    92369    West         300       0x101ff       1.2379              -99    -99  999 999 999 999 999 999  -1    -99    -99   -99    -99      0 0  -9.244  0.002    0   1   0 172   0   0  15    -99    -99  2893  3.615   4467 1  
    51458.6113    92598    West         300       0x101ff       1.4971              -99    -99  999 999 999 999 999 999  -1    -99    -99   -99    -99      0 0  -9.313  0.002    0   1   0 179   0   0  15    -99    -99  2086  2.490   4467 1  
    51462.6978    92712    West         300       0x101ff       1.2588              -99    -99  999 999 999 999 999 999  -1    -99    -99   -99    -99      0 0  -9.406  0.002    0   1   0 166   0   0  15    -99    -99  1723  2.835   4467 1  
    51466.7173    92833    West         300       0x101ff       1.2250              -99    -99  999 999 999 999 999 999  -1    -99    -99   -99    -99      0 0  -9.250  0.002    0   1   0 175   0   0  15    -99    -99  2113  3.530   4467 1  
    51470.7648    92970    West         300       0x101ff       1.2047              -99    -99  999 999 999 999 999 999  -1    -99    -99   -99    -99      0 0  -9.203  0.004    0   1   0 108   0   0  15    -99    -99 11014  4.617   4467 1  
    51472.6464    93091    West         300       0x101ff       1.2980              -99    -99  999 999 999 999 999 999  -1    -99    -99   -99    -99      0 0  -9.222  0.003    0   1   0 129   0   0  15    -99    -99  6969  4.250   4467 1  
    51479.6167    93291    West         300       0x101ff       1.3191              -99    -99  999 999 999 999 999 999  -1    -99    -99   -99    -99      0 0  -9.398  0.002    0   1   0 217   0   0  15    -99    -99  4245  2.797   4467 1  
    51484.5604    93400    West         300       0x101ff       1.4290              -99    -99  999 999 999 999 999 999  -1    -99    -99   -99    -99      0 0  -9.403  0.002    0   1   0 137   0   0  15    -99    -99  1874  3.403   4467 1  
    51489.5196    93527    West         300       0x101ff       1.5236              -99    -99  999 999 999 999 999 999  -1    -99    -99   -99    -99      0 0  -9.359  0.002    0   1   0 144   0   0  15    -99    -99  2068  4.050   4467 1  
    51492.5925    93638    West         300       0x1017f       1.2966              -99    -99  999 999 999 999 999 999  -1    -99    -99   -99    -99      0 0  -9.171  0.003    0   1   0 118   0   0  15    -99    -99  1983  4.366   4467 1  
    51495.5361    93767    West         300       0x101ff       1.4117              -99    -99  999 999 999 999 999 999  -1    -99    -99   -99    -99      0 0  -9.181  0.003    0   1   0 170   0   0  15    -99    -99  2820  3.338   4467 1  
    51505.5865    93874    West         300       0x101ff       1.2505              -99    -99  999 999 999 999 999 999  -1    -99    -99   -99    -99      0 0  -9.246  0.003    0   1   0 151   0   0  15    -99    -99 12772  3.123   4467 1  
    51510.6073    93989    West         300       0x101fb       1.2173              -99    -99  999 999 999 999 999 999  -1    -99    -99   -99    -99      0 0  -9.403  0.002    0   1   0 223   0   0  15    -99    -99  2616  2.381   4467 1  
    51513.5411    94088    West         300       0x101ff       1.2860              -99    -99  999 999 999 999 999 999  -1    -99    -99   -99    -99      0 0  -9.391  0.002    0   1   0 182   0   0  15    -99    -99  2065  2.540   4467 1  
    51514.6994    94190    West         300       0x101ff       1.2382              -99    -99  999 999 999 999 999 999  -1    -99    -99   -99    -99      0 0  -9.406  0.002    0   1   0 148   0   0  15    -99    -99  1633  3.554   4467 1  
    51526.6574    94431    East         300       0x101fb       1.2279           -8.847  0.002    0   1   0 178   0   0   4    -99    -99  1971  3.015   4467 1  -9.119  0.002    0   1   0 158   0   0  11    -99    -99  2040  2.928   4467 1  
    51532.6059    94535    West         300       0x101ff       1.2073              -99    -99  999 999 999 999 999 999  -1    -99    -99   -99    -99      0 0  -9.355  0.002    0   1   0 178   0   0  15    -99    -99  6607  3.131   4467 1  
    51541.7420    94662    East         300       0x101ff       1.5061           -8.878  0.003    0   1   0 169   0   0   4    -99    -99  9923  3.629   4467 1  -9.215  0.003    0   1   0 139   0   0  11    -99    -99 16904  3.438   4467 1  
    51546.6299    94750    East         300       0x101ff       1.2599           -8.973  0.004    0   1   0 202   0   0   4    -99    -99  3145  3.738   4467 1  -9.300  0.003    0   1   0 201   0   0  11    -99    -99  2861  3.455   4467 1  
