                               National Radio Astronomy Observatory VLA observing program AB1260
                        for day 61,123 beginning 12 30 01 LST, 2007.10.29 10:09:52.559963 MST, Analysts' report
   
   
                                                                          Begin Obs              End Obs            Freq MHz   Bandwidth MHz
Item Source  Qual Stop LST      RA              Dec       Epoch      Az      El      PA      Az      El      PA     AC     BD     AC     BD
--------------------------------------------------------------------------------------------------------------------------------------------
  1 3C286          12 40 01  13 31 08.2881 +30 30 32.9600 J2000    102.26   77.13  -69.89  104.83  78.54  -68.28  4,885  4,835 50.000 50.000
  2 3C286          12 41 21  13 31 08.2881 +30 30 32.9600 J2000    104.96   78.61  -68.19  105.37  78.81  -67.91  4,885  4,835 50.000 50.000
  3 3C286          12 42 41  13 31 08.2881 +30 30 32.9600 J2000    105.51   78.88  -67.81  105.94  79.08  -67.52  8,435  8,485 50.000 50.000
  4 3C286          12 44 01  13 31 08.2881 +30 30 32.9600 J2000    106.09   79.14  -67.42  106.53  79.34  -67.11  1,464  1,385 50.000 50.000
  5 1048+717       12 47 51  10 48 27.6199 +71 43 35.9382 J2000    -13.77   49.31  141.16  -13.81  49.29  141.00  4,885  4,835 50.000 50.000
  6 M82            12 54 50  09 55 52.1900 +69 40 48.8000 J2000    -20.51   47.41  123.48  -20.95  46.93  121.63  4,885  4,835 50.000 50.000
  7 1048+717       12 55 51  10 48 27.6199 +71 43 35.9382 J2000    -14.50   48.91  138.70  -14.55  48.88  138.55  4,885  4,835 50.000 50.000
  8 1048+717       12 56 41  10 48 27.6199 +71 43 35.9382 J2000    -14.58   48.87  138.45  -14.62  48.84  138.30  8,435  8,485 50.000 50.000
  9 M82            13 03 40  09 55 52.1900 +69 40 48.8000 J2000    -21.11   46.76  120.98  -21.52  46.27  119.15  8,435  8,485 50.000 50.000
 10 1048+717       13 04 40  10 48 27.6199 +71 43 35.9382 J2000    -15.27   48.44  136.03  -15.32  48.41  135.88  8,435  8,485 50.000 50.000
 11 1048+717       13 05 30  10 48 27.6199 +71 43 35.9382 J2000    -15.34   48.39  135.78  -15.39  48.37  135.63  1,464  1,385 50.000 50.000
 12 M82            13 12 00  09 55 52.1900 +69 40 48.8000 J2000    -21.66   46.09  118.51  -22.01  45.63  116.85  1,464  1,385 50.000 50.000
 13 1048+717       13 12 59  10 48 27.6199 +71 43 35.9382 J2000    -15.96   47.98  133.54  -16.00  47.95  133.39  1,464  1,385 50.000 50.000
 14 1048+717       13 13 49  10 48 27.6199 +71 43 35.9382 J2000    -16.03   47.93  133.29  -16.07  47.90  133.14  4,885  4,835 50.000 50.000
 15 M82            13 19 49  09 55 52.1900 +69 40 48.8000 J2000    -22.13   45.45  116.22  -22.43  45.02  114.72  4,885  4,835 50.000 50.000
 16 1048+717       13 20 48  10 48 27.6199 +71 43 35.9382 J2000    -16.58   47.52  131.23  -16.62  47.49  131.08  4,885  4,835 50.000 50.000
 17 1048+717       13 21 38  10 48 27.6199 +71 43 35.9382 J2000    -16.64   47.47  130.98  -16.68  47.44  130.84  8,435  8,485 50.000 50.000
 18 M82            13 27 38  09 55 52.1900 +69 40 48.8000 J2000    -22.54   44.84  114.10  -22.81  44.40  112.62  8,435  8,485 50.000 50.000
 19 1048+717       13 28 37  10 48 27.6199 +71 43 35.9382 J2000    -17.16   47.05  128.95  -17.20  47.02  128.80  8,435  8,485 50.000 50.000
 20 1048+717       13 29 27  10 48 27.6199 +71 43 35.9382 J2000    -17.22   47.00  128.71  -17.26  46.97  128.56  1,464  1,385 50.000 50.000
 21 M82            13 35 26  09 55 52.1900 +69 40 48.8000 J2000    -22.92   44.21  112.01  -23.16  43.76  110.54  1,464  1,385 50.000 50.000
 22 1048+717       13 36 25  10 48 27.6199 +71 43 35.9382 J2000    -17.71   46.57  126.69  -17.74  46.54  126.55  1,464  1,385 50.000 50.000
 23 1048+717       13 37 15  10 48 27.6199 +71 43 35.9382 J2000    -17.77   46.52  126.45  -17.80  46.48  126.31  4,885  4,835 50.000 50.000
 24 M82            13 43 15  09 55 52.1900 +69 40 48.8000 J2000    -23.25   43.58  109.94  -23.47  43.12  108.50  4,885  4,835 50.000 50.000
 25 1048+717       13 44 14  10 48 27.6199 +71 43 35.9382 J2000    -18.23   46.07  124.46  -18.26  46.04  124.32  4,885  4,835 50.000 50.000
 26 1048+717       13 45 04  10 48 27.6199 +71 43 35.9382 J2000    -18.28   46.02  124.23  -18.31  45.98  124.09  8,435  8,485 50.000 50.000
 27 M82            13 51 04  09 55 52.1900 +69 40 48.8000 J2000    -23.56   42.93  107.90  -23.75  42.48  106.48  8,435  8,485 50.000 50.000
 28 1048+717       13 52 03  10 48 27.6199 +71 43 35.9382 J2000    -18.71   45.56  122.26  -18.74  45.52  122.12  8,435  8,485 50.000 50.000
 29 1048+717       13 52 53  10 48 27.6199 +71 43 35.9382 J2000    -18.76   45.50  122.03  -18.79  45.47  121.89  1,464  1,385 50.000 50.000
 30 M82            13 58 53  09 55 52.1900 +69 40 48.8000 J2000    -23.83   42.28  105.89  -23.99  41.82  104.48  1,464  1,385 50.000 50.000
 31 1048+717       13 59 53  10 48 27.6199 +71 43 35.9382 J2000    -19.17   45.03  120.08  -19.19  45.00  119.94  1,464  1,385 50.000 50.000
    
    
    
    
    
    
    
    
    
    
    
                           Page 1 prepared October 26, 2007 3:05:30 PM MDT

