                                 National Radio Astronomy Observatory VLA observing program AB1260
                          for day 61,123 beginning 12 30 01 LST, 2007.10.29 10:09:52.559963 MST, Frequency report
   
   
                    Source   Cal      RA             DEC        Stop    BwA    FreqA   BwB    FreqB   BwC    FreqC   BwD    FreqD  
----------------------------------------------------------------------------------------------------------------------------------
  1 3C286dummy     3C286         13 31 08.2881 +30 30 32.9600 12 40 01  50.0  4,885.1  50.0  4,835.1  50.0  4,885.1  50.0  4,835.1
  2 3C286C         3C286         13 31 08.2881 +30 30 32.9600 12 41 21  50.0  4,885.1  50.0  4,835.1  50.0  4,885.1  50.0  4,835.1
  3 3C286X         3C286         13 31 08.2881 +30 30 32.9600 12 42 41  50.0  8,435.1  50.0  8,485.1  50.0  8,435.1  50.0  8,485.1
  4 3C286L         3C286         13 31 08.2881 +30 30 32.9600 12 44 01  50.0  1,464.9  50.0  1,385.1  50.0  1,464.9  50.0  1,385.1
  5 1048+717C      1048+717  A   10 48 27.6199 +71 43 35.9382 12 47 51  50.0  4,885.1  50.0  4,835.1  50.0  4,885.1  50.0  4,835.1
  6 M82C           M82           09 55 52.1900 +69 40 48.8000 12 54 50  50.0  4,885.1  50.0  4,835.1  50.0  4,885.1  50.0  4,835.1
  7 1048+717C      1048+717  A   10 48 27.6199 +71 43 35.9382 12 55 51  50.0  4,885.1  50.0  4,835.1  50.0  4,885.1  50.0  4,835.1
  8 1048+717X      1048+717  A   10 48 27.6199 +71 43 35.9382 12 56 41  50.0  8,435.1  50.0  8,485.1  50.0  8,435.1  50.0  8,485.1
  9 M82X           M82           09 55 52.1900 +69 40 48.8000 13 03 40  50.0  8,435.1  50.0  8,485.1  50.0  8,435.1  50.0  8,485.1
 10 1048+717X      1048+717  A   10 48 27.6199 +71 43 35.9382 13 04 40  50.0  8,435.1  50.0  8,485.1  50.0  8,435.1  50.0  8,485.1
 11 1048+717L      1048+717  A   10 48 27.6199 +71 43 35.9382 13 05 30  50.0  1,464.9  50.0  1,385.1  50.0  1,464.9  50.0  1,385.1
 12 M82L           M82           09 55 52.1900 +69 40 48.8000 13 12 00  50.0  1,464.9  50.0  1,385.1  50.0  1,464.9  50.0  1,385.1
 13 1048+717L      1048+717  A   10 48 27.6199 +71 43 35.9382 13 12 59  50.0  1,464.9  50.0  1,385.1  50.0  1,464.9  50.0  1,385.1
 14 1048+717C      1048+717  A   10 48 27.6199 +71 43 35.9382 13 13 49  50.0  4,885.1  50.0  4,835.1  50.0  4,885.1  50.0  4,835.1
 15 M82C           M82           09 55 52.1900 +69 40 48.8000 13 19 49  50.0  4,885.1  50.0  4,835.1  50.0  4,885.1  50.0  4,835.1
 16 1048+717C      1048+717  A   10 48 27.6199 +71 43 35.9382 13 20 48  50.0  4,885.1  50.0  4,835.1  50.0  4,885.1  50.0  4,835.1
 17 1048+717X      1048+717  A   10 48 27.6199 +71 43 35.9382 13 21 38  50.0  8,435.1  50.0  8,485.1  50.0  8,435.1  50.0  8,485.1
 18 M82X           M82           09 55 52.1900 +69 40 48.8000 13 27 38  50.0  8,435.1  50.0  8,485.1  50.0  8,435.1  50.0  8,485.1
 19 1048+717X      1048+717  A   10 48 27.6199 +71 43 35.9382 13 28 37  50.0  8,435.1  50.0  8,485.1  50.0  8,435.1  50.0  8,485.1
 20 1048+717L      1048+717  A   10 48 27.6199 +71 43 35.9382 13 29 27  50.0  1,464.9  50.0  1,385.1  50.0  1,464.9  50.0  1,385.1
 21 M82L           M82           09 55 52.1900 +69 40 48.8000 13 35 26  50.0  1,464.9  50.0  1,385.1  50.0  1,464.9  50.0  1,385.1
 22 1048+717L      1048+717  A   10 48 27.6199 +71 43 35.9382 13 36 25  50.0  1,464.9  50.0  1,385.1  50.0  1,464.9  50.0  1,385.1
 23 1048+717C      1048+717  A   10 48 27.6199 +71 43 35.9382 13 37 15  50.0  4,885.1  50.0  4,835.1  50.0  4,885.1  50.0  4,835.1
 24 M82C           M82           09 55 52.1900 +69 40 48.8000 13 43 15  50.0  4,885.1  50.0  4,835.1  50.0  4,885.1  50.0  4,835.1
 25 1048+717C      1048+717  A   10 48 27.6199 +71 43 35.9382 13 44 14  50.0  4,885.1  50.0  4,835.1  50.0  4,885.1  50.0  4,835.1
 26 1048+717X      1048+717  A   10 48 27.6199 +71 43 35.9382 13 45 04  50.0  8,435.1  50.0  8,485.1  50.0  8,435.1  50.0  8,485.1
 27 M82X           M82           09 55 52.1900 +69 40 48.8000 13 51 04  50.0  8,435.1  50.0  8,485.1  50.0  8,435.1  50.0  8,485.1
 28 1048+717X      1048+717  A   10 48 27.6199 +71 43 35.9382 13 52 03  50.0  8,435.1  50.0  8,485.1  50.0  8,435.1  50.0  8,485.1
 29 1048+717L      1048+717  A   10 48 27.6199 +71 43 35.9382 13 52 53  50.0  1,464.9  50.0  1,385.1  50.0  1,464.9  50.0  1,385.1
 30 M82L           M82           09 55 52.1900 +69 40 48.8000 13 58 53  50.0  1,464.9  50.0  1,385.1  50.0  1,464.9  50.0  1,385.1
 31 1048+717L      1048+717  A   10 48 27.6199 +71 43 35.9382 13 59 53  50.0  1,464.9  50.0  1,385.1  50.0  1,464.9  50.0  1,385.1
    
    
    
    
    
    
    
    
    
    
    
                           Page 1 prepared October 26, 2007 3:05:20 PM MDT

