    National Radio Astronomy Observatory VLA observing program AB1260 schedule report
             for day 61,123 beginning 12 30 01 LST, 2007.10.29 10:09:52.559963 MST.
   
   
                                 Start     Move     Begin      Dwell    End
------------------------------------------------------------------------------------------
  
  
  
  1 3C286dummy            LST  12 30 01  00 02 58  12 32 59  00 07 01  12 40 01
     Source   Qual.
    3C286                H.A. +00 00 00           -00 58 30           -00 51 28
                         Dec  -10 55 16           +30 28 08           +30 28 08
  
    R.A.  13 31 08.2881  Az     +180.00             +102.26             +104.83
    Dec  +30 30 32.960   Elev    +45.00              +77.13              +78.54
                         Parallactic angle           -69.89              -68.28
  
  
  
  2 3C286C                LST  12 40 01  00 00 20  12 40 21  00 01 00  12 41 21
     Source   Qual.
    3C286                H.A. -00 51 28           -00 51 08           -00 50 08
                         Dec  +30 28 08           +30 28 08           +30 28 08
  
    R.A.  13 31 08.2881  Az     +104.83             +104.96             +105.37
    Dec  +30 30 32.960   Elev    +78.54              +78.61              +78.81
                         Parallactic angle           -68.19              -67.91
  
  
  
  3 3C286X                LST  12 41 21  00 00 20  12 41 41  00 01 00  12 42 41
     Source   Qual.
    3C286                H.A. -00 50 08           -00 49 48           -00 48 48
                         Dec  +30 28 08           +30 28 08           +30 28 08
  
    R.A.  13 31 08.2881  Az     +105.37             +105.51             +105.94
    Dec  +30 30 32.960   Elev    +78.81              +78.88              +79.08
                         Parallactic angle           -67.81              -67.52
  
  
  
  4 3C286L                LST  12 42 41  00 00 20  12 43 01  00 01 00  12 44 01
     Source   Qual.
    3C286                H.A. -00 48 48           -00 48 28           -00 47 28
                         Dec  +30 28 08           +30 28 08           +30 28 08
  
    R.A.  13 31 08.2881  Az     +105.94             +106.09             +106.53
    Dec  +30 30 32.960   Elev    +79.08              +79.14              +79.34
                         Parallactic angle           -67.42              -67.11
                           Page 1 prepared October 26, 2007 3:05:16 PM MDT

    National Radio Astronomy Observatory VLA observing program AB1260 schedule report
             for day 61,123 beginning 12 30 01 LST, 2007.10.29 10:09:52.559963 MST.
   
   
                                 Start     Move     Begin      Dwell    End
------------------------------------------------------------------------------------------
  
  
  
  5 1048+717C             LST  12 44 01  00 03 20  12 47 21  00 00 30  12 47 51
     Source   Qual.
    1048+717             H.A. -00 47 28           +01 58 19           +01 58 49
                         Dec  +30 28 08           +71 41 06           +71 41 06
  
    R.A.  10 48 27.6199  Az     +106.53              -13.77              -13.81
    Dec  +71 43 35.938   Elev    +79.34              +49.31              +49.29
                         Parallactic angle          +141.16             +141.00
  
  
  
  6 M82C                  LST  12 47 50  00 00 30  12 48 21  00 06 30  12 54 50
     Source   Qual.
    M82                  H.A. +01 58 49           +02 51 50           +02 58 20
                         Dec  +71 41 06           +69 38 34           +69 38 34
  
    R.A.  09 55 52.1900  Az      -13.81              -20.51              -20.95
    Dec  +69 40 48.800   Elev    +49.29              +47.41              +46.93
                         Parallactic angle          +123.48             +121.63
  
  
  
  7 1048+717C             LST  12 54 50  00 00 30  12 55 21  00 00 30  12 55 51
     Source   Qual.
    1048+717             H.A. +02 58 20           +02 06 19           +02 06 49
                         Dec  +69 38 34           +71 41 06           +71 41 06
  
    R.A.  10 48 27.6199  Az      -20.95              -14.50              -14.55
    Dec  +71 43 35.938   Elev    +46.93              +48.91              +48.88
                         Parallactic angle          +138.70             +138.55
  
  
  
  8 1048+717X             LST  12 55 50  00 00 20  12 56 11  00 00 30  12 56 41
     Source   Qual.
    1048+717             H.A. +02 06 49           +02 07 09           +02 07 39
                         Dec  +71 41 06           +71 41 06           +71 41 06
  
    R.A.  10 48 27.6199  Az      -14.55              -14.58              -14.62
    Dec  +71 43 35.938   Elev    +48.88              +48.87              +48.84
                         Parallactic angle          +138.45             +138.30
                           Page 2 prepared October 26, 2007 3:05:16 PM MDT

    National Radio Astronomy Observatory VLA observing program AB1260 schedule report
             for day 61,123 beginning 12 30 01 LST, 2007.10.29 10:09:52.559963 MST.
   
   
                                 Start     Move     Begin      Dwell    End
------------------------------------------------------------------------------------------
  
  
  
  9 M82X                  LST  12 56 40  00 00 30  12 57 10  00 06 30  13 03 40
     Source   Qual.
    M82                  H.A. +02 07 39           +03 00 39           +03 07 09
                         Dec  +71 41 06           +69 38 34           +69 38 34
  
    R.A.  09 55 52.1900  Az      -14.62              -21.11              -21.52
    Dec  +69 40 48.800   Elev    +48.84              +46.76              +46.27
                         Parallactic angle          +120.98             +119.15
  
  
  
 10 1048+717X             LST  13 03 40  00 00 29  13 04 10  00 00 30  13 04 40
     Source   Qual.
    1048+717             H.A. +03 07 09           +02 15 08           +02 15 38
                         Dec  +69 38 34           +71 41 06           +71 41 06
  
    R.A.  10 48 27.6199  Az      -21.52              -15.27              -15.32
    Dec  +71 43 35.938   Elev    +46.27              +48.44              +48.41
                         Parallactic angle          +136.03             +135.88
  
  
  
 11 1048+717L             LST  13 04 40  00 00 20  13 05 00  00 00 30  13 05 30
     Source   Qual.
    1048+717             H.A. +02 15 38           +02 15 58           +02 16 28
                         Dec  +71 41 06           +71 41 06           +71 41 06
  
    R.A.  10 48 27.6199  Az      -15.32              -15.34              -15.39
    Dec  +71 43 35.938   Elev    +48.41              +48.39              +48.37
                         Parallactic angle          +135.78             +135.63
  
  
  
 12 M82L                  LST  13 05 30  00 00 29  13 06 00  00 06 00  13 12 00
     Source   Qual.
    M82                  H.A. +02 16 28           +03 09 28           +03 15 29
                         Dec  +71 41 06           +69 38 34           +69 38 34
  
    R.A.  09 55 52.1900  Az      -15.39              -21.66              -22.01
    Dec  +69 40 48.800   Elev    +48.37              +46.09              +45.63
                         Parallactic angle          +118.51             +116.85
                           Page 3 prepared October 26, 2007 3:05:16 PM MDT

    National Radio Astronomy Observatory VLA observing program AB1260 schedule report
             for day 61,123 beginning 12 30 01 LST, 2007.10.29 10:09:52.559963 MST.
   
   
                                 Start     Move     Begin      Dwell    End
------------------------------------------------------------------------------------------
  
  
  
 13 1048+717L             LST  13 12 00  00 00 29  13 12 29  00 00 30  13 12 59
     Source   Qual.
    1048+717             H.A. +03 15 29           +02 23 27           +02 23 57
                         Dec  +69 38 34           +71 41 06           +71 41 06
  
    R.A.  10 48 27.6199  Az      -22.01              -15.96              -16.00
    Dec  +71 43 35.938   Elev    +45.63              +47.98              +47.95
                         Parallactic angle          +133.54             +133.39
  
  
  
 14 1048+717C             LST  13 12 59  00 00 20  13 13 19  00 00 30  13 13 49
     Source   Qual.
    1048+717             H.A. +02 23 57           +02 24 17           +02 24 47
                         Dec  +71 41 06           +71 41 06           +71 41 06
  
    R.A.  10 48 27.6199  Az      -16.00              -16.03              -16.07
    Dec  +71 43 35.938   Elev    +47.95              +47.93              +47.90
                         Parallactic angle          +133.29             +133.14
  
  
  
 15 M82C                  LST  13 13 49  00 00 29  13 14 18  00 05 30  13 19 49
     Source   Qual.
    M82                  H.A. +02 24 47           +03 17 47           +03 23 18
                         Dec  +71 41 06           +69 38 34           +69 38 34
  
    R.A.  09 55 52.1900  Az      -16.07              -22.13              -22.43
    Dec  +69 40 48.800   Elev    +47.90              +45.45              +45.02
                         Parallactic angle          +116.22             +114.72
  
  
  
 16 1048+717C             LST  13 19 49  00 00 29  13 20 18  00 00 30  13 20 48
     Source   Qual.
    1048+717             H.A. +03 23 18           +02 31 16           +02 31 46
                         Dec  +69 38 34           +71 41 06           +71 41 06
  
    R.A.  10 48 27.6199  Az      -22.43              -16.58              -16.62
    Dec  +71 43 35.938   Elev    +45.02              +47.52              +47.49
                         Parallactic angle          +131.23             +131.08
                           Page 4 prepared October 26, 2007 3:05:16 PM MDT

    National Radio Astronomy Observatory VLA observing program AB1260 schedule report
             for day 61,123 beginning 12 30 01 LST, 2007.10.29 10:09:52.559963 MST.
   
   
                                 Start     Move     Begin      Dwell    End
------------------------------------------------------------------------------------------
  
  
  
 17 1048+717X             LST  13 20 48  00 00 20  13 21 08  00 00 30  13 21 38
     Source   Qual.
    1048+717             H.A. +02 31 46           +02 32 06           +02 32 36
                         Dec  +71 41 06           +71 41 06           +71 41 06
  
    R.A.  10 48 27.6199  Az      -16.62              -16.64              -16.68
    Dec  +71 43 35.938   Elev    +47.49              +47.47              +47.44
                         Parallactic angle          +130.98             +130.84
  
  
  
 18 M82X                  LST  13 21 38  00 00 29  13 22 07  00 05 31  13 27 38
     Source   Qual.
    M82                  H.A. +02 32 36           +03 25 36           +03 31 07
                         Dec  +71 41 06           +69 38 34           +69 38 34
  
    R.A.  09 55 52.1900  Az      -16.68              -22.54              -22.81
    Dec  +69 40 48.800   Elev    +47.44              +44.84              +44.40
                         Parallactic angle          +114.10             +112.62
  
  
  
 19 1048+717X             LST  13 27 38  00 00 29  13 28 07  00 00 30  13 28 37
     Source   Qual.
    1048+717             H.A. +03 31 07           +02 39 05           +02 39 35
                         Dec  +69 38 34           +71 41 06           +71 41 06
  
    R.A.  10 48 27.6199  Az      -22.81              -17.16              -17.20
    Dec  +71 43 35.938   Elev    +44.40              +47.05              +47.02
                         Parallactic angle          +128.95             +128.80
  
  
  
 20 1048+717L             LST  13 28 36  00 00 20  13 28 57  00 00 30  13 29 27
     Source   Qual.
    1048+717             H.A. +02 39 35           +02 39 55           +02 40 25
                         Dec  +71 41 06           +71 41 06           +71 41 06
  
    R.A.  10 48 27.6199  Az      -17.20              -17.22              -17.26
    Dec  +71 43 35.938   Elev    +47.02              +47.00              +46.97
                         Parallactic angle          +128.71             +128.56
                           Page 5 prepared October 26, 2007 3:05:16 PM MDT

    National Radio Astronomy Observatory VLA observing program AB1260 schedule report
             for day 61,123 beginning 12 30 01 LST, 2007.10.29 10:09:52.559963 MST.
   
   
                                 Start     Move     Begin      Dwell    End
------------------------------------------------------------------------------------------
  
  
  
 21 M82L                  LST  13 29 26  00 00 28  13 29 55  00 05 31  13 35 26
     Source   Qual.
    M82                  H.A. +02 40 25           +03 33 24           +03 38 55
                         Dec  +71 41 06           +69 38 34           +69 38 34
  
    R.A.  09 55 52.1900  Az      -17.26              -22.92              -23.16
    Dec  +69 40 48.800   Elev    +46.97              +44.21              +43.76
                         Parallactic angle          +112.01             +110.54
  
  
  
 22 1048+717L             LST  13 35 26  00 00 29  13 35 55  00 00 30  13 36 25
     Source   Qual.
    1048+717             H.A. +03 38 55           +02 46 53           +02 47 23
                         Dec  +69 38 34           +71 41 06           +71 41 06
  
    R.A.  10 48 27.6199  Az      -23.16              -17.71              -17.74
    Dec  +71 43 35.938   Elev    +43.76              +46.57              +46.54
                         Parallactic angle          +126.69             +126.55
  
  
  
 23 1048+717C             LST  13 36 25  00 00 20  13 36 45  00 00 30  13 37 15
     Source   Qual.
    1048+717             H.A. +02 47 23           +02 47 43           +02 48 13
                         Dec  +71 41 06           +71 41 06           +71 41 06
  
    R.A.  10 48 27.6199  Az      -17.74              -17.77              -17.80
    Dec  +71 43 35.938   Elev    +46.54              +46.52              +46.48
                         Parallactic angle          +126.45             +126.31
  
  
  
 24 M82C                  LST  13 37 15  00 00 29  13 37 44  00 05 31  13 43 15
     Source   Qual.
    M82                  H.A. +02 48 13           +03 41 12           +03 46 44
                         Dec  +71 41 06           +69 38 34           +69 38 34
  
    R.A.  09 55 52.1900  Az      -17.80              -23.25              -23.47
    Dec  +69 40 48.800   Elev    +46.48              +43.58              +43.12
                         Parallactic angle          +109.94             +108.50
                           Page 6 prepared October 26, 2007 3:05:16 PM MDT

    National Radio Astronomy Observatory VLA observing program AB1260 schedule report
             for day 61,123 beginning 12 30 01 LST, 2007.10.29 10:09:52.559963 MST.
   
   
                                 Start     Move     Begin      Dwell    End
------------------------------------------------------------------------------------------
  
  
  
 25 1048+717C             LST  13 43 15  00 00 29  13 43 44  00 00 30  13 44 14
     Source   Qual.
    1048+717             H.A. +03 46 44           +02 54 42           +02 55 12
                         Dec  +69 38 34           +71 41 06           +71 41 06
  
    R.A.  10 48 27.6199  Az      -23.47              -18.23              -18.26
    Dec  +71 43 35.938   Elev    +43.12              +46.07              +46.04
                         Parallactic angle          +124.46             +124.32
  
  
  
 26 1048+717X             LST  13 44 14  00 00 20  13 44 34  00 00 30  13 45 04
     Source   Qual.
    1048+717             H.A. +02 55 12           +02 55 32           +02 56 02
                         Dec  +71 41 06           +71 41 06           +71 41 06
  
    R.A.  10 48 27.6199  Az      -18.26              -18.28              -18.31
    Dec  +71 43 35.938   Elev    +46.04              +46.02              +45.98
                         Parallactic angle          +124.23             +124.09
  
  
  
 27 M82X                  LST  13 45 04  00 00 29  13 45 33  00 05 30  13 51 04
     Source   Qual.
    M82                  H.A. +02 56 02           +03 49 02           +03 54 33
                         Dec  +71 41 06           +69 38 34           +69 38 34
  
    R.A.  09 55 52.1900  Az      -18.31              -23.56              -23.75
    Dec  +69 40 48.800   Elev    +45.98              +42.93              +42.48
                         Parallactic angle          +107.90             +106.48
  
  
  
 28 1048+717X             LST  13 51 04  00 00 29  13 51 33  00 00 30  13 52 03
     Source   Qual.
    1048+717             H.A. +03 54 33           +03 02 32           +03 03 02
                         Dec  +69 38 34           +71 41 06           +71 41 06
  
    R.A.  10 48 27.6199  Az      -23.75              -18.71              -18.74
    Dec  +71 43 35.938   Elev    +42.48              +45.56              +45.52
                         Parallactic angle          +122.26             +122.12
                           Page 7 prepared October 26, 2007 3:05:16 PM MDT

    National Radio Astronomy Observatory VLA observing program AB1260 schedule report
             for day 61,123 beginning 12 30 01 LST, 2007.10.29 10:09:52.559963 MST.
   
   
                                 Start     Move     Begin      Dwell    End
------------------------------------------------------------------------------------------
  
  
  
 29 1048+717L             LST  13 52 03  00 00 20  13 52 23  00 00 30  13 52 53
     Source   Qual.
    1048+717             H.A. +03 03 02           +03 03 22           +03 03 52
                         Dec  +71 41 06           +71 41 06           +71 41 06
  
    R.A.  10 48 27.6199  Az      -18.74              -18.76              -18.79
    Dec  +71 43 35.938   Elev    +45.52              +45.50              +45.47
                         Parallactic angle          +122.03             +121.89
  
  
  
 30 M82L                  LST  13 52 53  00 00 29  13 53 23  00 05 30  13 58 53
     Source   Qual.
    M82                  H.A. +03 03 52           +03 56 52           +04 02 22
                         Dec  +71 41 06           +69 38 34           +69 38 34
  
    R.A.  09 55 52.1900  Az      -18.79              -23.83              -23.99
    Dec  +69 40 48.800   Elev    +45.47              +42.28              +41.82
                         Parallactic angle          +105.89             +104.48
  
  
  
 31 1048+717L             LST  13 58 53  00 00 30  13 59 23  00 00 30  13 59 53
     Source   Qual.
    1048+717             H.A. +04 02 22           +03 10 21           +03 10 51
                         Dec  +69 38 34           +71 41 06           +71 41 06
  
    R.A.  10 48 27.6199  Az      -23.99              -19.17              -19.19
    Dec  +71 43 35.938   Elev    +41.82              +45.03              +45.00
                         Parallactic angle          +120.08             +119.94
    
    
    
    
    
    
    
    
    
                           Page 8 prepared October 26, 2007 3:05:16 PM MDT

