                                 National Radio Astronomy Observatory VLA observing program AB1260
                          for day 61,123 beginning 12 30 01 LST, 2007.10.29 10:09:53 MST., Summary report
   
   
                                                                                                         Azimuth   Altitude  Parallac
                    Source  Cal      RA             DEC           HA      Start     Dwell     Stop       Beg  End  Beg End   Beg  End
-------------------------------------------------------------------------------------------------------------------------------------
  1 3C286dummy     3C286         13 31 08.2881 +30 30 32.960  -005459.9  12 32 59  00 07 01  12 40 01    102  104  +77 +78   -69  -68
  2 3C286C         3C286         13 31 08.2881 +30 30 32.960  -005038.9  12 40 21  00 01 00  12 41 21    104  105  +78 +78   -68  -67
  3 3C286X         3C286         13 31 08.2881 +30 30 32.960  -004918.9  12 41 41  00 01 00  12 42 41    105  105  +78 +79   -67  -67
  4 3C286L         3C286         13 31 08.2881 +30 30 32.960  -004758.9  12 43 01  00 01 00  12 44 01    106  106  +79 +79   -67  -67
  5 1048+717C      1048+717  A   10 48 27.6199 +71 43 35.938   015834.6  12 47 21  00 00 30  12 47 51    -13  -13  +49 +49   141  141
  6 M82C           M82           09 55 52.1900 +69 40 48.800   025505.2  12 48 21  00 06 30  12 54 50    -20  -20  +47 +46   123  121
  7 1048+717C      1048+717  A   10 48 27.6199 +71 43 35.938   020634.3  12 55 21  00 00 30  12 55 51    -14  -14  +48 +48   138  138
  8 1048+717X      1048+717  A   10 48 27.6199 +71 43 35.938   020724.3  12 56 11  00 00 30  12 56 41    -14  -14  +48 +48   138  138
  9 M82X           M82           09 55 52.1900 +69 40 48.800   030354.8  12 57 10  00 06 30  13 03 40    -21  -21  +46 +46   120  119
 10 1048+717X      1048+717  A   10 48 27.6199 +71 43 35.938   021523.7  13 04 10  00 00 30  13 04 40    -15  -15  +48 +48   136  135
 11 1048+717L      1048+717  A   10 48 27.6199 +71 43 35.938   021613.7  13 05 00  00 00 30  13 05 30    -15  -15  +48 +48   135  135
 12 M82L           M82           09 55 52.1900 +69 40 48.800   031229.0  13 06 00  00 06 00  13 12 00    -21  -22  +46 +45   118  116
 13 1048+717L      1048+717  A   10 48 27.6199 +71 43 35.938   022342.9  13 12 29  00 00 30  13 12 59    -15  -16  +47 +47   133  133
 14 1048+717C      1048+717  A   10 48 27.6199 +71 43 35.938   022432.9  13 13 19  00 00 30  13 13 49    -16  -16  +47 +47   133  133
 15 M82C           M82           09 55 52.1900 +69 40 48.800   032033.0  13 14 18  00 05 30  13 19 49    -22  -22  +45 +45   116  114
 16 1048+717C      1048+717  A   10 48 27.6199 +71 43 35.938   023131.7  13 20 18  00 00 30  13 20 48    -16  -16  +47 +47   131  131
 17 1048+717X      1048+717  A   10 48 27.6199 +71 43 35.938   023221.7  13 21 08  00 00 30  13 21 38    -16  -16  +47 +47   130  130
 18 M82X           M82           09 55 52.1900 +69 40 48.800   032821.7  13 22 07  00 05 31  13 27 38    -22  -22  +44 +44   114  112
 19 1048+717X      1048+717  A   10 48 27.6199 +71 43 35.938   023920.2  13 28 07  00 00 30  13 28 37    -17  -17  +47 +47   128  128
 20 1048+717L      1048+717  A   10 48 27.6199 +71 43 35.938   024010.2  13 28 57  00 00 30  13 29 27    -17  -17  +47 +46   128  128
 21 M82L           M82           09 55 52.1900 +69 40 48.800   033610.1  13 29 55  00 05 31  13 35 26    -22  -23  +44 +43   112  110
 22 1048+717L      1048+717  A   10 48 27.6199 +71 43 35.938   024708.7  13 35 55  00 00 30  13 36 25    -17  -17  +46 +46   126  126
 23 1048+717C      1048+717  A   10 48 27.6199 +71 43 35.938   024758.7  13 36 45  00 00 30  13 37 15    -17  -17  +46 +46   126  126
 24 M82C           M82           09 55 52.1900 +69 40 48.800   034358.6  13 37 44  00 05 31  13 43 15    -23  -23  +43 +43   109  108
 25 1048+717C      1048+717  A   10 48 27.6199 +71 43 35.938   025457.7  13 43 44  00 00 30  13 44 14    -18  -18  +46 +46   124  124
 26 1048+717X      1048+717  A   10 48 27.6199 +71 43 35.938   025547.7  13 44 34  00 00 30  13 45 04    -18  -18  +46 +45   124  124
 27 M82X           M82           09 55 52.1900 +69 40 48.800   035147.8  13 45 33  00 05 30  13 51 04    -23  -23  +42 +42   107  106
 28 1048+717X      1048+717  A   10 48 27.6199 +71 43 35.938   030247.0  13 51 33  00 00 30  13 52 03    -18  -18  +45 +45   122  122
 29 1048+717L      1048+717  A   10 48 27.6199 +71 43 35.938   030337.0  13 52 23  00 00 30  13 52 53    -18  -18  +45 +45   122  121
 30 M82L           M82           09 55 52.1900 +69 40 48.800   035937.3  13 53 23  00 05 30  13 58 53    -23  -23  +42 +41   105  104
 31 1048+717L      1048+717  A   10 48 27.6199 +71 43 35.938   031036.7  13 59 23  00 00 30  13 59 53    -19  -19  +45 +45   120  119
    
    
    
    
    
    
    
    
    
    
    
                           Page 1 prepared October 26, 2007 3:05:12 PM MDT

