        1     3050.00     0.00000  0.000
        2     3100.00     0.02000  0.009
        3     3150.00     0.07700  0.028
        4     3200.00     0.13500  0.071
        5     3250.00     0.20400  0.127
        6     3300.00     0.28200  0.208
        7     3350.00     0.38500  0.307
        8     3400.00     0.49300  0.415
        9     3450.00     0.60000  0.524
       10     3500.00     0.70500  0.632
       11     3550.00     0.82000  0.740
       12     3600.00     0.90000  0.840
       13     3650.00     0.95900  0.929
       14     3700.00     0.99300  0.995
       15     3750.00     1.00000  0.990
       16     3800.00     0.97500  0.830
       17     3850.00     0.85000  0.613
       18     3900.00     0.64500  0.406
       19     3950.00     0.40000  0.212
       20     4000.00     0.22300  0.090
       21     4050.00     0.12500  0.033
       22     4100.00     0.05700  0.014
       23     4150.00     0.00500  0.000
       24     4200.00     0.00000  0.000


        1     3600.00     0.00000  0.000
        2     3650.00     0.00600  0.006
        3     3700.00     0.02300  0.023
        4     3750.00     0.04500  0.045
        5     3800.00     0.10600  0.106
        6     3850.00     0.25400  0.254
        7     3900.00     0.49200  0.492
        8     3950.00     0.75200  0.752
        9     4000.00     0.88100  0.881
       10     4050.00     0.92300  0.923
       11     4100.00     0.95500  0.955
       12     4150.00     0.97700  0.977
       13     4200.00     0.99000  0.990
       14     4250.00     1.00000  1.000
       15     4300.00     1.00000  1.000
       16     4350.00     0.99700  0.997
       17     4400.00     0.98400  0.984
       18     4450.00     0.95800  0.958
       19     4500.00     0.91600  0.916
       20     4550.00     0.87100  0.871
       21     4600.00     0.82000  0.820
       22     4650.00     0.77500  0.775
       23     4700.00     0.72300  0.723
       24     4750.00     0.67200  0.672
       25     4800.00     0.61700  0.617
       26     4850.00     0.56900  0.569
       27     4900.00     0.51100  0.511
       28     4950.00     0.45700  0.457
       29     5000.00     0.40200  0.402
       30     5050.00     0.34700  0.347
       31     5100.00     0.29900  0.299
       32     5150.00     0.24400  0.244
       33     5200.00     0.19900  0.199
       34     5250.00     0.15400  0.154
       35     5300.00     0.11300  0.113
       36     5350.00     0.08400  0.084
       37     5400.00     0.05100  0.510
       38     5450.00     0.02900  0.029
       39     5500.00     0.01000  0.010
       40     5550.00     0.00000  0.000


        1     4750.00     0.00000  0.000
        2     4800.00     0.03000  0.030
        3     4850.00     0.08400  0.084
        4     4900.00     0.16300  0.163
        5     4950.00     0.30100  0.301
        6     5000.00     0.45800  0.458 
        7     5050.00     0.63000  0.630
        8     5100.00     0.78000  0.780
        9     5150.00     0.89500  0.895
       10     5200.00     0.96700  0.967
       11     5250.00     0.99700  0.997
       12     5300.00     1.00000  1.000
       13     5350.00     0.98800  0.998
       14     5400.00     0.95800  0.958
       15     5450.00     0.91900  0.919
       16     5500.00     0.87700  0.877
       17     5550.00     0.81900  0.819
       18     5600.00     0.76500  0.765
       19     5650.00     0.71100  0.711
       20     5700.00     0.65700  0.657
       21     5750.00     0.60200  0.602
       22     5800.00     0.54500  0.545
       23     5850.00     0.48800  0.488
       24     5900.00     0.43400  0.434
       25     5950.00     0.38600  0.386
       26     6000.00     0.33100  0.331
       27     6050.00     0.28900  0.289
       28     6100.00     0.25000  0.250
       29     6150.00     0.21400  0.214
       30     6200.00     0.18100  0.181
       31     6250.00     0.15100  0.151
       32     6300.00     0.12000  0.120
       33     6350.00     0.09300  0.093
       34     6400.00     0.06900  0.069
       35     6450.00     0.05100  0.051
       36     6500.00     0.03600  0.036
       37     6550.00     0.02700  0.027
       38     6600.00     0.02100  0.021
       39     6650.00     0.01800  0.018
       40     6700.00     0.01600  0.016
       41     6750.00     0.01400  0.014
       42     6800.00     0.01200  0.012
       43     6850.00     0.01100  0.011
       44     6900.00     0.01000  0.010
       45     6950.00     0.00900  0.009
       46     7000.00     0.00800  0.008
       47     7050.00     0.00700  0.007
       48     7100.00     0.00600  0.006
       49     7150.00     0.00500  0.005
       50     7200.00     0.00400  0.004
       51     7250.00     0.00300  0.003
       52     7300.00     0.00200  0.002
       53     7350.00     0.00100  0.001
       54     7400.00     0.00000  0.000



        1     6800.00     0.00000  0.000
        2     7000.00     0.01000  0.010
        3     7200.00     0.17000  0.170
        4     7400.00     0.36000  0.360
        5     7600.00     0.56000  0.560
        6     7800.00     0.76000  0.760
        7     8000.00     0.96000  0.960
        8     8200.00     0.98000  0.980
        9     8400.00     0.99000  0.990
       10     8600.00     1.00000  1.000
       11     8800.00     0.98000  0.980
       12     9000.00     0.93000  0.930
       13     9200.00     0.84000  0.840
       14     9400.00     0.71000  0.710
       15     9600.00     0.58000  0.580
       16     9800.00     0.47000  0.470
       17    10000.00     0.36000  0.360
       18    10200.00     0.28000  0.280
       19    10400.00     0.20000  0.200
       20    10600.00     0.15000  0.150
       21    10800.00     0.10000  0.100
       22    11000.00     0.08000  0.080
       23    11200.00     0.05000  0.050
       24    11400.00     0.03000  0.030
       25    11600.00     0.02000  0.020
       26    12000.00     0.00000  0.000
