9.9278E+1	2.0712E-2
1.0060E+2	3.3784E-2
1.0193E+2	2.6454E-2
1.0325E+2	7.5264E-2
1.0457E+2	5.1377E-2
1.0590E+2	-2.4627E-2
1.0722E+2	4.4268E-2
1.0854E+2	5.8234E-2
1.0987E+2	1.4251E-3
1.1119E+2	-4.1893E-3
1.1251E+2	1.6345E-2
1.1384E+2	3.7535E-2
1.1516E+2	3.5346E-2
1.1649E+2	5.0060E-3
1.1781E+2	9.6176E-3
1.1913E+2	3.9327E-2
1.2046E+2	1.3898E-2
1.2178E+2	4.6054E-2
1.2310E+2	4.7673E-2
1.2443E+2	1.7943E-2
1.2575E+2	3.5942E-2
1.2708E+2	-1.7949E-2
1.2840E+2	2.2206E-2
1.2972E+2	5.6598E-2
1.3105E+2	6.4469E-4
1.3237E+2	-3.0512E-3
1.3369E+2	1.9077E-2
1.3502E+2	1.0428E-2
1.3634E+2	2.3908E-2
1.3767E+2	2.2867E-2
1.3899E+2	-6.0309E-4
1.4031E+2	2.3210E-2
1.4164E+2	1.8003E-2
1.4296E+2	6.9609E-3
1.4428E+2	-9.7992E-4
1.4561E+2	6.7033E-3
1.4693E+2	3.1066E-3
1.4826E+2	6.1731E-3
1.4958E+2	3.8152E-2
1.5090E+2	3.8702E-2
1.5223E+2	1.7307E-2
1.5355E+2	5.2176E-3
1.5487E+2	3.0621E-2
1.5620E+2	4.3424E-2
1.5752E+2	1.2911E-2
1.5884E+2	4.4242E-3
1.6017E+2	1.4340E-2
1.6149E+2	-4.4539E-3
1.6282E+2	6.3819E-3
1.6414E+2	2.4176E-2
1.6546E+2	7.5266E-3
1.6679E+2	8.6044E-3
1.6811E+2	2.8863E-2
1.6943E+2	3.5058E-2
1.7076E+2	2.4068E-2
1.7208E+2	9.2615E-3
1.7341E+2	2.6306E-3
1.7473E+2	-7.9312E-3
1.7605E+2	3.9597E-3
1.7738E+2	2.1117E-2
1.7870E+2	1.1806E-2
1.8002E+2	-2.0364E-3
1.8135E+2	-3.0785E-4
1.8267E+2	9.6969E-3
1.8400E+2	3.2889E-2
1.8532E+2	5.1346E-2
1.8664E+2	3.1626E-2
1.8797E+2	3.0167E-2
1.8929E+2	5.4937E-2
1.9061E+2	4.6863E-2
1.9194E+2	9.7314E-2
1.9326E+2	1.3387E-1
1.9458E+2	1.3802E-1
1.9591E+2	1.6747E-1
1.9723E+2	2.0877E-1
1.9856E+2	3.5688E-1
1.9988E+2	4.2008E-1
2.0120E+2	5.0653E-1
2.0253E+2	6.5879E-1
2.0385E+2	5.8915E-1
2.0517E+2	7.3674E-1
2.0650E+2	9.2383E-1
2.0782E+2	6.0886E-1
2.0915E+2	4.6689E-1
2.1047E+2	6.8417E-1
2.1179E+2	6.9202E-1
2.1312E+2	6.5206E-1
2.1444E+2	6.8594E-1
2.1576E+2	7.7775E-1
2.1709E+2	6.9005E-1
2.1841E+2	5.9638E-1
2.1974E+2	8.6826E-1
2.2106E+2	9.5357E-1
2.2238E+2	8.2162E-1
2.2371E+2	8.4713E-1
2.2503E+2	9.3946E-1
2.2635E+2	8.6455E-1
2.2768E+2	7.4568E-1
2.2900E+2	6.6722E-1
2.3032E+2	7.3760E-1
2.3165E+2	9.3295E-1
2.3297E+2	9.5433E-1
2.3430E+2	8.8201E-1
2.3562E+2	8.5261E-1
2.3694E+2	8.4200E-1
2.3827E+2	9.0154E-1
2.3959E+2	9.3994E-1
2.4091E+2	8.5099E-1
2.4224E+2	8.0971E-1
2.4356E+2	8.5160E-1
2.4489E+2	9.3656E-1
2.4621E+2	1.0000E+0
2.4753E+2	9.5237E-1
2.4886E+2	8.7750E-1
2.5018E+2	8.5779E-1
2.5150E+2	7.6120E-1
2.5283E+2	5.6958E-1
2.5415E+2	5.9444E-1
2.5548E+2	8.1626E-1
2.5680E+2	9.8410E-1
2.5812E+2	9.3356E-1
2.5945E+2	7.2049E-1
2.6077E+2	6.9234E-1
2.6209E+2	7.8346E-1
2.6342E+2	7.4734E-1
2.6474E+2	7.7169E-1
2.6606E+2	8.4005E-1
2.6739E+2	7.5897E-1
2.6871E+2	7.7924E-1
2.7004E+2	8.5483E-1
2.7136E+2	7.6115E-1
2.7268E+2	7.2670E-1
2.7401E+2	7.2906E-1
2.7533E+2	6.8469E-1
2.7665E+2	5.6910E-1
2.7798E+2	5.1336E-1
2.7930E+2	6.5324E-1
2.8063E+2	6.4593E-1
2.8195E+2	5.5027E-1
2.8327E+2	6.2851E-1
2.8460E+2	6.1985E-1
2.8592E+2	5.9288E-1
2.8724E+2	7.1433E-1
2.8857E+2	6.3924E-1
2.8989E+2	4.8811E-1
2.9122E+2	5.2803E-1
2.9254E+2	6.2556E-1
2.9386E+2	6.5217E-1
2.9519E+2	5.5697E-1
2.9651E+2	4.9711E-1
2.9783E+2	5.1779E-1
2.9916E+2	5.2386E-1
3.0048E+2	5.9918E-1
3.0180E+2	5.4061E-1
3.0313E+2	4.3260E-1
3.0445E+2	5.3052E-1
3.0578E+2	4.8621E-1
3.0710E+2	3.1752E-1
3.0842E+2	3.4818E-1
3.0975E+2	4.1893E-1
3.1107E+2	3.0628E-1
3.1239E+2	1.7550E-1
3.1372E+2	2.6549E-1
3.1504E+2	3.8002E-1
3.1637E+2	2.5810E-1
3.1769E+2	2.0439E-1
3.1901E+2	2.4074E-1
3.2034E+2	3.2837E-1
3.2166E+2	3.6818E-1
3.2298E+2	2.7807E-1
3.2431E+2	2.5616E-1
3.2563E+2	3.3107E-1
3.2696E+2	3.5458E-1
3.2828E+2	1.9752E-1
3.2960E+2	8.4702E-2
3.3093E+2	1.1948E-1
3.3225E+2	1.7181E-1
3.3357E+2	1.8438E-1
3.3490E+2	3.0997E-1
3.3622E+2	3.9561E-1
3.3754E+2	2.8467E-1
3.3887E+2	1.1687E-1
3.4019E+2	4.7039E-2
3.4152E+2	5.6070E-2
3.4284E+2	3.4125E-2
3.4416E+2	3.5580E-2
3.4549E+2	4.8992E-2
3.4681E+2	3.1047E-2
3.4813E+2	2.5938E-2
3.4946E+2	2.6466E-2
3.5078E+2	2.2892E-2
3.5211E+2	1.9039E-2
3.5343E+2	1.1695E-2
3.5475E+2	3.0999E-2
3.5608E+2	4.6699E-2
3.5740E+2	2.4344E-2
3.5872E+2	7.7544E-3
3.6005E+2	7.8685E-3
3.6137E+2	4.4839E-3
3.6270E+2	3.1529E-3
3.6402E+2	4.5586E-3
3.6534E+2	4.1583E-3
3.6667E+2	4.0086E-3
3.6799E+2	1.0720E-2
3.6931E+2	6.6384E-3
3.7064E+2	5.3704E-4
3.7196E+2	2.8368E-3
3.7329E+2	1.7524E-4
3.7461E+2	-2.8365E-4
3.7593E+2	1.2798E-4
3.7726E+2	7.6307E-4
3.7858E+2	2.3124E-4
3.7990E+2	-2.9891E-3
3.8123E+2	-1.7879E-3
3.8255E+2	-1.3959E-3
3.8387E+2	-7.8906E-4
3.8520E+2	-2.7230E-3
3.8652E+2	-3.9437E-3
3.8785E+2	-9.6568E-4
3.8917E+2	-4.4152E-4
3.9049E+2	-2.9363E-3
3.9182E+2	-2.0076E-3
3.9314E+2	-1.3547E-3
3.9446E+2	-4.9097E-4
3.9579E+2	-5.8333E-4
3.9711E+2	-2.6466E-3
3.9844E+2	-6.5588E-4
3.9976E+2	-2.3065E-3
4.0108E+2	-3.1147E-3
4.0241E+2	-4.6464E-4
4.0373E+2	3.0441E-4
4.0505E+2	1.0361E-3
4.0638E+2	-1.0214E-3
4.0770E+2	-1.9634E-3
4.0903E+2	-2.2030E-4
4.1035E+2	-1.0900E-3
4.1167E+2	7.8084E-5
4.1300E+2	1.0433E-3
4.1432E+2	-3.8677E-4
4.1564E+2	-9.1371E-5
4.1697E+2	-1.1236E-3
4.1829E+2	-1.9904E-4
4.1961E+2	2.3535E-4
4.2094E+2	-1.7544E-4
4.2226E+2	-1.2477E-3
4.2359E+2	-2.2505E-3
4.2491E+2	1.7780E-4
4.2623E+2	-5.9200E-4
4.2756E+2	-2.2158E-3
4.2888E+2	-8.6811E-4
4.3020E+2	-6.4776E-4
4.3153E+2	-2.4695E-3
4.3285E+2	-3.3728E-3
4.3418E+2	-1.9132E-3
4.3550E+2	-2.5118E-3
4.3682E+2	-1.7372E-3
4.3815E+2	-2.3077E-3
4.3947E+2	-2.8707E-3
4.4079E+2	-1.2726E-3
4.4212E+2	-1.1976E-3
4.4344E+2	-1.6644E-3
4.4477E+2	-1.8953E-3
4.4609E+2	-1.1716E-3
4.4741E+2	-1.0396E-3
4.4874E+2	-1.8514E-3
4.5006E+2	-1.9636E-3
4.5138E+2	-3.2070E-4
4.5271E+2	-5.2213E-4
4.5403E+2	-1.7049E-3
4.5535E+2	-1.8799E-3
4.5668E+2	-1.4519E-3
4.5800E+2	-6.7650E-4
4.5933E+2	1.3922E-4
4.6065E+2	7.0802E-4
4.6197E+2	3.5453E-5
4.6330E+2	-1.0207E-3
4.6462E+2	-4.5926E-4
4.6594E+2	4.5167E-4
4.6727E+2	1.0757E-3
4.6859E+2	1.2551E-3
4.6992E+2	-2.8071E-4
4.7124E+2	-2.0908E-3
4.7256E+2	-1.1248E-3
4.7389E+2	-1.0183E-3
4.7521E+2	-1.1821E-3
4.7653E+2	-2.5089E-4
4.7786E+2	-1.1487E-3
4.7918E+2	-8.2287E-4
4.8051E+2	7.6534E-4
4.8183E+2	2.5332E-4
4.8315E+2	7.6140E-4
4.8448E+2	-3.9436E-5
4.8580E+2	-1.8945E-3
4.8712E+2	1.1394E-4
4.8845E+2	2.0083E-4
4.8977E+2	-1.7877E-4
4.9109E+2	5.0635E-4
4.9242E+2	-4.4466E-5
4.9374E+2	-1.3529E-3
4.9507E+2	-2.4155E-3
4.9639E+2	-6.8785E-4
4.9771E+2	3.9530E-4
4.9904E+2	4.5745E-4
